0.000000000000000000e+00,2.469135802469135665e-01,9.876543209876542662e-01,2.222222222222222321e+00,3.950617283950617065e+00,6.172839506172840274e+00,8.888888888888889284e+00,1.209876543209876232e+01,1.580246913580246826e+01,2.000000000000000000e+01
0.000000000000000000e+00,2.477379987819446350e-01,9.909519951277785399e-01,2.229641989037501659e+00,3.963807980511114160e+00,6.193449969548616707e+00,8.918567956150006637e+00,1.213916194031528484e+01,1.585523192204445664e+01,2.006677790133751671e+01
0.000000000000000000e+00,2.485651699639553902e-01,9.942606798558215608e-01,2.237086529675598623e+00,3.977042719423286243e+00,6.214129249098886199e+00,8.948346118702394492e+00,1.217969332823381201e+01,1.590817087769314497e+01,2.013377876708038627e+01
0.000000000000000000e+00,2.493951029837451483e-01,9.975804119349805932e-01,2.244555926853706751e+00,3.990321647739922373e+00,6.234877574593630456e+00,8.978223707414827004e+00,1.222036004620350980e+01,1.596128659095968949e+01,2.020100334168336076e+01
0.000000000000000000e+00,2.502278070628005668e-01,1.000911228251202267e+00,2.252050263565205768e+00,4.003644913004809069e+00,6.255695176570015725e+00,9.008201054260823071e+00,1.226116254607722666e+01,1.601457965201923628e+01,2.026845237208684836e+01
0.000000000000000000e+00,2.510632914533977300e-01,1.004253165813590920e+00,2.259569623080579959e+00,4.017012663254363680e+00,6.276582286334944527e+00,9.038278492322319835e+00,1.230210128121648694e+01,1.606805065301745472e+01,2.033612660772521963e+01
0.000000000000000000e+00,2.519015654387051217e-01,1.007606261754820487e+00,2.267114088948346318e+00,4.030425047019281948e+00,6.297539135967628710e+00,9.068456355793385271e+00,1.234317670649654808e+01,1.612170018807712779e+01,2.040402680053511375e+01
0.000000000000000000e+00,2.527426383328867376e-01,1.010970553331546951e+00,2.274683744995980472e+00,4.043882213326187802e+00,6.318565958322168719e+00,9.098734979983921889e+00,1.238438927831144554e+01,1.617552885330475121e+01,2.047215370496382292e+01
0.000000000000000000e+00,2.535865194812055856e-01,1.014346077924822342e+00,2.282278675330850604e+00,4.057384311699289370e+00,6.339662987030140862e+00,9.129114701323402414e+00,1.242573945457907136e+01,1.622953724679715748e+01,2.054050807797765188e+01
0.000000000000000000e+00,2.544332182601276027e-01,1.017732873040510411e+00,2.289898964341148702e+00,4.070931492162041643e+00,6.360830456503191677e+00,9.159595857364594806e+00,1.246722769474625103e+01,1.628372596864816657e+01,2.060909067907033787e+01
0.000000000000000000e+00,2.552827440774256829e-01,1.021130976309702731e+00,2.297544696696831590e+00,4.084523905238810926e+00,6.382068601935643848e+00,9.190178786787326359e+00,1.250885445979385580e+01,1.633809562095524370e+01,2.067790227027148120e+01
0.000000000000000000e+00,2.561351063722843713e-01,1.024540425489137485e+00,2.305215957350559286e+00,4.098161701956549940e+00,6.403377659307110115e+00,9.220863829402237144e+00,1.255062021224193103e+01,1.639264680782619976e+01,2.074694361615503269e+01
0.000000000000000000e+00,2.569903146154045026e-01,1.027961258461618010e+00,2.312912831538640468e+00,4.111845033846472042e+00,6.424757865385113398e+00,9.251651326154561872e+00,1.259252541615481746e+01,1.644738013538588817e+01,2.081621548384776332e+01
0.000000000000000000e+00,2.578483783091087278e-01,1.031393513236434911e+00,2.320635404781978828e+00,4.125574052945739645e+00,6.446209457727719361e+00,9.282541619127915311e+00,1.263457053714632572e+01,1.650229621178295858e+01,2.088571864303780856e+01
0.000000000000000000e+00,2.587093069874469298e-01,1.034837227949787719e+00,2.328383762887022979e+00,4.139348911799150876e+00,6.467732674686175187e+00,9.313535051548091914e+00,1.267675604238489839e+01,1.655739564719660351e+01,2.095545386598320547e+01
0.000000000000000000e+00,2.595731102163022497e-01,1.038292440865208999e+00,2.336157991946720358e+00,4.153169763460835995e+00,6.489327755407557241e+00,9.344631967786881432e+00,1.271908240059880768e+01,1.661267905384334398e+01,2.102542192752048322e+01
0.000000000000000000e+00,2.604397975934970577e-01,1.041759190373988231e+00,2.343958178341473797e+00,4.167036761495952923e+00,6.510994939837427609e+00,9.375832713365895188e+00,1.276155008208135300e+01,1.666814704598381169e+01,2.109562360507326062e+01
0.000000000000000000e+00,2.613093787489001452e-01,1.045237514995600581e+00,2.351784408740101195e+00,4.180950059982402323e+00,6.532734468722503962e+00,9.407137634960404782e+00,1.280415955869610301e+01,1.672380023992960929e+01,2.116605967866091120e+01
0.000000000000000000e+00,2.621818633445332503e-01,1.048727453378133001e+00,2.359636770100799197e+00,4.194909813512532004e+00,6.554546583613332089e+00,9.438547080403196787e+00,1.284691130388212521e+01,1.677963925405012802e+01,2.123673093090719277e+01
0.000000000000000000e+00,2.630572610746785833e-01,1.052229044298714333e+00,2.367515349672107750e+00,4.208916177194857333e+00,6.576431526866966415e+00,9.470061398688430998e+00,1.288980579265924931e+01,1.683566470877942933e+01,2.130763814704896930e+01
0.000000000000000000e+00,2.639355816659867404e-01,1.055742326663946962e+00,2.375420234993880886e+00,4.222969306655787847e+00,6.598389541649670065e+00,9.501680939975523543e+00,1.293284350163334828e+01,1.689187722662315139e+01,2.137878211494492575e+01
0.000000000000000000e+00,2.648168348775843395e-01,1.059267339510337358e+00,2.383351513898259277e+00,4.237069358041349432e+00,6.620420871939608709e+00,9.533406055593037109e+00,1.297602490900162842e+01,1.694827743216539773e+01,2.145016362508432906e+01
0.000000000000000000e+00,2.657010305011827667e-01,1.062804122004731067e+00,2.391309274510645011e+00,4.251216488018924267e+00,6.642525762529570166e+00,9.565237098042580044e+00,1.301935049455795124e+01,1.700486595207569707e+01,2.152178347059580332e+01
0.000000000000000000e+00,2.665881783611869782e-01,1.066352713444747913e+00,2.399293605250683026e+00,4.265410853778991651e+00,6.664704459029675121e+00,9.597174421002732103e+00,1.306282073969815904e+01,1.706164341511596660e+01,2.159364244725614412e+01
0.000000000000000000e+00,2.674782883148045798e-01,1.069913153259218319e+00,2.407304594833241662e+00,4.279652613036873277e+00,6.686957207870116271e+00,9.629218379332966649e+00,1.310643612742542174e+01,1.711861045214749311e+01,2.166574135349917185e+01
0.000000000000000000e+00,2.683713702521552946e-01,1.073485481008621178e+00,2.415342332269397652e+00,4.293941924034484714e+00,6.709284256303883254e+00,9.661369329077590606e+00,1.315019714235560677e+01,1.717576769613793886e+01,2.173808099042457798e+01
0.000000000000000000e+00,2.692674340963808755e-01,1.077069736385523502e+00,2.423406906867428212e+00,4.308278945542094007e+00,6.731685852409523108e+00,9.693627627469712849e+00,1.319410427072266145e+01,1.723311578216837603e+01,2.181066216180685302e+01
0.000000000000000000e+00,2.701664898037556273e-01,1.080665959215022509e+00,2.431498408233800923e+00,4.322663836860090036e+00,6.754162245093892736e+00,9.725993632935203692e+00,1.323815800038402379e+01,1.729065534744036015e+01,2.188348567410420742e+01
0.000000000000000000e+00,2.710685473637965415e-01,1.084274189455186166e+00,2.439616926274168929e+00,4.337096757820744664e+00,6.776713684094914925e+00,9.758467705096675715e+00,1.328235882082602792e+01,1.734838703128297865e+01,2.195655233646752080e+01
0.000000000000000000e+00,2.719736167993747067e-01,1.087894467197498827e+00,2.447762551194372804e+00,4.351577868789995307e+00,6.799340419984368999e+00,9.791050204777491217e+00,1.332670722316935930e+01,1.740631147515998123e+01,2.202986296074935524e+01
0.000000000000000000e+00,2.728817081668265532e-01,1.091526832667306213e+00,2.455935373501439312e+00,4.366107330669224851e+00,6.822042704170665495e+00,9.823741494005757247e+00,1.337120370017449922e+01,1.746442932267689940e+01,2.210341836151295425e+01
0.000000000000000000e+00,2.737928315560654302e-01,1.095171326224261721e+00,2.464135484004589038e+00,4.380685304897046883e+00,6.844820788901637698e+00,9.856541936018356154e+00,1.341584874624720491e+01,1.752274121958818753e+01,2.217721935604130223e+01
0.000000000000000000e+00,2.747069970906939607e-01,1.098827988362775843e+00,2.472362973816245812e+00,4.395311953451103371e+00,6.867674927267350071e+00,9.889451895264983250e+00,1.346064285744400024e+01,1.758124781380441348e+01,2.225126676434621231e+01
0.000000000000000000e+00,2.756242149281163401e-01,1.102496859712465360e+00,2.480617934353047449e+00,4.409987438849861441e+00,6.890605373202910222e+00,9.922471737412189796e+00,1.350558653147769839e+01,1.763994975539944576e+01,2.232556140917742482e+01
0.000000000000000000e+00,2.765444952596513573e-01,1.106177981038605429e+00,2.488900457336862715e+00,4.424711924154421716e+00,6.913612381491285319e+00,9.955601829347450860e+00,1.355068026772291390e+01,1.769884769661768686e+01,2.240010411603176266e+01
0.000000000000000000e+00,2.774678483106455262e-01,1.109871393242582105e+00,2.497210634795810069e+00,4.439485572970328420e+00,6.936696207766138933e+00,9.988842539183240277e+00,1.359592456722162801e+01,1.775794229188131368e+01,2.247489571316229018e+01
0.000000000000000000e+00,2.783942843405866063e-01,1.113577137362346425e+00,2.505548559065279512e+00,4.454308549449385701e+00,6.959857108514666102e+00,1.002219423626111805e+01,1.364131993268873977e+01,1.781723419779754281e+01,2.254993703158751472e+01
0.000000000000000000e+00,2.793238136432177887e-01,1.117295254572871155e+00,2.513914322788960209e+00,4.469181018291484619e+00,6.983095341080445273e+00,1.005565729115584084e+01,1.368686686851766865e+01,1.787672407316593848e+01,2.262522890510064144e+01
0.000000000000000000e+00,2.802564465466521049e-01,1.121025786186608419e+00,2.522308018919868999e+00,4.484103144746433678e+00,7.006411163666303565e+00,1.008923207567947600e+01,1.373256588078595009e+01,1.793641257898573471e+01,2.270077217027882099e+01
0.000000000000000000e+00,2.811921934134868351e-01,1.124768773653947340e+00,2.530729740721382015e+00,4.499075094615789361e+00,7.029804835337172264e+00,1.012291896288552806e+01,1.377841747726085231e+01,1.799630037846315744e+01,2.277656766649243636e+01
0.000000000000000000e+00,2.821310646409191381e-01,1.128524258563676552e+00,2.539179581768272520e+00,4.514097034254706209e+00,7.053276616022980505e+00,1.015671832707309008e+01,1.382442216740503582e+01,1.805638813701882484e+01,2.285261623591445357e+01
0.000000000000000000e+00,2.830730706608611258e-01,1.132292282643444503e+00,2.547657635947750521e+00,4.529169130573778013e+00,7.076826766521529422e+00,1.019063054379100208e+01,1.387058046238219156e+01,1.811667652229511205e+01,2.292891872352975113e+01
0.000000000000000000e+00,2.840182219400561037e-01,1.136072887760224415e+00,2.556163997460505488e+00,4.544291551040897659e+00,7.100455548501404479e+00,1.022465598984202195e+01,1.391689287506274653e+01,1.817716620416359063e+01,2.300547597714454895e+01
0.000000000000000000e+00,2.849665289801945889e-01,1.139866115920778356e+00,2.564698760821751744e+00,4.559464463683113422e+00,7.124163224504866498e+00,1.025879504328700698e+01,1.396335992002953219e+01,1.823785785473245369e+01,2.308228884739576614e+01
0.000000000000000000e+00,2.859180023180313279e-01,1.143672009272125312e+00,2.573262020862281840e+00,4.574688037088501247e+00,7.147950057950783531e+00,1.029304808344912736e+01,1.400998211358353096e+01,1.829875214835400499e+01,2.315935818776053878e+01
0.000000000000000000e+00,2.868726525255019810e-01,1.147490610102007924e+00,2.581853872729518162e+00,4.589962440408031696e+00,7.171816313137550303e+00,1.032741549091807265e+01,1.405675997374959429e+01,1.835984976163212679e+01,2.323668485456565946e+01
0.000000000000000000e+00,2.878304902098409723e-01,1.151321960839363889e+00,2.590474411888568973e+00,4.605287843357455557e+00,7.195762255246026307e+00,1.036189764755427589e+01,1.410369402028220520e+01,1.842115137342982223e+01,2.331426970699712342e+01
0.000000000000000000e+00,2.887915260136990625e-01,1.155166104054796250e+00,2.599123734123292007e+00,4.620664416219185000e+00,7.219788150342478339e+00,1.039649493649316803e+01,1.415078477467125140e+01,1.848265766487674000e+01,2.339211360710962495e+01
0.000000000000000000e+00,2.897557706152618096e-01,1.159023082461047238e+00,2.607801935537356286e+00,4.636092329844188953e+00,7.243894265381546127e+00,1.043120774214942514e+01,1.419803276014782512e+01,1.854436931937675581e+01,2.347021741983620657e+01
0.000000000000000000e+00,2.907232347283679186e-01,1.162892938913471674e+00,2.616509112555311489e+00,4.651571755653886697e+00,7.268080868209199075e+00,1.046603645022124596e+01,1.424543850169002468e+01,1.860628702261554679e+01,2.354858201299780163e+01
0.000000000000000000e+00,2.916939291026285908e-01,1.166775716410514363e+00,2.625245361923657761e+00,4.667102865642057452e+00,7.292348227565716101e+00,1.050098144769463104e+01,1.429300252602879873e+01,1.866841146256822981e+01,2.362720825731291541e+01
0.000000000000000000e+00,2.926678645235469833e-01,1.170671458094187933e+00,2.634010780711923516e+00,4.682685832376751733e+00,7.316696613088676138e+00,1.053604312284769406e+01,1.434072536165380107e+01,1.873074332950700693e+01,2.370609702640730987e+01
0.000000000000000000e+00,2.936450518126377807e-01,1.174580207250551123e+00,2.642805466313740581e+00,4.698320829002204491e+00,7.341126295315946848e+00,1.057122186525496232e+01,1.438860753881924914e+01,1.879328331600881796e+01,2.378524919682366345e+01
0.000000000000000000e+00,2.946255018275474868e-01,1.178502007310189947e+00,2.651629516447927770e+00,4.714008029240759790e+00,7.365637545688689336e+00,1.060651806579171108e+01,1.443664958954982502e+01,1.885603211696303916e+01,2.386466564803134816e+01
0.000000000000000000e+00,2.956092254621753290e-01,1.182436901848701316e+00,2.660483029159578017e+00,4.729747607394805264e+00,7.390230636554384169e+00,1.064193211663831207e+01,1.448485204764658896e+01,1.891899042957922106e+01,2.394434726243620304e+01
0.000000000000000000e+00,2.965962336467939942e-01,1.186384934587175977e+00,2.669366102821146391e+00,4.745539738348703906e+00,7.414905841169851186e+00,1.067746441128458557e+01,1.453321544869290349e+01,1.898215895339481563e+01,2.402429492539031486e+01
0.000000000000000000e+00,2.975865373481712539e-01,1.190346149392685016e+00,2.678278836133541230e+00,4.761384597570740063e+00,7.439663433704282625e+00,1.071311534453416492e+01,1.458174033006038783e+01,1.904553839028296025e+01,2.410450952520186974e+01
0.000000000000000000e+00,2.985801475696917007e-01,1.194320590278766803e+00,2.687221328127225473e+00,4.777282361115067211e+00,7.464503689242294016e+00,1.074888531250890189e+01,1.463042723091488995e+01,1.910912944446026884e+01,2.418499195314502970e+01
0.000000000000000000e+00,2.995770753514792051e-01,1.198308301405916820e+00,2.696193678163313123e+00,4.793233205623667281e+00,7.489426883786982181e+00,1.078477471265325249e+01,1.467927669222247999e+01,1.917293282249466913e+01,2.426574310346981989e+01
0.000000000000000000e+00,3.005773317705193182e-01,1.202309327082077273e+00,2.705195985934674141e+00,4.809237308328309091e+00,7.514433294262985008e+00,1.082078394373869656e+01,1.472828925675544376e+01,1.923694923331323636e+01,2.434676387341206549e+01
0.000000000000000000e+00,3.015809279407826726e-01,1.206323711763130690e+00,2.714228351467044220e+00,4.825294847052522762e+00,7.539523198519567870e+00,1.085691340586817688e+01,1.477746546909834713e+01,1.930117938821009105e+01,2.442805516320339621e+01
0.000000000000000000e+00,3.025878750133479400e-01,1.210351500053391760e+00,2.723290875120131904e+00,4.841406000213567040e+00,7.564696875333700277e+00,1.089316350048052762e+01,1.482680587565404728e+01,1.936562400085426816e+01,2.450961787608118669e+01
0.000000000000000000e+00,3.035981841765264533e-01,1.214392736706105813e+00,2.732383657588738579e+00,4.857570946824423253e+00,7.589954604413163608e+00,1.092953463035495432e+01,1.487631102464979449e+01,1.943028378729769301e+01,2.459145291829864632e+01
0.000000000000000000e+00,3.046118666559859411e-01,1.218447466623943765e+00,2.741506799903874025e+00,4.873789866495775058e+00,7.615296666399649972e+00,1.096602719961549610e+01,1.492598146614330901e+01,1.949515946598310023e+01,2.467356119913486268e+01
0.000000000000000000e+00,3.056289337148754837e-01,1.222515734859501935e+00,2.750660403433879519e+00,4.890062939438007739e+00,7.640723342871888590e+00,1.100264161373551808e+01,1.497581775202889531e+01,1.956025175775203095e+01,2.475594363090491612e+01
0.000000000000000000e+00,3.066493966539506344e-01,1.226597586615802538e+00,2.759844569885555821e+00,4.906390346463210150e+00,7.666234916348766859e+00,1.103937827954222328e+01,1.502582043604357764e+01,1.962556138585284060e+01,2.483860112897000150e+01
0.000000000000000000e+00,3.076732668116989311e-01,1.230693067246795724e+00,2.769059401305290713e+00,4.922772268987182898e+00,7.691831670292474499e+00,1.107623760522116285e+01,1.507599007377324440e+01,1.969108907594873159e+01,2.492153461174761730e+01
0.000000000000000000e+00,3.087005555644661281e-01,1.234802222257864512e+00,2.778305000080195430e+00,4.939208889031458050e+00,7.717513889111654812e+00,1.111322000032078172e+01,1.512632722265883700e+01,1.975683555612583220e+01,2.500474500072175843e+01
0.000000000000000000e+00,3.097312743265820956e-01,1.238925097306328382e+00,2.787581468939239304e+00,4.955700389225313529e+00,7.743281858164554166e+00,1.115032587575695722e+01,1.517683244200252091e+01,1.982280155690125412e+01,2.508823322045315507e+01
0.000000000000000000e+00,3.107654345504883286e-01,1.243061738201953315e+00,2.796888910954395513e+00,4.972246952807813258e+00,7.769135863762209659e+00,1.118755564381758205e+01,1.522750629297392599e+01,1.988898781123125303e+01,2.517200019858955784e+01
0.000000000000000000e+00,3.118030477268645129e-01,1.247212190907458051e+00,2.806227429541781060e+00,4.988848763629832206e+00,7.795076193171614598e+00,1.122490971816712424e+01,1.527834933861635847e+01,1.995539505451932882e+01,2.525604686587602643e+01
0.000000000000000000e+00,3.128441253847565884e-01,1.251376501539026354e+00,2.815597128462809629e+00,5.005506006156105414e+00,7.821103134618915931e+00,1.126238851385123851e+01,1.532936214385306961e+01,2.002202402462442166e+01,2.534037415616528222e+01
0.000000000000000000e+00,3.138886790917048697e-01,1.255554716366819479e+00,2.824998111825343994e+00,5.022218865467277915e+00,7.847216977292622353e+00,1.129999244730137598e+01,1.538054527549353523e+01,2.008887546186911166e+01,2.542498300642809284e+01
0.000000000000000000e+00,3.149367204538722764e-01,1.259746881815489106e+00,2.834430484084851098e+00,5.038987527261956423e+00,7.873418011346808854e+00,1.133772193633940439e+01,1.543189930223974038e+01,2.015595010904782569e+01,2.550987435676365678e+01
0.000000000000000000e+00,3.159882611161737853e-01,1.263953044464695141e+00,2.843894350045564234e+00,5.055812177858780565e+00,7.899706527904346132e+00,1.137557740018225694e+01,1.548342479469251209e+01,2.022324871143512226e+01,2.559504915041007678e+01
0.000000000000000000e+00,3.170433127624052716e-01,1.268173251049621086e+00,2.853389814861647888e+00,5.072693004198484346e+00,7.926082819060132678e+00,1.141355925944659155e+01,1.553512232535785564e+01,2.029077201679393738e+01,2.568050833375482966e+01
0.000000000000000000e+00,3.181018871153736272e-01,1.272407548461494509e+00,2.862916984038363033e+00,5.089630193845978035e+00,7.952547177884342844e+00,1.145166793615345213e+01,1.558699246865330501e+01,2.035852077538391214e+01,2.576625285634526819e+01
0.000000000000000000e+00,3.191639959370271007e-01,1.276655983748108403e+00,2.872475963433244406e+00,5.106623934992433611e+00,7.979099898425679349e+00,1.148990385373297762e+01,1.563903580091432488e+01,2.042649573996973444e+01,2.585228367089919743e+01
0.000000000000000000e+00,3.202296510285856379e-01,1.280918604114342552e+00,2.882066859257270686e+00,5.123674416457370207e+00,8.005741275714642669e+00,1.152826743702908274e+01,1.569125290040069132e+01,2.049469766582948083e+01,2.593860173331543706e+01
0.000000000000000000e+00,3.212988642306723319e-01,1.285195456922689328e+00,2.891689778076051098e+00,5.140781827690757311e+00,8.032471605766810185e+00,1.156675911230420439e+01,1.574364434730293993e+01,2.056312731076302924e+01,2.602520800268445811e+01
0.000000000000000000e+00,3.223716474234449847e-01,1.289486589693779939e+00,2.901344826811004918e+00,5.157946358775119755e+00,8.059291185586126005e+00,1.160537930724401967e+01,1.579621072374879986e+01,2.063178543510047902e+01,2.611210344129904470e+01
0.000000000000000000e+00,3.234480125267277240e-01,1.293792050106910896e+00,2.911032112740549849e+00,5.175168200427643583e+00,8.086200313168193432e+00,1.164412845096219939e+01,1.584895261380965437e+01,2.070067280171057433e+01,2.619928901466494509e+01
0.000000000000000000e+00,3.245279715001440080e-01,1.298111886000576032e+00,2.920751743501296627e+00,5.192447544002304127e+00,8.113199287503601198e+00,1.168300697400518651e+01,1.590187060350705295e+01,2.076979017600921651e+01,2.628676569151166831e+01
0.000000000000000000e+00,3.256115363432490750e-01,1.302446145372996300e+00,2.930503827089241842e+00,5.209784581491985200e+00,8.140288408581229262e+00,1.172201530835696737e+01,1.595496528081920218e+01,2.083913832596794080e+01,2.637453444380317791e+01
0.000000000000000000e+00,3.266987190956633924e-01,1.306794876382653570e+00,2.940288471860970976e+00,5.227179505530614279e+00,8.167467977391586587e+00,1.176115388744388390e+01,1.600823723568750268e+01,2.090871802212245711e+01,2.646259624674873834e+01
0.000000000000000000e+00,3.277895318372066047e-01,1.311158127348826419e+00,2.950105786534859664e+00,5.244632509395305675e+00,8.194738295930166672e+00,1.180042314613943866e+01,1.606168706002312163e+01,2.097853003758122270e+01,2.655095207881373653e+01
0.000000000000000000e+00,3.288839866880314267e-01,1.315535946752125707e+00,2.959955880192282951e+00,5.262143787008502827e+00,8.222099667200787110e+00,1.183982352076913180e+01,1.611531534771353691e+01,2.104857514803401131e+01,2.663960292173054611e+01
0.000000000000000000e+00,3.299820958087585354e-01,1.319928383235034142e+00,2.969838862278826763e+00,5.279713532940136567e+00,8.249552395218964662e+00,1.187935544911530705e+01,1.616912269462916285e+01,2.111885413176054627e+01,2.672854976050944131e+01
0.000000000000000000e+00,3.310838714006117400e-01,1.324335485602446960e+00,2.979754842605506049e+00,5.297341942409787841e+00,8.277096785015295666e+00,1.191901937042202420e+01,1.622310969862997254e+01,2.118936776963915136e+01,2.681779358344955000e+01
0.000000000000000000e+00,3.321893257055533732e-01,1.328757302822213493e+00,2.989703931349980692e+00,5.315029211288853972e+00,8.304733142638836441e+00,1.195881572539992277e+01,1.627727695957211296e+01,2.126011684515541589e+01,2.690733538214982445e+01
0.000000000000000000e+00,3.332984710064205158e-01,1.333193884025682063e+00,2.999686239057785198e+00,5.332775536102728253e+00,8.332461775160513895e+00,1.199874495623114079e+01,1.633162507931460183e+01,2.133110214441091301e+01,2.699717615152006545e+01
0.000000000000000000e+00,3.344113196270611099e-01,1.337645278508244440e+00,3.009701876643550378e+00,5.350581114032977759e+00,8.360282990676529025e+00,1.203880750657420151e+01,1.638615466172599255e+01,2.140232445613191103e+01,2.708731688979195340e+01
0.000000000000000000e+00,3.355278839324713491e-01,1.342111535729885397e+00,3.019750955392242364e+00,5.368446142919541586e+00,8.388197098311785282e+00,1.207900382156896946e+01,1.644086631269109233e+01,2.147378457167816634e+01,2.717775859853018261e+01
0.000000000000000000e+00,3.366481763289327911e-01,1.346592705315731164e+00,3.029833586960395397e+00,5.386370821262924657e+00,8.416204408223320499e+00,1.211933434784158159e+01,1.649576064011770171e+01,2.154548328505169863e+01,2.726850228264355636e+01
0.000000000000000000e+00,3.377722092641501916e-01,1.351088837056600767e+00,3.039949883377352169e+00,5.404355348226403066e+00,8.444305231603756567e+00,1.215979953350940868e+01,1.655083825394335406e+01,2.161742139290561227e+01,2.735954895039616730e+01
0.000000000000000000e+00,3.388999952273900607e-01,1.355599980909560243e+00,3.050099957046510823e+00,5.422399923638240971e+00,8.472499880684752682e+00,1.220039982818604329e+01,1.660609976614210836e+01,2.168959969455296388e+01,2.745089961341859564e+01
0.000000000000000000e+00,3.400315467496190514e-01,1.360126186998476205e+00,3.060283920746571518e+00,5.440504747993904822e+00,8.500788668740478116e+00,1.224113568298628607e+01,1.666154579073132780e+01,2.176201899197561929e+01,2.754255528671914277e+01
0.000000000000000000e+00,3.411668764036434598e-01,1.364667505614573839e+00,3.070501887632791860e+00,5.458670022458295357e+00,8.529171910091088549e+00,1.228200755053116744e+01,1.671717694377852581e+01,2.183468008983318143e+01,2.763451698869512541e+01
0.000000000000000000e+00,3.423059968042490575e-01,1.369223987216996230e+00,3.080753971238241462e+00,5.476895948867984920e+00,8.557649920106227270e+00,1.232301588495296585e+01,1.677299384340819799e+01,2.190758379547193968e+01,2.772678574114417316e+01
0.000000000000000000e+00,3.434489206083408130e-01,1.373795682433363252e+00,3.091040285475067595e+00,5.495182729733453009e+00,8.586223015208521048e+00,1.236416114190027038e+01,1.682899710980869656e+01,2.198073091893381203e+01,2.781936256927560436e+01
0.000000000000000000e+00,3.445956605150838348e-01,1.378382642060335339e+00,3.101360944635754624e+00,5.513530568241341356e+00,8.614891512877097313e+00,1.240544377854301850e+01,1.688518736523910491e+01,2.205412227296536543e+01,2.791224850172179117e+01
0.000000000000000000e+00,3.457462292660444803e-01,1.382984917064177921e+00,3.111716063394400766e+00,5.531939668256711684e+00,8.643655731651113783e+00,1.244686425357760307e+01,1.694156523403617598e+01,2.212775867302684674e+01,2.800544457054960645e+01
0.000000000000000000e+00,3.469006396453317986e-01,1.387602558581327195e+00,3.122105756807986410e+00,5.550410234325308778e+00,8.672515991133295188e+00,1.248842302723194564e+01,1.699813134262125303e+01,2.220164093730123511e+01,2.809895181127187413e+01
0.000000000000000000e+00,3.480589044797396947e-01,1.392235617918958779e+00,3.132530140317657530e+00,5.568942471675835115e+00,8.701472611993493089e+00,1.253012056127063012e+01,1.705488631950723999e+01,2.227576988670334046e+01,2.819277126285891555e+01
0.000000000000000000e+00,3.492210366388893150e-01,1.396884146555557260e+00,3.142989329750003780e+00,5.587536586222229040e+00,8.730525915972233264e+00,1.257195731900001512e+01,1.711183079530557194e+01,2.235014634488891616e+01,2.828690396775003535e+01
0.000000000000000000e+00,3.503870490353721001e-01,1.401548196141488400e+00,3.153483441318349456e+00,5.606192784565953602e+00,8.759676225884303946e+00,1.261393376527339782e+01,1.716896540273322813e+01,2.242477113826381441e+01,2.838135097186514244e+01
0.000000000000000000e+00,3.515569546248935584e-01,1.406227818499574234e+00,3.164012591624042248e+00,5.624911273998296934e+00,8.788923865622340514e+00,1.265605036649616899e+01,1.722629077661978059e+01,2.249964509599318774e+01,2.847611332461637801e+01
0.000000000000000000e+00,3.527307664064164849e-01,1.410923065625665940e+00,3.174576897657748642e+00,5.643692262502663759e+00,8.818269160160413733e+00,1.269830759063099457e+01,1.728380755391440360e+01,2.257476905001065504e+01,2.857119207891973645e+01
0.000000000000000000e+00,3.539084974223061786e-01,1.415633989689224714e+00,3.185176476800755996e+00,5.662535958756898857e+00,8.847712435557657074e+00,1.274070590720302398e+01,1.734151637369300047e+01,2.265014383502759543e+01,2.866658829120680352e+01
0.000000000000000000e+00,3.550901607584749931e-01,1.420360643033899972e+00,3.195811446826275048e+00,5.681442572135599889e+00,8.877254018961876270e+00,1.278324578730510019e+01,1.739941787716526989e+01,2.272577028854239956e+01,2.876230302143647322e+01
0.000000000000000000e+00,3.562757695445276096e-01,1.425103078178110438e+00,3.206481925900748653e+00,5.700412312712441754e+00,8.906894238613192627e+00,1.282592770360299461e+01,1.745751270768185037e+01,2.280164925084976701e+01,2.885833733310673921e+01
0.000000000000000000e+00,3.574653369539072534e-01,1.429861347815629014e+00,3.217188032585165836e+00,5.719445391262516054e+00,8.936633423847682778e+00,1.286875213034066334e+01,1.751580151074145419e+01,2.287778156505006422e+01,2.895469229326648986e+01
0.000000000000000000e+00,3.586588762040417433e-01,1.434635504816166973e+00,3.227929885836376300e+00,5.738542019264667893e+00,8.966471905101045081e+00,1.291171954334550520e+01,1.757428493399804381e+01,2.295416807705867157e+01,2.905136897252738493e+01
0.000000000000000000e+00,3.598564005564907076e-01,1.439425602225962830e+00,3.238707605008416479e+00,5.757702408903851321e+00,8.996410013912269577e+00,1.295483042003366592e+01,1.763296362726804034e+01,2.303080963561540528e+01,2.914836844507574654e+01
0.000000000000000000e+00,3.610579233170924662e-01,1.444231693268369865e+00,3.249521309853832474e+00,5.776926773073479460e+00,9.026448082927313266e+00,1.299808523941532989e+01,1.769183824253752491e+01,2.310770709229391784e+01,2.924569178868448915e+01
0.000000000000000000e+00,3.622634578361123014e-01,1.449053831344449206e+00,3.260371120525011435e+00,5.796215325377796823e+00,9.056586445902809146e+00,1.304148448210004574e+01,1.775090943396950038e+01,2.318486130151118729e+01,2.934334008472509936e+01
0.000000000000000000e+00,3.634730175083907278e-01,1.453892070033562911e+00,3.271257157575516938e+00,5.815568280134251644e+00,9.086825437709769915e+00,1.308502863030206775e+01,1.781017785791114250e+01,2.326227312053700658e+01,2.944131441817965111e+01
0.000000000000000000e+00,3.646866157734919844e-01,1.458746463093967938e+00,3.282179541961428360e+00,5.834985852375871751e+00,9.117165394337302331e+00,1.312871816784571344e+01,1.786964417290110418e+01,2.333994340950348700e+01,2.953961587765285302e+01
0.000000000000000000e+00,3.659042661158537491e-01,1.463617064463414996e+00,3.293138395042684241e+00,5.854468257853659985e+00,9.147606652896344670e+00,1.317255358017073696e+01,1.792930903967683065e+01,2.341787303141463994e+01,2.963824555538415595e+01
0.000000000000000000e+00,3.671259820649367955e-01,1.468503928259747182e+00,3.304133838584431437e+00,5.874015713038988729e+00,9.178149551623421942e+00,1.321653535433772575e+01,1.798917312118189926e+01,2.349606285215595491e+01,2.973720454725988205e+01
0.000000000000000000e+00,3.683517771953753739e-01,1.473407108781501496e+00,3.315165994758378698e+00,5.893628435126005982e+00,9.208794429884385124e+00,1.326066397903351479e+01,1.804923708257339143e+01,2.357451374050402393e+01,2.983649395282540695e+01
0.000000000000000000e+00,3.695816651271279785e-01,1.478326660508511914e+00,3.326234986144152028e+00,5.913306642034047655e+00,9.239541628178200128e+00,1.330493994457660811e+01,1.810950159122926451e+01,2.365322656813619062e+01,2.993611487529736692e+01
0.000000000000000000e+00,3.708156595256286714e-01,1.483262638102514686e+00,3.337340935730658487e+00,5.933050552410058742e+00,9.270391488140719005e+00,1.334936374292263395e+01,1.816996731675580179e+01,2.373220220964023497e+01,3.003606842157592638e+01
0.000000000000000000e+00,3.720537741019391276e-01,1.488215096407756510e+00,3.348483966917452204e+00,5.952860385631026041e+00,9.301344352548479577e+00,1.339393586766980881e+01,1.823063493099501287e+01,2.381144154252410416e+01,3.013635570225707028e+01
0.000000000000000000e+00,3.732960226129006243e-01,1.493184090451602497e+00,3.359664203516106173e+00,5.972736361806409988e+00,9.332400565322517494e+00,1.343865681406442469e+01,1.829150510803212626e+01,2.389094544722563995e+01,3.023697783164495334e+01
0.000000000000000000e+00,3.745424188612872518e-01,1.498169675445149007e+00,3.370881769751585377e+00,5.992678701780596029e+00,9.363560471532181850e+00,1.348352707900634151e+01,1.835257852420307145e+01,2.397071480712238412e+01,3.033793592776426706e+01
0.000000000000000000e+00,3.757929766959589024e-01,1.503171906783835610e+00,3.382136790263630566e+00,6.012687627135342439e+00,9.394824417398973893e+00,1.352854716105452226e+01,1.841385585810198222e+01,2.405075050854136975e+01,3.043923111237267420e+01
0.000000000000000000e+00,3.770477100120157021e-01,1.508190840048062809e+00,3.393429390108141597e+00,6.032763360192251234e+00,9.426192750300394607e+00,1.357371756043256639e+01,1.847533779058876391e+01,2.413105344076900494e+01,3.054086451097327171e+01
0.000000000000000000e+00,3.783066327509516658e-01,1.513226531003806663e+00,3.404759694758565214e+00,6.052906124015226652e+00,9.457665818773794086e+00,1.361903877903426086e+01,1.853702500479662874e+01,2.421162449606090661e+01,3.064283725282708559e+01
0.000000000000000000e+00,3.795697589008102391e-01,1.518279035603240956e+00,3.416127830107292151e+00,6.073116142412963825e+00,9.489243972520256420e+00,1.366451132042916861e+01,1.859891818613969861e+01,2.429246456965185530e+01,3.074515047096562981e+01
0.000000000000000000e+00,3.808371024963393969e-01,1.523348409985357588e+00,3.427533922467054683e+00,6.093393639941430351e+00,9.520927562408486367e+00,1.371013568986821873e+01,1.866101802232062568e+01,2.437357455976572140e+01,3.084780530220349348e+01
0.000000000000000000e+00,3.821086776191476853e-01,1.528434710476590741e+00,3.438978098572329500e+00,6.113738841906362964e+00,9.552716940478694241e+00,1.375591239428931800e+01,1.872332520333823425e+01,2.445495536762545186e+01,3.095080288715096373e+01
0.000000000000000000e+00,3.833844983978607068e-01,1.533537993591442827e+00,3.450460485580746806e+00,6.134151974365771309e+00,9.584612459946519891e+00,1.380184194232298722e+01,1.878584042149516975e+01,2.453660789746308524e+01,3.105414437022671947e+01
0.000000000000000000e+00,3.846645790082780514e-01,1.538658316033112206e+00,3.461981211074502962e+00,6.154633264132448822e+00,9.616614475206953117e+00,1.384792484429801185e+01,1.884856437140562235e+01,2.461853305652979529e+01,3.115783089967052533e+01
0.000000000000000000e+00,3.859489336735306142e-01,1.543795734694122457e+00,3.473540403061775805e+00,6.175182938776489827e+00,9.648723341838266521e+00,1.389416161224710322e+01,1.891149775000299726e+01,2.470073175510595931e+01,3.126186362755598225e+01
0.000000000000000000e+00,3.872375766642392469e-01,1.548950306656956988e+00,3.485138189978153278e+00,6.195801226627827951e+00,9.680939416605982117e+00,1.394055275991261311e+01,1.897464125654771649e+01,2.478320490651131180e+01,3.136624370980337773e+01
0.000000000000000000e+00,3.885305222986723539e-01,1.554122089194689416e+00,3.496774700688051851e+00,6.216488356778757662e+00,9.713263057466811290e+00,1.398709880275220740e+01,1.903799559263494245e+01,2.486595342711503065e+01,3.147097230619246488e+01
0.000000000000000000e+00,3.898277849429061526e-01,1.559311139771624610e+00,3.508450064486155373e+00,6.237244559086498441e+00,9.745694623572655146e+00,1.403380025794462149e+01,1.910156146220239748e+01,2.494897823634599376e+01,3.157605058037539791e+01
0.000000000000000000e+00,3.911293790109831581e-01,1.564517516043932632e+00,3.520164411098848589e+00,6.258070064175730529e+00,9.778234475274580006e+00,1.408065764439539436e+01,1.916533957153816914e+01,2.503228025670292212e+01,3.168147969988963553e+01
0.000000000000000000e+00,3.924353189650731100e-01,1.569741275860292440e+00,3.531917870685658656e+00,6.278965103441169759e+00,9.810882974126830192e+00,1.412767148274263462e+01,1.922933062928857950e+01,2.511586041376467904e+01,3.178726083617092613e+01
0.000000000000000000e+00,3.937456193156334550e-01,1.574982477262533820e+00,3.543710573840701539e+00,6.299929909050135279e+00,9.843640482890837262e+00,1.417484229536280615e+01,1.929353534646603663e+01,2.519971963620054112e+01,3.189339516456631074e+01
0.000000000000000000e+00,3.950602946215703848e-01,1.580241178486281539e+00,3.555542651594134185e+00,6.320964713945126157e+00,9.876507365539261230e+00,1.422217060637653674e+01,1.935795443645694647e+01,2.528385885578050463e+01,3.199988386434720411e+01
0.000000000000000000e+00,3.963793594904008732e-01,1.585517437961603493e+00,3.567414235413608470e+00,6.342069751846413972e+00,9.909483987260024662e+00,1.426965694165443388e+01,1.942258861502963896e+01,2.536827900738565589e+01,3.210672811872247223e+01
0.000000000000000000e+00,3.977028285784148243e-01,1.590811314313659297e+00,3.579325457205733585e+00,6.363245257254637188e+00,9.942570714460371661e+00,1.431730182882293434e+01,1.948743860034232256e+01,2.545298102901854875e+01,3.221392911485160226e+01
0.000000000000000000e+00,3.990307165908378861e-01,1.596122866363351545e+00,3.591276449317541086e+00,6.384491465453406178e+00,9.975767914770948153e+00,1.436510579727016435e+01,1.955250511295105298e+01,2.553796586181362471e+01,3.232148804385786889e+01
0.000000000000000000e+00,4.003630382819949318e-01,1.601452153127979727e+00,3.603267344537954830e+00,6.405808612511918909e+00,1.000907595704987507e+01,1.441306937815181932e+01,1.961778887581774811e+01,2.562323445004767564e+01,3.242940610084158948e+01
0.000000000000000000e+00,4.016998084554741499e-01,1.606799233821896600e+00,3.615298276099267571e+00,6.427196935287586399e+00,1.004249521138685530e+01,1.446119310439707029e+01,1.968329061431822780e+01,2.570878774115034560e+01,3.253768448489340415e+01
0.000000000000000000e+00,4.030410419642910802e-01,1.612164167857164321e+00,3.627369377678619777e+00,6.448656671428657283e+00,1.007602604910727884e+01,1.450947751071447911e+01,1.974901105625025721e+01,2.579462668571462913e+01,3.264632439910757711e+01
0.000000000000000000e+00,4.043867537110541477e-01,1.617547014844216591e+00,3.639480783399487773e+00,6.470188059376866363e+00,1.010966884277635636e+01,1.455792313359795109e+01,1.981495093184165057e+01,2.588075223750746545e+01,3.275532705059539040e+01
0.000000000000000000e+00,4.057369586481299195e-01,1.622947834592519678e+00,3.651632627833169664e+00,6.491791338370078712e+00,1.014342396620324926e+01,1.460653051133267866e+01,1.988111097375836067e+01,2.596716535348031485e+01,3.286469365049852343e+01
0.000000000000000000e+00,4.070916717778094163e-01,1.628366687111237665e+00,3.663825046000285024e+00,6.513466748444950660e+00,1.017729179444523702e+01,1.465530018400114010e+01,1.994749191711265723e+01,2.605386699377980264e+01,3.297442541400256744e+01
0.000000000000000000e+00,4.084509081524745344e-01,1.633803632609898138e+00,3.676058173372271476e+00,6.535214530439592551e+00,1.021127270381186491e+01,1.470423269348908590e+01,2.001409449947124841e+01,2.614085812175837020e+01,3.308452356035044062e+01
0.000000000000000000e+00,4.098146828747658565e-01,1.639258731499063426e+00,3.688332145872892820e+00,6.557034925996253705e+00,1.024536707186914875e+01,1.475332858349157128e+01,2.008091946086352308e+01,2.622813970398501482e+01,3.319498931285603760e+01
0.000000000000000000e+00,4.111830110977496844e-01,1.644732044390998738e+00,3.700647099879747604e+00,6.578928177563994950e+00,1.027957527744374389e+01,1.480258839951899041e+01,2.014796754378973276e+01,2.631571271025597980e+01,3.330582389891772976e+01
0.000000000000000000e+00,4.125559080250871258e-01,1.650223632100348503e+00,3.713003172225784354e+00,6.600894528401394012e+00,1.031389770062718014e+01,1.485201268890313742e+01,2.021523949322926583e+01,2.640357811360557605e+01,3.341702855003205741e+01
0.000000000000000000e+00,4.139333889112026266e-01,1.655733555644810506e+00,3.725400500200823917e+00,6.622934222579242025e+00,1.034833472278006639e+01,1.490160200080329567e+01,2.028273605664892187e+01,2.649173689031696810e+01,3.352860450180741481e+01
0.000000000000000000e+00,4.153154690614533906e-01,1.661261876245813562e+00,3.737839221553080904e+00,6.645047504983254250e+00,1.038288672653633782e+01,1.495135688621232362e+01,2.035045798401121431e+01,2.658019001993301700e+01,3.364055299397772814e+01
0.000000000000000000e+00,4.167021638322999100e-01,1.666808655329199640e+00,3.750319474490699800e+00,6.667234621316798560e+00,1.041755409580749969e+01,1.500127789796279920e+01,2.041840602778269087e+01,2.666893848526719424e+01,3.375287527041629687e+01
0.000000000000000000e+00,4.180934886314760512e-01,1.672373954525904205e+00,3.762841397683284850e+00,6.689495818103616820e+00,1.045233721578690300e+01,1.505136559073313940e+01,2.048658094294232157e+01,2.675798327241446728e+01,3.386557257914956409e+01
0.000000000000000000e+00,4.194894589181606404e-01,1.677957835672642561e+00,3.775405130263445930e+00,6.711831342690570246e+00,1.048723647295401662e+01,1.510162052105378372e+01,2.055498348698986533e+01,2.684732537076228098e+01,3.397864617237101470e+01
0.000000000000000000e+00,4.208900902031489366e-01,1.683560360812595746e+00,3.788010811828340874e+00,6.734241443250382986e+00,1.052225225507872430e+01,1.515204324731336349e+01,2.062361441995429345e+01,2.693696577300153194e+01,3.409209730645506653e+01
0.000000000000000000e+00,4.222953980490251058e-01,1.689181592196100423e+00,3.800658582441226674e+00,6.756726368784401693e+00,1.055738495122563059e+01,1.520263432976490670e+01,2.069247450440222735e+01,2.702690547513760677e+01,3.420592724197103962e+01
0.000000000000000000e+00,4.237053980703354150e-01,1.694821592281341660e+00,3.813348582633019124e+00,6.779286369125366640e+00,1.059263495175838798e+01,1.525339433053207649e+01,2.076156450544643306e+01,2.711714547650146656e+01,3.432013724369716812e+01
0.000000000000000000e+00,4.251201059337610944e-01,1.700480423735044377e+00,3.826080953403850238e+00,6.801921694940177510e+00,1.062800264834402952e+01,1.530432381361540095e+01,2.083088519075429090e+01,2.720768677976071004e+01,3.443472858063464770e+01
0.000000000000000000e+00,4.265395373582930860e-01,1.706158149433172344e+00,3.838855836224638107e+00,6.824632597732689376e+00,1.066348843395732970e+01,1.535542334489855243e+01,2.090043733055635755e+01,2.729853039093075751e+01,3.454970252602173986e+01
0.000000000000000000e+00,4.279637081154062384e-01,1.711854832461624953e+00,3.851673373038656312e+00,6.847419329846499814e+00,1.069909270288515657e+01,1.540669349215462525e+01,2.097022169765489963e+01,2.738967731938599925e+01,3.466506035734790458e+01
0.000000000000000000e+00,4.293926340292346655e-01,1.717570536116938662e+00,3.864533706263112212e+00,6.870282144467754648e+00,1.073481585073086819e+01,1.545813482505244885e+01,2.104023906743249483e+01,2.748112857787101859e+01,3.478080335636801124e+01
0.000000000000000000e+00,4.308263309767477178e-01,1.723305323906990871e+00,3.877436978790729682e+00,6.893221295627963485e+00,1.077065827441869494e+01,1.550974791516291873e+01,2.111049021786063307e+01,2.757288518251185394e+01,3.489693280911656359e+01
0.000000000000000000e+00,4.322648148879262298e-01,1.729059259551704919e+00,3.890383333991336290e+00,6.916237038206819676e+00,1.080662037219815730e+01,1.556153333596534516e+01,2.118097592950837793e+01,2.766494815282727870e+01,3.501345000592202439e+01
0.000000000000000000e+00,4.337081017459394894e-01,1.734832406983757958e+00,3.903372915713455793e+00,6.939329627935031830e+00,1.084270254364848896e+01,1.561349166285382317e+01,2.125169698555102826e+01,2.775731851174012732e+01,3.513035624142109725e+01
0.000000000000000000e+00,4.351562075873230406e-01,1.740624830349292163e+00,3.916405868285907754e+00,6.962499321397168650e+00,1.087890518968307774e+01,1.566562347314363102e+01,2.132265417177882583e+01,2.784999728558867460e+01,3.524765281457317201e+01
0.000000000000000000e+00,4.366091485021567631e-01,1.746436594008627052e+00,3.929482336519411589e+00,6.985746376034508209e+00,1.091522871255392246e+01,1.571792934607764636e+01,2.139384827660567723e+01,2.794298550413803284e+01,3.536534102867469898e+01
0.000000000000000000e+00,4.380669406342435623e-01,1.752267762536974249e+00,3.942602465708192394e+00,7.009071050147896997e+00,1.095167351585609161e+01,1.577040986283276958e+01,2.146528009107792911e+01,2.803628420059158799e+01,3.548342219137373377e+01
0.000000000000000000e+00,4.395296001812886155e-01,1.758118400725154462e+00,3.955766401631597873e+00,7.032473602900617848e+00,1.098824000453221750e+01,1.582306560652639149e+01,2.153695040888313628e+01,2.812989441160247139e+01,3.560189761468437553e+01
0.000000000000000000e+00,4.409971433950798381e-01,1.763988573580319352e+00,3.968974290555718820e+00,7.055954294321277409e+00,1.102492858487699756e+01,1.587589716222287528e+01,2.160886002635890790e+01,2.822381717728510964e+01,3.572076861500146805e+01
0.000000000000000000e+00,4.424695865816680174e-01,1.769878346326672069e+00,3.982226279235012267e+00,7.079513385306688278e+00,1.106173966454170277e+01,1.592890511694004907e+01,2.168100974250172897e+01,2.831805354122675311e+01,3.584003651311510907e+01
0.000000000000000000e+00,4.439469461015481122e-01,1.775787784406192449e+00,3.995522514913933509e+00,7.103151137624769795e+00,1.109867365253870553e+01,1.598209005965573404e+01,2.175340035897585267e+01,2.841260455049907918e+01,3.595970263422540114e+01
0.000000000000000000e+00,4.454292383698412183e-01,1.781716953479364873e+00,4.008863145328571242e+00,7.126867813917459493e+00,1.113573095924603251e+01,1.603545258131428497e+01,2.182603268012221420e+01,2.850747125566983797e+01,3.607976830795713852e+01
0.000000000000000000e+00,4.469164798564765340e-01,1.787665919425906136e+00,4.022248318708289361e+00,7.150663677703624543e+00,1.117291199641191568e+01,1.608899327483315744e+01,2.189890751296734805e+01,2.860265471081449817e+01,3.620023486837460069e+01
0.000000000000000000e+00,4.484086870863748242e-01,1.793634748345499297e+00,4.035678183777373640e+00,7.174538993381997187e+00,1.121021717715937349e+01,1.614271273510949456e+01,2.197202566723236217e+01,2.869815597352798875e+01,3.632110365399636009e+01
0.000000000000000000e+00,4.499058766396317743e-01,1.799623506558527097e+00,4.049152889756686413e+00,7.198494026234108389e+00,1.124764691599079747e+01,1.619661155902674565e+01,2.204538795534195472e+01,2.879397610493643356e+01,3.644237600781017505e+01
0.000000000000000000e+00,4.514080651517023424e-01,1.805632260606809369e+00,4.062672586365321692e+00,7.222529042427237478e+00,1.128520162879256183e+01,1.625069034546128677e+01,2.211899519243340961e+01,2.889011616970894991e+01,3.656405327728789700e+01
0.000000000000000000e+00,4.529152693135853336e-01,1.811661077254341334e+00,4.076237423822268724e+00,7.246644309017365337e+00,1.132288173283963495e+01,1.630494969528907490e+01,2.219284819636567718e+01,2.898657723606946135e+01,3.668613681440041319e+01
0.000000000000000000e+00,4.544275058720091964e-01,1.817710023488036786e+00,4.089847552848083545e+00,7.270840093952147143e+00,1.136068764680023158e+01,1.635939021139233418e+01,2.226694778772844785e+01,2.908336037580858857e+01,3.680862797563274569e+01
0.000000000000000000e+00,4.559447916296179293e-01,1.823779166518471717e+00,4.103503124666562307e+00,7.295116666073886869e+00,1.139861979074045095e+01,1.641401249866624923e+01,2.234129478985127548e+01,2.918046666429554747e+01,3.693152812199905810e+01
0.000000000000000000e+00,4.574671434451578755e-01,1.829868573780631502e+00,4.117204291006420824e+00,7.319474295122526009e+00,1.143667858612894861e+01,1.646881716402568330e+01,2.241589002881272918e+01,2.927789718049010403e+01,3.705483861905779008e+01
0.000000000000000000e+00,4.589945782336646851e-01,1.835978312934658740e+00,4.130951204102982999e+00,7.343913251738634962e+00,1.147486445584161885e+01,1.652380481641193199e+01,2.249073433344956641e+01,2.937565300695453985e+01,3.717856083692684166e+01
0.000000000000000000e+00,4.605271129666517749e-01,1.842108451866607099e+00,4.144744016699866584e+00,7.368433807466428398e+00,1.151317782416629676e+01,1.657897606679946634e+01,2.256582853536593447e+01,2.947373522986571359e+01,3.730269615029880015e+01
0.000000000000000000e+00,4.620647646722987889e-01,1.848259058689195156e+00,4.158582882050689378e+00,7.393036234756780622e+00,1.155161911680747089e+01,1.663433152820275751e+01,2.264117346894263605e+01,2.957214493902712249e+01,3.742724593845620262e+01
0.000000000000000000e+00,4.636075504356402810e-01,1.854430201742561124e+00,4.172467953920762973e+00,7.417720806970244496e+00,1.159018876089100836e+01,1.668987181568305189e+01,2.271676997134636977e+01,2.967088322788097798e+01,3.755221158528686232e+01
0.000000000000000000e+00,4.651554873987562289e-01,1.860621949595024915e+00,4.186399386588806060e+00,7.442487798380099662e+00,1.162888718496890661e+01,1.674559754635522424e+01,2.279261888253904900e+01,2.976995119352039865e+01,3.767759447929925187e+01
0.000000000000000000e+00,4.667085927609622154e-01,1.866834371043848861e+00,4.200377334848660382e+00,7.467337484175395446e+00,1.166771481902405760e+01,1.680150933939464153e+01,2.286872104528714189e+01,2.986934993670158178e+01,3.780339601363793633e+01
0.000000000000000000e+00,4.682668837790003313e-01,1.873067535116001325e+00,4.214401954011003149e+00,7.492270140464005301e+00,1.170667209447501023e+01,1.685760781604401259e+01,2.294507730517101152e+01,2.996908056185602121e+01,3.792961758609902745e+01
0.000000000000000000e+00,4.698303777672312997e-01,1.879321511068925199e+00,4.228473399905082530e+00,7.517286044275700796e+00,1.174575944418078599e+01,1.691389359962033012e+01,2.302168851059433052e+01,3.006914417710280318e+01,3.805626059914573744e+01
0.000000000000000000e+00,4.713990920978267107e-01,1.885596368391306843e+00,4.242591828880440730e+00,7.542385473565227372e+00,1.178497730244566988e+01,1.697036731552176292e+01,2.309855551279350649e+01,3.016954189426090949e+01,3.818332645992396834e+01
0.000000000000000000e+00,4.729730442009619784e-01,1.891892176803847914e+00,4.256757397808658361e+00,7.567568707215391655e+00,1.182432610502405268e+01,1.702702959123463344e+01,2.317567916584713217e+01,3.027027482886156662e+01,3.831081658027792258e+01
0.000000000000000000e+00,4.745522515650097972e-01,1.898209006260039189e+00,4.270970264085089063e+00,7.592836025040156755e+00,1.186380628912524671e+01,1.708388105634035625e+01,2.325306032668547473e+01,3.037134410016062702e+01,3.843873237676579890e+01
0.000000000000000000e+00,4.761367317367350416e-01,1.904546926946940166e+00,4.285230585630616318e+00,7.618187707787760665e+00,1.190341829341837787e+01,1.714092234252246527e+01,2.333069985510001132e+01,3.047275083115104266e+01,3.856707527067554508e+01
0.000000000000000000e+00,4.777265023214892770e-01,1.910906009285957108e+00,4.299538520893404048e+00,7.643624037143828431e+00,1.194316255803723337e+01,1.719815408357361619e+01,2.340859861375297157e+01,3.057449614857531373e+01,3.869584668804063199e+01
0.000000000000000000e+00,4.793215809834063257e-01,1.917286323933625303e+00,4.313894228850657875e+00,7.669145295734501211e+00,1.198303952458516086e+01,1.725557691540263150e+01,2.348675746818690513e+01,3.067658118293800484e+01,3.882504805965591288e+01
0.000000000000000000e+00,4.809219854455989429e-01,1.923687941782395772e+00,4.328297869010390819e+00,7.694751767129583087e+00,1.202304963613997479e+01,1.731319147604156328e+01,2.356517728683434143e+01,3.077900706851833235e+01,3.895468082109351826e+01
0.000000000000000000e+00,4.825277334903554372e-01,1.930110933961421749e+00,4.342749601413199656e+00,7.720443735845686994e+00,1.206319333725888754e+01,1.737099840565279862e+01,2.364385894102741048e+01,3.088177494338274798e+01,3.908474641271879335e+01
0.000000000000000000e+00,4.841388429593371789e-01,1.936555371837348716e+00,4.357249586634035055e+00,7.746221487349394863e+00,1.210347107398343169e+01,1.742899834653614022e+01,2.372280330500751688e+01,3.098488594939757945e+01,3.921524627970631371e+01
0.000000000000000000e+00,4.857553317537769977e-01,1.943021327015107991e+00,4.371797985783993923e+00,7.772085308060431963e+00,1.214388329384442855e+01,1.748719194313597569e+01,2.380201125593507072e+01,3.108834123224172785e+01,3.934618187205594353e+01
0.000000000000000000e+00,4.873772178346784112e-01,1.949508871338713645e+00,4.386394960512106422e+00,7.798035485354854579e+00,1.218443044586696189e+01,1.754557984204842569e+01,2.388148367389923621e+01,3.119214194141941832e+01,3.947755464460895780e+01
0.000000000000000000e+00,4.890045192230143001e-01,1.956018076892057200e+00,4.401040673007129200e+00,7.824072307568228801e+00,1.222511298057535889e+01,1.760416269202851680e+01,2.396122144192769454e+01,3.129628923027291520e+01,3.960936605706415747e+01
0.000000000000000000e+00,4.906372539999280247e-01,1.962549015999712099e+00,4.415735285999352833e+00,7.850196063998848395e+00,1.226593134999820300e+01,1.766294114399741133e+01,2.404122544599646716e+01,3.140078425599539358e+01,3.974161757399416928e+01
0.000000000000000000e+00,4.922754403069338758e-01,1.969101761227735503e+00,4.430478962762404826e+00,7.876407044910942012e+00,1.230688600767334862e+01,1.772191585104961931e+01,2.412149657503975320e+01,3.150562817964376805e+01,3.987431066486164610e+01
0.000000000000000000e+00,4.939190963461188577e-01,1.975676385384475431e+00,4.445271867115070386e+00,7.902705541537901723e+00,1.234797740865297300e+01,1.778108746846028154e+01,2.420203572095982025e+01,3.161082216615160689e+01,4.000744680403563081e+01
0.000000000000000000e+00,4.955682403803446934e-01,1.982272961521378773e+00,4.460114163423102518e+00,7.929091846085515094e+00,1.238920600950861939e+01,1.784045665369241007e+01,2.428284377863688448e+01,3.171636738434206038e+01,4.014102747080792000e+01
0.000000000000000000e+00,4.972228907334509951e-01,1.988891562933803980e+00,4.475006016601059677e+00,7.955566251735215921e+00,1.243057226833627738e+01,1.790002406640423871e+01,2.436392164593909371e+01,3.182226500694086369e+01,4.027505414940953443e+01
0.000000000000000000e+00,4.988830657904586574e-01,1.995532263161834630e+00,4.489947592114128305e+00,7.982129052647338519e+00,1.247207664476146860e+01,1.795979036845651322e+01,2.444527022373247149e+01,3.192851621058935407e+01,4.040952832902715386e+01
0.000000000000000000e+00,5.005487839977742492e-01,2.002195135991096997e+00,4.504939055979969353e+00,8.008780543964387988e+00,1.251371959994435912e+01,1.801975622391987741e+01,2.452689041589093577e+01,3.203512217585755195e+01,4.054445150381972240e+01
0.000000000000000000e+00,5.022200638633951275e-01,2.008880255453580510e+00,4.519980574770556814e+00,8.035521021814322040e+00,1.255550159658488241e+01,1.807992229908222725e+01,2.460878312930636014e+01,3.214208408725728816e+01,4.067982517293501132e+01
0.000000000000000000e+00,5.038969239571148284e-01,2.015587695828459314e+00,4.535072315614034011e+00,8.062350783313837255e+00,1.259742309892787304e+01,1.814028926245613604e+01,2.469094927389862093e+01,3.224940313325534902e+01,4.081565084052630255e+01
0.000000000000000000e+00,5.055793829107291248e-01,2.022317531642916499e+00,4.550214446196561902e+00,8.089270126571665998e+00,1.263948457276822879e+01,1.820085778478624761e+01,2.477338976262571890e+01,3.235708050628666399e+01,4.095193001576905800e+01
0.000000000000000000e+00,5.072674594182438046e-01,2.029069837672975218e+00,4.565407134764194907e+00,8.116279350691900873e+00,1.268168648545609756e+01,1.826162853905677963e+01,2.485610551149394354e+01,3.246511740276760349e+01,4.108866421287775239e+01
0.000000000000000000e+00,5.089611722360820600e-01,2.035844688944328240e+00,4.580650550124738984e+00,8.143378755777312961e+00,1.272402930590205372e+01,1.832260220049895594e+01,2.493909743956801606e+01,3.257351502310925184e+01,4.122585495112264908e+01
0.000000000000000000e+00,5.106605401832924329e-01,2.042642160733169732e+00,4.595944861649632784e+00,8.170568642932678927e+00,1.276651350458231349e+01,1.838377944659853114e+01,2.502236646898132477e+01,3.268227457173071571e+01,4.136350375484668973e+01
0.000000000000000000e+00,5.123655821417585354e-01,2.049462328567034142e+00,4.611290239275827929e+00,8.197849314268136567e+00,1.280913955354396627e+01,1.844516095710331172e+01,2.510591352494616402e+01,3.279139725707254627e+01,4.150161215348244781e+01
0.000000000000000000e+00,5.140763170564087714e-01,2.056305268225635086e+00,4.626686853507679054e+00,8.225221072902540342e+00,1.285190792641022028e+01,1.850674741403071621e+01,2.518973953576402280e+01,3.290088429161016137e+01,4.164018168156911059e+01
0.000000000000000000e+00,5.157927639354260574e-01,2.063171055741704230e+00,4.642134875418834739e+00,8.252684222966816918e+00,1.289481909838565343e+01,1.856853950167533895e+01,2.527384543283587348e+01,3.301073689186726767e+01,4.177921387876951087e+01
0.000000000000000000e+00,5.175149418504603194e-01,2.070059767401841277e+00,4.657634476654143540e+00,8.280239069607365110e+00,1.293787354626151043e+01,1.863053790661657416e+01,2.535823215067254921e+01,3.312095627842946044e+01,4.191871028988728654e+01
0.000000000000000000e+00,5.192428699368393241e-01,2.076971479747357296e+00,4.673185829431554694e+00,8.307885918989429186e+00,1.298107174842098566e+01,1.869274331772621878e+01,2.544290062690512499e+01,3.323154367595771674e+01,4.205867246488399047e+01
0.000000000000000000e+00,5.209765673937820640e-01,2.083906269575128256e+00,4.688789106544039242e+00,8.335625078300513024e+00,1.302441418484455404e+01,1.875515642617615697e+01,2.552785180229531647e+01,3.334250031320205210e+01,4.219910195889634963e+01
0.000000000000000000e+00,5.227160534846110318e-01,2.090864213938444127e+00,4.704444481361499619e+00,8.363456855753776509e+00,1.306790133711527879e+01,1.881777792544599848e+01,2.561308662074593556e+01,3.345382742301510604e+01,4.234000033225349569e+01
0.000000000000000000e+00,5.244613475369676037e-01,2.097845390147870415e+00,4.720152127832708544e+00,8.391381560591481659e+00,1.311153368842419198e+01,1.888060851133083418e+01,2.569860602931140647e+01,3.356552624236592663e+01,4.248136915049437334e+01
0.000000000000000000e+00,5.262124689430258684e-01,2.104849875772103474e+00,4.735912220487232815e+00,8.419399503088413894e+00,1.315531172357564849e+01,1.894364888194893126e+01,2.578441097820826045e+01,3.367759801235365558e+01,4.262320998438509889e+01
0.000000000000000000e+00,5.279694371597082325e-01,2.111877748638832930e+00,4.751724934437374870e+00,8.447510994555331720e+00,1.319923592899270837e+01,1.900689973774949948e+01,2.587050242082569795e+01,3.379004397822132688e+01,4.276552440993636850e+01
0.000000000000000000e+00,5.297322717089020250e-01,2.118929086835608100e+00,4.767590445380118780e+00,8.475716347342432400e+00,1.324330679272255296e+01,1.907036178152047512e+01,2.595688131373619711e+01,3.390286538936972960e+01,4.290831400842107257e+01
0.000000000000000000e+00,5.315009921776758794e-01,2.126003968710703518e+00,4.783508929599083359e+00,8.504015874842814071e+00,1.328752480444189921e+01,1.913403571839633344e+01,2.604354861670611143e+01,3.401606349937125628e+01,4.305158036639174668e+01
0.000000000000000000e+00,5.332756182184975602e-01,2.133102472873990241e+00,4.799480563966477931e+00,8.532409891495960963e+00,1.333189045546244067e+01,1.919792225586591172e+01,2.613050529270637412e+01,3.412963956598384385e+01,4.319532507569830670e+01
0.000000000000000000e+00,5.350561695494524539e-01,2.140224678197809816e+00,4.815505525945072307e+00,8.560898712791239262e+00,1.337640423873631335e+01,1.926202210378028923e+01,2.621775230792316336e+01,3.424359485116495705e+01,4.333954973350564899e+01
0.000000000000000000e+00,5.368426659544625057e-01,2.147370663817850023e+00,4.831583993590163217e+00,8.589482655271400091e+00,1.342106664886156508e+01,1.932633597436065287e+01,2.630529063176865989e+01,3.435793062108560036e+01,4.348425594231146363e+01
0.000000000000000000e+00,5.386351272835063764e-01,2.154540509134025505e+00,4.847716145551558498e+00,8.618162036536102022e+00,1.346587818208766230e+01,1.939086458220623399e+01,2.639312123689180822e+01,3.447264814614440809e+01,4.362944530996401937e+01
0.000000000000000000e+00,5.404335734528393775e-01,2.161734293811357510e+00,4.863902161075555064e+00,8.646937175245430041e+00,1.351083933632098599e+01,1.945560864430222026e+01,2.648124509918912395e+01,3.458774870098172016e+01,4.377511944967999113e+01
0.000000000000000000e+00,5.422380244452150722e-01,2.168952097780860289e+00,4.880142220006936427e+00,8.675808391123441154e+00,1.355595061113037936e+01,1.952056888002774571e+01,2.656966319781553310e+01,3.470323356449376462e+01,4.392127998006242251e+01
0.000000000000000000e+00,5.440485003101078743e-01,2.176194001240431497e+00,4.896436502790971090e+00,8.704776004961725988e+00,1.360121250775269885e+01,1.958574601116388436e+01,2.665837651519527896e+01,3.481910401984690395e+01,4.406792852511873804e+01
0.000000000000000000e+00,5.458650211639344274e-01,2.183460084655737710e+00,4.912785190475410069e+00,8.733840338622950838e+00,1.364662552909836180e+01,1.965114076190164027e+01,2.674738603703277917e+01,3.493536135449180335e+01,4.421506671427869151e+01
0.000000000000000000e+00,5.476876071902787579e-01,2.190750428761115032e+00,4.929188464712509266e+00,8.763001715044460127e+00,1.369219017975697206e+01,1.971675385885003706e+01,2.683669275232365692e+01,3.505200686017784051e+01,4.436269618241258428e+01
0.000000000000000000e+00,5.495162786401155408e-01,2.198065114560462163e+00,4.945646507761040311e+00,8.792260458241848653e+00,1.373790696600288896e+01,1.978258603104416125e+01,2.692629765336565484e+01,3.516904183296739461e+01,4.451081856984935570e+01
0.000000000000000000e+00,5.513510558320349197e-01,2.205404223328139679e+00,4.962159502488314722e+00,8.821616893312558716e+00,1.378377639580087433e+01,1.984863800995325889e+01,2.701620173576970529e+01,3.528646757325023486e+01,4.465943552239482983e+01
0.000000000000000000e+00,5.531919591524692148e-01,2.212767836609876859e+00,4.978727632372224043e+00,8.851071346439507437e+00,1.382979897881173414e+01,1.991491052948889617e+01,2.710640599847098642e+01,3.540428538575802975e+01,4.480854869135001195e+01
0.000000000000000000e+00,5.550390090559189638e-01,2.220156036223675855e+00,4.995351081503271118e+00,8.880624144894703420e+00,1.387597522639797454e+01,1.998140432601308447e+01,2.719691144374002079e+01,3.552249657957881368e+01,4.495815973352943473e+01
0.000000000000000000e+00,5.568922260651792966e-01,2.227568904260717186e+00,5.012030034586613780e+00,8.910275617042868745e+00,1.392230565162948430e+01,2.004812013834645512e+01,2.728771907719378120e+01,3.564110246817147498e+01,4.510827031127952580e+01
0.000000000000000000e+00,5.587516307715698627e-01,2.235006523086279451e+00,5.028764676944129874e+00,8.940026092345117803e+00,1.396879076928924945e+01,2.011505870777651950e+01,2.737882990780691728e+01,3.576010436938047121e+01,4.525888209249715999e+01
0.000000000000000000e+00,5.606172438351618714e-01,2.242468975340647486e+00,5.045555194516457398e+00,8.969875901362589943e+00,1.401543109587905001e+01,2.018222077806582959e+01,2.747024494792292515e+01,3.587950360545035977e+01,4.540999675064811214e+01
0.000000000000000000e+00,5.624890859850086855e-01,2.249956343940034742e+00,5.062401773865079058e+00,8.999825375760138968e+00,1.406222714962522069e+01,2.024960709546031623e+01,2.756196521326542026e+01,3.599930150304055587e+01,4.556161596478570885e+01
0.000000000000000000e+00,5.643671780193755261e-01,2.257468712077502104e+00,5.079304602174380179e+00,9.029874848310008417e+00,1.410917945048439037e+01,2.031721840869752072e+01,2.765399172294939234e+01,3.611949939324003367e+01,4.571374141956941628e+01
0.000000000000000000e+00,5.662515408059709543e-01,2.265006163223883817e+00,5.096263867253739477e+00,9.060024652895535269e+00,1.415628852014927652e+01,2.038505546901495791e+01,2.774632549949257054e+01,3.624009861158214107e+01,4.586637480528365529e+01
0.000000000000000000e+00,5.681421952821790189e-01,2.272568781128716076e+00,5.113279757539611836e+00,9.090275124514864302e+00,1.420355488205447791e+01,2.045311903015844734e+01,2.783896756882676371e+01,3.636110049805945721e+01,4.601951781785650297e+01
0.000000000000000000e+00,5.700391624552906267e-01,2.280156649821162507e+00,5.130352462097615529e+00,9.120626599284650027e+00,1.425097906138226733e+01,2.052140984839046212e+01,2.793191896030923260e+01,3.648250639713860011e+01,4.617317215887854331e+01
0.000000000000000000e+00,5.719424634027385768e-01,2.287769853610954307e+00,5.147482170624647857e+00,9.151079414443817228e+00,1.429856158506846775e+01,2.058992868249859143e+01,2.802518070673418649e+01,3.660431765777526891e+01,4.632733953562183160e+01
0.000000000000000000e+00,5.738521192723309294e-01,2.295408477089323718e+00,5.164669073450978587e+00,9.181633908357294871e+00,1.434630298180827523e+01,2.065867629380391435e+01,2.811875384434420866e+01,3.672653563342917948e+01,4.648202166105880906e+01
0.000000000000000000e+00,5.757681512824855963e-01,2.303072605129942385e+00,5.181913361542370922e+00,9.212290420519769540e+00,1.439420378206214224e+01,2.072765344616948369e+01,2.821263941284178500e+01,3.684916168207907816e+01,4.663722025388133119e+01
0.000000000000000000e+00,5.776905807224668177e-01,2.310762322889867271e+00,5.199215226502201581e+00,9.243049291559469083e+00,1.444226451806167333e+01,2.079686090600880632e+01,2.830683845540086807e+01,3.697219716623787633e+01,4.679293703851981689e+01
0.000000000000000000e+00,5.796194289526218624e-01,2.318477715810487449e+00,5.216574860573596872e+00,9.273910863241949798e+00,1.449048572381554756e+01,2.086629944229438749e+01,2.840135201867846249e+01,3.709564345296779919e+01,4.694917374516236919e+01
0.000000000000000000e+00,5.815547174046170609e-01,2.326218869618468243e+00,5.233992456641553659e+00,9.304875478473872974e+00,1.453886793511542841e+01,2.093596982656621464e+01,2.849618115282623165e+01,3.721950191389549190e+01,4.710593210977398826e+01
0.000000000000000000e+00,5.834964675816777246e-01,2.333985870326710899e+00,5.251468208235099411e+00,9.335943481306843594e+00,1.458741168954194478e+01,2.100587283294039764e+01,2.859132691150220040e+01,3.734377392522737438e+01,4.726321387411589114e+01
0.000000000000000000e+00,5.854447010588257339e-01,2.341778804235302935e+00,5.269002309529431827e+00,9.367115216941211742e+00,1.463611752647064534e+01,2.107600923811772731e+01,2.868679035188245408e+01,3.746846086776484697e+01,4.742102078576488111e+01
0.000000000000000000e+00,5.873994394831195676e-01,2.349597757932478270e+00,5.286594955348077107e+00,9.398391031729913081e+00,1.468498598707799196e+01,2.114637982139230843e+01,2.878257253467285537e+01,3.759356412691965232e+01,4.757935459813268864e+01
0.000000000000000000e+00,5.893607045738953332e-01,2.357442818295581333e+00,5.304246341165058887e+00,9.429771273182325331e+00,1.473401761434738688e+01,2.121698536466023555e+01,2.887867452412086777e+01,3.771908509272930132e+01,4.773821707048553264e+01
0.000000000000000000e+00,5.913285181230076848e-01,2.365314072492030739e+00,5.321956663107068941e+00,9.461256289968122957e+00,1.478321295307519279e+01,2.128782665242827576e+01,2.897509738802736834e+01,3.784502515987249183e+01,4.789760996796361781e+01
0.000000000000000000e+00,5.933029019950716298e-01,2.373211607980286519e+00,5.339726117955645002e+00,9.492846431921146078e+00,1.483257254987679197e+01,2.135890447182258001e+01,2.907184219775850309e+01,3.797138572768458431e+01,4.805753506160080235e+01
0.000000000000000000e+00,5.952838781277061120e-01,2.381135512510824448e+00,5.357554903149354786e+00,9.524542050043297792e+00,1.488209695319265435e+01,2.143021961259741914e+01,2.916891002825759216e+01,3.809816820017319117e+01,4.821799412834419485e+01
0.000000000000000000e+00,5.972714685317773720e-01,2.389085874127109488e+00,5.375443216785996903e+00,9.556343496508437951e+00,1.493178671329443752e+01,2.150177286714398761e+01,2.926630195805708468e+01,3.822537398603375181e+01,4.837898895107397124e+01
0.000000000000000000e+00,5.992656952916438629e-01,2.397062781166575451e+00,5.393391257624795543e+00,9.588251124666301806e+00,1.498164238229110090e+01,2.157356503049918217e+01,2.936401906929054562e+01,3.835300449866520722e+01,4.854052131862316344e+01
0.000000000000000000e+00,6.012665805654010542e-01,2.405066322261604217e+00,5.411399225088610265e+00,9.620265289046416868e+00,1.503166451413502891e+01,2.164559690035444106e+01,2.946206244770464622e+01,3.848106115618566747e+01,4.870259302579748351e+01
0.000000000000000000e+00,6.032741465851282348e-01,2.413096586340512939e+00,5.429467319266154668e+00,9.652386345362051756e+00,1.508185366462820731e+01,2.171786927706461867e+01,2.956043318267127518e+01,3.860954538144820702e+01,4.886520587339538935e+01
0.000000000000000000e+00,6.052884156571349816e-01,2.421153662628539927e+00,5.447595740914215057e+00,9.684614650514159706e+00,1.513221039142837654e+01,2.179038296365686023e+01,2.965913236719960722e+01,3.873845860205663882e+01,4.902836166822793729e+01
0.000000000000000000e+00,6.073094101622098506e-01,2.429237640648839403e+00,5.465784691459888656e+00,9.716950562595357610e+00,1.518273525405524715e+01,2.186313876583955462e+01,2.975816109794827469e+01,3.886780225038143044e+01,4.919206222313899701e+01
0.000000000000000000e+00,6.093371525558677337e-01,2.437348610223470935e+00,5.484034373002809382e+00,9.749394440893883740e+00,1.523342881389669401e+01,2.193613749201123753e+01,2.985752047523751074e+01,3.899757776357553496e+01,4.935630935702528177e+01
0.000000000000000000e+00,6.113716653686005476e-01,2.445486661474402190e+00,5.502344988317405594e+00,9.781946645897608761e+00,1.528429163421501613e+01,2.200937995326962238e+01,2.995721160306142039e+01,3.912778658359043504e+01,4.952110489485664857e+01
0.000000000000000000e+00,6.134129712061274775e-01,2.453651884824509910e+00,5.520716740855148075e+00,9.814607539298039640e+00,1.533532428015318949e+01,2.208286696342059230e+01,3.005723558910024096e+01,3.925843015719215856e+01,4.968645066769632734e+01
0.000000000000000000e+00,6.154610927496453332e-01,2.461844370998581333e+00,5.539149834746808665e+00,9.847377483994325331e+00,1.538652731874113577e+01,2.215659933898723466e+01,3.015759354473261666e+01,3.938950993597730132e+01,4.985234851272127798e+01
0.000000000000000000e+00,6.175160527560811241e-01,2.470064211024324496e+00,5.557644474804730450e+00,9.880256844097297986e+00,1.543790131890203021e+01,2.223057789921892180e+01,3.025828658504796920e+01,3.952102737638919194e+01,5.001880027324257583e+01
0.000000000000000000e+00,6.195778740583451905e-01,2.478311496233380762e+00,5.576200866525106825e+00,9.913245984933523047e+00,1.548944685145863076e+01,2.230480346610042730e+01,3.035931582885890379e+01,3.965298393973409219e+01,5.018580779872596054e+01
0.000000000000000000e+00,6.216465795655838900e-01,2.486586318262335560e+00,5.594819216090255232e+00,9.946345273049342239e+00,1.554116448913960014e+01,2.237927686436102093e+01,3.046068239871360461e+01,3.978538109219736896e+01,5.035337294481229975e+01
0.000000000000000000e+00,6.237221922634357263e-01,2.494888769053742905e+00,5.613499730370921981e+00,9.979555076214971621e+00,1.559305480658589538e+01,2.245399892148368792e+01,3.056238742090834393e+01,3.991822030485988648e+01,5.052149757333829427e+01
0.000000000000000000e+00,6.258047352142851460e-01,2.503218940857140584e+00,5.632242616928566648e+00,1.001287576342856234e+01,1.564511838035713076e+01,2.252897046771426659e+01,3.066443202549996627e+01,4.005150305371424935e+01,5.069018355235709805e+01
0.000000000000000000e+00,6.278942315575195554e-01,2.511576926230078222e+00,5.651048084017676665e+00,1.004630770492031289e+01,1.569735578893799222e+01,2.260419233607070666e+01,3.076681734631845444e+01,4.018523081968125155e+01,5.085943275615909442e+01
0.000000000000000000e+00,6.299907045097867808e-01,2.519962818039147123e+00,5.669916340588081916e+00,1.007985127215658849e+01,1.574976761274467130e+01,2.267966536235232766e+01,3.086954452097954515e+01,4.031940508862635397e+01,5.102924706529272925e+01
0.000000000000000000e+00,6.320941773652520856e-01,2.528376709461008343e+00,5.688847596287270214e+00,1.011350683784403337e+01,1.580235443413130625e+01,2.275539038514908086e+01,3.097261469089734831e+01,4.045402735137613348e+01,5.119962836658542926e+01
0.000000000000000000e+00,6.342046734958579624e-01,2.536818693983431849e+00,5.707842061462722327e+00,1.014727477593372740e+01,1.585511683739645328e+01,2.283136824585088931e+01,3.107602900129703727e+01,4.058909910373490959e+01,5.137057855316449917e+01
0.000000000000000000e+00,6.363222163515829255e-01,2.545288865406331702e+00,5.726899947164246996e+00,1.018115546162532681e+01,1.590805540878957558e+01,2.290759978865698798e+01,3.117978860122755691e+01,4.072462184650130723e+01,5.154209952447821763e+01
0.000000000000000000e+00,6.384468294607026362e-01,2.553787317842810545e+00,5.746021465146324836e+00,1.021514927137124218e+01,1.596117073651756968e+01,2.298408586058529934e+01,3.128389464357442407e+01,4.086059708548496872e+01,5.171419318631691908e+01
0.000000000000000000e+00,6.405785364300516926e-01,2.562314145720206771e+00,5.765206827870465567e+00,1.024925658288082708e+01,1.601446341075129354e+01,2.306082731148186227e+01,3.138834828507252439e+01,4.099702633152330833e+01,5.188686145083418921e+01
0.000000000000000000e+00,6.427173609452844216e-01,2.570869443781137686e+00,5.784456248507560794e+00,1.028347777512455075e+01,1.606793402363211598e+01,2.313782499403024318e+01,3.149315068631893411e+01,4.113391110049820298e+01,5.206010623656804626e+01
0.000000000000000000e+00,6.448633267711402217e-01,2.579453307084560887e+00,5.803769940940262551e+00,1.031781322833824355e+01,1.612158316927850876e+01,2.321507976376105020e+01,3.159830301178586254e+01,4.127125291335297419e+01,5.223392946846235674e+01
0.000000000000000000e+00,6.470164577517054649e-01,2.588065831006821860e+00,5.823148119765349406e+00,1.035226332402728744e+01,1.617541144379264040e+01,2.329259247906139763e+01,3.170380642983355912e+01,4.140905329610914976e+01,5.240833307788814466e+01
0.000000000000000000e+00,6.491767778106801723e-01,2.596707111242720689e+00,5.842591000296121884e+00,1.038682844497088276e+01,1.622941944526700553e+01,2.337036400118448753e+01,3.180966211272331989e+01,4.154731377988353103e+01,5.258331900266509251e+01
0.000000000000000000e+00,6.513443109516425800e-01,2.605377243806570320e+00,5.862098798564783664e+00,1.042150897522628128e+01,1.628360777379106850e+01,2.344839519425913466e+01,3.191587123663047976e+01,4.168603590090512512e+01,5.275888918708304942e+01
0.000000000000000000e+00,6.535190812583167030e-01,2.614076325033266812e+00,5.881671731324851216e+00,1.045630530013306725e+01,1.633797703145792113e+01,2.352668692529940486e+01,3.202243498165751134e+01,4.182522120053226899e+01,5.293504558192366005e+01
0.000000000000000000e+00,6.557011128948392331e-01,2.622804451579356932e+00,5.901310016053553653e+00,1.049121780631742773e+01,1.639252782237098316e+01,2.360524006421421461e+01,3.212935453184712031e+01,4.196487122526971092e+01,5.311179014448198643e+01
0.000000000000000000e+00,6.578904301060287674e-01,2.631561720424115070e+00,5.921013870954260128e+00,1.052624688169646028e+01,1.644726075265072396e+01,2.368405548381704051e+01,3.223663107519540461e+01,4.210498752678584111e+01,5.328912483858833582e+01
0.000000000000000000e+00,6.600870572176547046e-01,2.640348228870618819e+00,5.940783514958893008e+00,1.056139291548247527e+01,1.650217643044137006e+01,2.376313405983557203e+01,3.234426580366507409e+01,4.224557166192990110e+01,5.346705163463003174e+01
0.000000000000000000e+00,6.622910186367073626e-01,2.649164074546829450e+00,5.960619167730366819e+00,1.059665629818731780e+01,1.655727546591768728e+01,2.384247667092146727e+01,3.245225991319865244e+01,4.238662519274927121e+01,5.364557250957329870e+01
0.000000000000000000e+00,6.645023388516696494e-01,2.658009355406678598e+00,5.980521049665027178e+00,1.063203742162671439e+01,1.661255847129174157e+01,2.392208419866010871e+01,3.256061460373180694e+01,4.252814968650685756e+01,5.382468944698523927e+01
0.000000000000000000e+00,6.667210424327889573e-01,2.666884169731155829e+00,6.000489381895101282e+00,1.066753667892462332e+01,1.666802606081972726e+01,2.400195752758040513e+01,3.266933107920665691e+01,4.267014671569849327e+01,5.400440443705591065e+01
0.000000000000000000e+00,6.689471540323501664e-01,2.675788616129400665e+00,6.020524386291151941e+00,1.070315446451760266e+01,1.672367885080875638e+01,2.408209754516460777e+01,3.277841054758514616e+01,4.281261785807041065e+01,5.418471947662035859e+01
