0.000000000000000000e+00,5.555555555555555802e-01,2.222222222222222321e+00,5.000000000000000000e+00,8.888888888888889284e+00,1.388888888888888573e+01,2.000000000000000000e+01
6.747850219221307455e-02,6.211596549090960817e-01,2.282203113059745103e+00,5.050608876644159473e+00,8.926376945662340745e+00,1.390950732011428492e+01,2.000000000000000000e+01
1.347293369715218958e-01,6.865424109445351641e-01,2.341981632863574969e+00,5.101047002728641644e+00,8.963738520539735077e+00,1.393005618629685038e+01,2.000000000000000000e+01
2.017532724707260527e-01,7.517045704576503784e-01,2.401558464418423355e+00,5.151314954353044762e+00,9.000974040261514375e+00,1.395053572214382953e+01,2.000000000000000000e+01
2.685510742310048826e-01,8.166468777245881050e-01,2.460934288205337772e+00,5.201413305673253440e+00,9.038083930128337329e+00,1.397094616157058233e+01,2.000000000000000000e+01
3.351235052106571466e-01,8.813700745103610901e-01,2.520109782409472921e+00,5.251342628907992527e+00,9.075068614005921575e+00,1.399128773770325296e+01,2.000000000000000000e+01
4.014713257938207214e-01,9.458749000773256643e-01,2.579085622927840937e+00,5.301103494345365874e+00,9.111928514329900253e+00,1.401156068288144141e+01,2.000000000000000000e+01
4.675952937991501024e-01,1.010162091193618217e+00,2.637862483377022560e+00,5.350696470349362244e+00,9.148664052110639489e+00,1.403176522866084852e+01,2.000000000000000000e+01
5.334961644884783638e-01,1.074232382141576014e+00,2.696441035100869854e+00,5.400122123366358551e+00,9.185275646938043437e+00,1.405190160581592096e+01,2.000000000000000000e+01
5.991746905754435915e-01,1.138086504726125714e+00,2.754821947178172081e+00,5.449381017931582250e+00,9.221763716986357551e+00,1.407197004434249443e+01,2.000000000000000000e+01
6.646316222340797886e-01,1.201725188283133239e+00,2.813005886430293145e+00,5.498473716675559508e+00,9.258128679018932772e+00,1.409197077346041027e+01,2.000000000000000000e+01
7.298677071073966793e-01,1.265149159687746661e+00,2.870993517428797048e+00,5.547400780330547398e+00,9.294370948392998599e+00,1.411190402161614621e+01,2.000000000000000000e+01
7.948836903159084422e-01,1.328359143362688677e+00,2.928785502503029825e+00,5.596162767736931443e+00,9.330490939064393530e+00,1.413177001648541342e+01,2.000000000000000000e+01
8.596803144661446794e-01,1.391355861286529549e+00,2.986382501747684159e+00,5.644760235849608065e+00,9.366489063592302600e+00,1.415156898497576421e+01,2.000000000000000000e+01
9.242583196591436234e-01,1.454140033001945165e+00,3.043785173030349789e+00,5.693193739744357273e+00,9.402365733143968285e+00,1.417130115322918016e+01,2.000000000000000000e+01
9.886184434988920522e-01,1.516712375623922693e+00,3.100994171999015059e+00,5.741463832624169150e+00,9.438121357499385411e+00,1.419096674662465851e+01,2.000000000000000000e+01
1.052761421100760764e+00,1.579073603847961804e+00,3.158010152089565370e+00,5.789571065825570351e+00,9.473756345055978301e+00,1.421056598978078434e+01,2.000000000000000000e+01
1.116687985099893421e+00,1.641224429958229702e+00,3.214833764533238991e+00,5.837515988824920399e+00,9.509271102833274369e+00,1.423009910655829735e+01,2.000000000000000000e+01
1.180398865659577634e+00,1.703165563835700391e+00,3.271465658364069107e+00,5.885299149244683115e+00,9.544666036477543969e+00,1.424956632006264634e+01,2.000000000000000000e+01
1.243894790479584955e+00,1.764897712966263077e+00,3.327906480426297886e+00,5.932921092859688272e+00,9.579941550266436678e+00,1.426896785264653644e+01,2.000000000000000000e+01
1.307176484804486449e+00,1.826421582448806147e+00,3.384156875381766127e+00,5.980382363603364837e+00,9.615098047113603386e+00,1.428830392591247822e+01,2.000000000000000000e+01
1.370244671431926076e+00,1.887737875003261401e+00,3.440217485717267820e+00,6.027683503573944890e+00,9.650135928573291721e+00,1.430757476071530832e+01,2.000000000000000000e+01
1.433100070720885189e+00,1.948847290978638291e+00,3.496088951751898044e+00,6.074825053040664002e+00,9.685055594844936167e+00,1.432678057716471187e+01,2.000000000000000000e+01
1.495743400599909290e+00,2.009750528361022859e+00,3.551771911644364010e+00,6.121807550449931412e+00,9.719857444777726840e+00,1.434592159462774674e+01,2.000000000000000000e+01
1.558175376575303694e+00,2.070448282781545135e+00,3.607267001400270345e+00,6.168631532431477993e+00,9.754541875875169410e+00,1.436499803173133927e+01,2.000000000000000000e+01
1.620396711739313655e+00,2.130941247524332560e+00,3.662574854879390163e+00,6.215297533804484686e+00,9.789109284299618352e+00,1.438401010636478716e+01,2.000000000000000000e+01
1.682408116778257856e+00,2.191230113534417434e+00,3.717696103802896168e+00,6.261806087583693170e+00,9.823560064876810216e+00,1.440295803568224287e+01,2.000000000000000000e+01
1.744210299980661905e+00,2.251315569425643481e+00,3.772631377760588656e+00,6.308157724985496984e+00,9.857894611100368465e+00,1.442184203610519866e+01,2.000000000000000000e+01
1.805803967245327435e+00,2.311198301488512463e+00,3.827381304218069324e+00,6.354352975433995354e+00,9.892113315136294105e+00,1.444066232332495758e+01,2.000000000000000000e+01
1.867189822089418971e+00,2.370878993698045889e+00,3.881946508523927974e+00,6.400392366567064784e+00,9.926216567827456316e+00,1.445941911230509724e+01,2.000000000000000000e+01
1.928368565656475297e+00,2.430358327721573009e+00,3.936327613916867030e+00,6.446276424242356029e+00,9.960204758698042227e+00,1.447811261728391941e+01,2.000000000000000000e+01
1.989340896724436369e+00,2.489636982926535236e+00,3.990525241532832723e+00,6.492005672543327499e+00,9.994078275958020896e+00,1.449674305177690847e+01,2.000000000000000000e+01
2.050107511713614716e+00,2.548715636388236394e+00,4.044540010412101871e+00,6.537580633785211148e+00,1.002783750650756467e+01,1.451531062857915799e+01,2.000000000000000000e+01
2.110669104694657960e+00,2.607594962897583635e+00,4.098372537506362434e+00,6.583001828520993470e+00,1.006148283594147763e+01,1.453381555976780959e+01,2.000000000000000000e+01
2.171026367396462486e+00,2.666275634968783059e+00,4.152023437685744334e+00,6.628269775547346754e+00,1.009501464855359032e+01,1.455225805670447237e+01,2.000000000000000000e+01
2.231179989214089332e+00,2.724758322847031344e+00,4.205493323745857381e+00,6.673384991910566555e+00,1.012843332734116153e+01,1.457063833003763520e+01,2.000000000000000000e+01
2.291130657216633448e+00,2.783043694516170952e+00,4.258782806414785682e+00,6.718347992912475419e+00,1.016173925400924105e+01,1.458895658970507903e+01,2.000000000000000000e+01
2.350879056155064095e+00,2.841132415706312031e+00,4.311892494360057171e+00,6.763159292116298182e+00,1.019493280897503595e+01,1.460721304493626604e+01,2.000000000000000000e+01
2.410425868470058575e+00,2.899025149901445886e+00,4.364822994195607819e+00,6.807819401352544375e+00,1.022801437137225555e+01,1.462540790425473780e+01,2.000000000000000000e+01
2.469771774299787115e+00,2.956722558347014918e+00,4.417574910488699658e+00,6.852328830724840003e+00,1.026098431905543862e+01,1.464354137548048840e+01,2.000000000000000000e+01
2.528917451487682211e+00,3.014225300057468360e+00,4.470148845766829027e+00,6.896688088615761103e+00,1.029384302860426814e+01,1.466161366573234481e+01,2.000000000000000000e+01
2.587863575590187981e+00,3.071534031823794031e+00,4.522545400524611736e+00,6.940897681692641541e+00,1.032659087532788256e+01,1.467962498143033301e+01,2.000000000000000000e+01
2.646610819884471777e+00,3.128649408221013672e+00,4.574765173230641579e+00,6.984958114913354166e+00,1.035922823326915143e+01,1.469757552829802982e+01,2.000000000000000000e+01
2.705159855376109146e+00,3.185572081615661411e+00,4.626808760334319537e+00,7.028869891532082192e+00,1.039175547520894938e+01,1.471546551136492020e+01,2.000000000000000000e+01
2.763511350806759914e+00,3.242302702173238238e+00,4.678676756272675874e+00,7.072633513105070158e+00,1.042417297267042287e+01,1.473329513496872956e+01,2.000000000000000000e+01
2.821665972661793198e+00,3.298841917865631856e+00,4.730369753477149608e+00,7.116249479496344676e+00,1.045648109592321973e+01,1.475106460275776676e+01,2.000000000000000000e+01
2.879624385177907975e+00,3.355190374478521420e+00,4.781888342380362644e+00,7.159718288883430759e+00,1.048868021398772754e+01,1.476877411769324766e+01,2.000000000000000000e+01
2.937387250350722567e+00,3.411348715618757410e+00,4.833233111422864603e+00,7.203040437763041481e+00,1.052077069463929071e+01,1.478642388205160785e+01,2.000000000000000000e+01
2.994955227942326381e+00,3.467317582721705982e+00,4.884404647059845672e+00,7.246216420956744564e+00,1.055275290441240443e+01,1.480401409742681906e+01,2.000000000000000000e+01
3.052328975488827201e+00,3.523097615058581766e+00,4.935403533767846795e+00,7.289246731616620067e+00,1.058462720860490336e+01,1.482154496473269489e+01,2.000000000000000000e+01
3.109509148307847415e+00,3.578689449743740703e+00,4.986230354051420122e+00,7.332131861230886116e+00,1.061639397128213780e+01,1.483901668420517339e+01,2.000000000000000000e+01
3.166496399506020243e+00,3.634093721741963989e+00,5.036885688449796561e+00,7.374872299629515737e+00,1.064805355528112329e+01,1.485642945540461390e+01,2.000000000000000000e+01
3.223291379986448213e+00,3.689311063875713614e+00,5.087370115543509819e+00,7.417468534989835938e+00,1.067960632221469375e+01,1.487378347721807792e+01,2.000000000000000000e+01
3.279894738456134995e+00,3.744342106832353245e+00,5.137684211961008884e+00,7.459921053842101024e+00,1.071105263247563144e+01,1.489107894786159392e+01,2.000000000000000000e+01
3.336307121433390588e+00,3.799187479171351356e+00,5.187828552385235881e+00,7.502230341075042830e+00,1.074239284524077220e+01,1.490831606488242222e+01,2.000000000000000000e+01
3.392529173255227626e+00,3.853847807331471031e+00,5.237803709560202137e+00,7.544396879941420941e+00,1.077362731847512656e+01,1.492549502516131632e+01,2.000000000000000000e+01
3.448561536084708834e+00,3.908323715637910922e+00,5.287610254297518964e+00,7.586421152063531181e+00,1.080475640893594935e+01,1.494261602491476992e+01,2.000000000000000000e+01
3.504404849918287823e+00,3.962615826309446199e+00,5.337248755482923102e+00,7.628303637438715867e+00,1.083578047217682716e+01,1.495967925969725165e+01,2.000000000000000000e+01
3.560059752593121019e+00,4.016724759465533978e+00,5.386719780082774633e+00,7.670044814444841208e+00,1.086669986255173370e+01,1.497668492440345034e+01,2.000000000000000000e+01
3.615526879794346282e+00,4.070651133133392108e+00,5.436023893150530029e+00,7.711645159845759601e+00,1.089751493321908171e+01,1.499363321327049192e+01,2.000000000000000000e+01
3.670806865062350433e+00,4.124395563255062847e+00,5.485161657833200977e+00,7.753105148796763046e+00,1.092822603614574994e+01,1.501052431988015989e+01,2.000000000000000000e+01
3.725900339799996797e+00,4.177958663694441022e+00,5.534133635377775029e+00,7.794425254849997486e+00,1.095883352211111017e+01,1.502735843716110686e+01,2.000000000000000000e+01
3.780807933279852762e+00,4.231341046244301296e+00,5.582940385137646899e+00,7.835605949959889571e+00,1.098933774071102931e+01,1.504413575739106435e+01,2.000000000000000000e+01
3.835530272651359596e+00,4.284543320633265928e+00,5.631582464578986702e+00,7.876647704488519253e+00,1.101973904036186624e+01,1.506085647219902413e+01,2.000000000000000000e+01
3.890067982948002268e+00,4.337566094532779637e+00,5.680060429287113521e+00,7.917550987211001257e+00,1.105003776830444551e+01,1.507752077256744272e+01,2.000000000000000000e+01
3.944421687094454843e+00,4.390409973564053381e+00,5.728374832972848552e+00,7.958316265320840799e+00,1.108023427060803101e+01,1.509412884883441386e+01,2.000000000000000000e+01
3.998592005913688130e+00,4.443075561304974386e+00,5.776526227478834485e+00,7.998944004435266208e+00,1.111032889217427133e+01,1.511068089069584630e+01,2.000000000000000000e+01
4.052579558134059567e+00,4.495563459297001963e+00,5.824515162785830924e+00,8.039434668600545564e+00,1.114032197674114499e+01,1.512717708720762744e+01,2.000000000000000000e+01
4.106384960396390227e+00,4.547874267052045560e+00,5.872342187019013338e+00,8.079788720297292670e+00,1.117021386688688267e+01,1.514361762678778334e+01,2.000000000000000000e+01
4.160008827260995190e+00,4.600008582059300188e+00,5.920007846454217848e+00,8.120006620445746393e+00,1.120000490403388582e+01,1.516000269721863525e+01,2.000000000000000000e+01
4.213451771214710817e+00,4.651966999792080060e+00,5.967512685524187788e+00,8.160088828411034001e+00,1.122969542845261870e+01,1.517633248564893655e+01,2.000000000000000000e+01
4.266714402677889595e+00,4.703750113714614045e+00,6.014857246824790948e+00,8.200035802008416752e+00,1.125928577926549323e+01,1.519260717859601861e+01,2.000000000000000000e+01
4.319797330011370562e+00,4.755358515288831356e+00,6.062042071121218179e+00,8.239847997508526589e+00,1.128877629445076103e+01,1.520882696194791706e+01,2.000000000000000000e+01
4.372701159523428416e+00,4.806792793981110812e+00,6.109067697354159776e+00,8.279525869642572644e+00,1.131816731084635030e+01,1.522499202096548920e+01,2.000000000000000000e+01
4.425426495476703082e+00,4.858053537269015898e+00,6.155934662645958788e+00,8.319069871607528199e+00,1.134745916415372413e+01,1.524110254028454570e+01,2.000000000000000000e+01
4.477973940095091976e+00,4.909141330648005841e+00,6.202643502306749212e+00,8.358480455071319426e+00,1.137665218894171915e+01,1.525715870391794304e+01,2.000000000000000000e+01
4.530344093570635167e+00,4.960056757638117375e+00,6.249194749840564889e+00,8.397758070177976819e+00,1.140574671865035228e+01,1.527316069525769215e+01,2.000000000000000000e+01
4.582537554070375663e+00,5.010800399790642956e+00,6.295588936951445724e+00,8.436903165552781303e+00,1.143474308559465413e+01,1.528910869707705622e+01,2.000000000000000000e+01
4.634554917743177072e+00,5.061372836694754795e+00,6.341826593549490632e+00,8.475916188307381915e+00,1.146364162096843131e+01,1.530500289153263438e+01,2.000000000000000000e+01
4.686396778726546586e+00,5.111774645984142218e+00,6.387908247756930891e+00,8.514797584044909939e+00,1.149244265484808203e+01,1.532084346016644183e+01,2.000000000000000000e+01
4.738063729153417114e+00,5.162006403343599281e+00,6.433834425914148447e+00,8.553547796865062836e+00,1.152114651619634245e+01,1.533663058390798639e+01,2.000000000000000000e+01
4.789556359158904542e+00,5.212068682515600848e+00,6.479605652585692432e+00,8.592167269369177518e+00,1.154975353286605788e+01,1.535236444307632908e+01,2.000000000000000000e+01
4.840875256887056111e+00,5.261962055306859121e+00,6.525222450566272592e+00,8.630656442665291195e+00,1.157826403160392026e+01,1.536804521738215357e+01,2.000000000000000000e+01
4.892021008497565049e+00,5.311687091594853527e+00,6.570685340886724290e+00,8.669015756373173787e+00,1.160667833805420202e+01,1.538367308592980898e+01,2.000000000000000000e+01
4.942994198172465659e+00,5.361244359334341070e+00,6.615994842819969968e+00,8.707245648629349688e+00,1.163499677676248112e+01,1.539924822721936160e+01,2.000000000000000000e+01
4.993795408122805313e+00,5.410634424563838252e+00,6.661151473886937957e+00,8.745346556092103540e+00,1.166321967117933767e+01,1.541477081914863234e+01,2.000000000000000000e+01
5.044425218595294247e+00,5.459857851412091456e+00,6.706155749862483972e+00,8.783318913946470019e+00,1.169134734366405226e+01,1.543024103901522714e+01,2.000000000000000000e+01
5.094884207878935811e+00,5.508915202104520681e+00,6.751008184781276178e+00,8.821163155909202302e+00,1.171938011548829905e+01,1.544565906351856199e+01,2.000000000000000000e+01
5.145172952311629189e+00,5.557807036969639292e+00,6.795709290943671377e+00,8.858879714233722780e+00,1.174731830683979439e+01,1.546102506876188443e+01,2.000000000000000000e+01
5.195292026286749021e+00,5.606533914445449795e+00,6.840259578921554784e+00,8.896469019715061322e+00,1.177516223682597207e+01,1.547633923025428260e+01,2.000000000000000000e+01
5.245242002259713487e+00,5.655096391085831620e+00,6.884659557564190457e+00,8.933931501694784671e+00,1.180291222347761959e+01,1.549160172291268722e+01,2.000000000000000000e+01
5.295023450754518635e+00,5.703495021566893364e+00,6.928909734004017551e+00,8.971267588065888532e+00,1.183056858375251075e+01,1.550681272106387887e+01,2.000000000000000000e+01
5.344636940370253164e+00,5.751730358693301071e+00,6.973010613662447454e+00,9.008477705277689651e+00,1.185813163353902944e+01,1.552197239844646326e+01,2.000000000000000000e+01
5.394083037787598123e+00,5.799802953404608274e+00,7.016962700255643171e+00,9.045562278340698370e+00,1.188560168765977743e+01,1.553708092821287501e+01,2.000000000000000000e+01
5.443362307775297282e+00,5.847713354781538087e+00,7.060766495800264053e+00,9.082521730831473405e+00,1.191297905987516614e+01,1.555213848293133871e+01,2.000000000000000000e+01
5.492475313196598208e+00,5.895462110052248406e+00,7.104422500619198999e+00,9.119356484897448212e+00,1.194026406288699960e+01,1.556714523458784782e+01,2.000000000000000000e+01
5.541422615015701325e+00,5.943049764598597129e+00,7.147931213347289869e+00,9.156066961261775106e+00,1.196745700834205550e+01,1.558210135458812928e+01,2.000000000000000000e+01
5.590204772304147696e+00,5.990476861962365618e+00,7.191293130937021161e+00,9.192653579228110772e+00,1.199455820683563800e+01,1.559700701375959930e+01,2.000000000000000000e+01
5.638822342247220121e+00,6.037743943851463513e+00,7.234508748664196354e+00,9.229116756685414202e+00,1.202156796791512328e+01,1.561186238235331558e+01,2.000000000000000000e+01
5.687275880150293617e+00,6.084851550146117560e+00,7.277578560133593832e+00,9.265456910112719768e+00,1.204848660008349626e+01,1.562666763004592063e+01,2.000000000000000000e+01
5.735565939445184114e+00,6.131800218905039124e+00,7.320503057284608595e+00,9.301674454583888974e+00,1.207531441080288026e+01,1.564142292594158157e+01,2.000000000000000000e+01
5.783693071696474064e+00,6.178590486371571266e+00,7.363282730396866427e+00,9.337769803772355104e+00,1.210205170649804174e+01,1.565612843857392100e+01,2.000000000000000000e+01
5.831657826607809625e+00,6.225222886979814518e+00,7.405918068095831863e+00,9.373743369955857219e+00,1.212869879255989503e+01,1.567078433590793907e+01,2.000000000000000000e+01
5.879460752028173864e+00,6.271697953360724220e+00,7.448409557358377064e+00,9.409595564021131509e+00,1.215525597334898578e+01,1.568539078534194076e+01,2.000000000000000000e+01
5.927102393958150195e+00,6.318016216348200764e+00,7.490757683518356025e+00,9.445326795468613312e+00,1.218172355219897263e+01,1.569994795370943308e+01,2.000000000000000000e+01
5.974583296556154721e+00,6.364178204985150522e+00,7.532962930272137925e+00,9.480937472417116041e+00,1.220810183142008754e+01,1.571445600728104530e+01,2.000000000000000000e+01
6.021904002144655266e+00,6.410184446529525459e+00,7.575025779684138705e+00,9.516428001608492337e+00,1.223439111230258725e+01,1.572891511176642076e+01,2.000000000000000000e+01
6.069065051216369078e+00,6.456035466460358307e+00,7.616946712192328661e+00,9.551798788412277474e+00,1.226059169512020475e+01,1.574332543231611048e+01,2.000000000000000000e+01
6.116066982440422350e+00,6.501731788483743557e+00,7.658726206613708953e+00,9.587050236830316763e+00,1.228670387913356876e+01,1.575768713352345962e+01,2.000000000000000000e+01
6.162910332668520397e+00,6.547273934538838880e+00,7.700364740149796994e+00,9.622182749501391186e+00,1.231272796259362323e+01,1.577200037942649047e+01,2.000000000000000000e+01
6.209595636941065422e+00,6.592662424803813259e+00,7.741862788392058548e+00,9.657196727705798622e+00,1.233866424274503615e+01,1.578626533350976757e+01,2.000000000000000000e+01
6.256123428493274297e+00,6.637897777701793345e+00,7.783220825327354930e+00,9.692092571369954612e+00,1.236451301582959772e+01,1.580048215870627537e+01,2.000000000000000000e+01
6.302494238761271461e+00,6.682980509906791156e+00,7.824439323343352903e+00,9.726870679070954040e+00,1.239027457708959545e+01,1.581465101739927448e+01,2.000000000000000000e+01
6.348708597388150743e+00,6.727911136349590038e+00,7.865518753233912363e+00,9.761531448041113279e+00,1.241594922077119456e+01,1.582877207142415443e+01,2.000000000000000000e+01
6.394767032230035397e+00,6.772690170223644834e+00,7.906459584204476698e+00,9.796075274172526548e+00,1.244153724012779705e+01,1.584284548207028642e+01,2.000000000000000000e+01
6.440670069362097294e+00,6.817318122990927876e+00,7.947262283877420508e+00,9.830502552021574303e+00,1.246703892742338837e+01,1.585687141008286183e+01,2.000000000000000000e+01
6.486418233084572549e+00,6.861795504387777633e+00,7.987927318297398216e+00,9.864813674813429856e+00,1.249245457393587344e+01,1.587085001566472897e+01,2.000000000000000000e+01
6.532012045928745181e+00,6.906122822430724284e+00,8.028455151936663370e+00,9.899009034446558886e+00,1.251778446996041438e+01,1.588478145847822631e+01,2.000000000000000000e+01
6.577452028662920114e+00,6.950300583422282408e+00,8.068846247700374619e+00,9.933089021497190529e+00,1.254302890481273280e+01,1.589866589764700144e+01,2.000000000000000000e+01
6.622738700298369530e+00,6.994329291956747241e+00,8.109101066931884816e+00,9.967054025223777813e+00,1.256818816683242801e+01,1.591250349175783363e+01,2.000000000000000000e+01
6.667872578095255243e+00,7.038209450925942079e+00,8.149220069418005252e+00,1.000090443357144210e+01,1.259326254338625262e+01,1.592629439886243681e+01,2.000000000000000000e+01
6.712854177568548408e+00,7.081941561524976336e+00,8.189203713394265449e+00,1.003464063317641219e+01,1.261825232087141657e+01,1.594003877647927681e+01,2.000000000000000000e+01
6.757684012493907488e+00,7.125526123257964528e+00,8.229052455550139200e+00,1.006826300937042973e+01,1.264315778471883789e+01,1.595373678159535835e+01,2.000000000000000000e+01
6.802362594913553551e+00,7.168963633943731928e+00,8.268766751034270612e+00,1.010177194618516516e+01,1.266797921939641824e+01,1.596738857066802808e+01,2.000000000000000000e+01
6.846890435142112707e+00,7.212254589721497133e+00,8.308347053459655740e+00,1.013516782635658409e+01,1.269271690841228484e+01,1.598099429962675444e+01,2.000000000000000000e+01
6.891268041772447006e+00,7.255399485056544862e+00,8.347793814908841981e+00,1.016845103132933481e+01,1.271737113431802690e+01,1.599455412387491293e+01,2.000000000000000000e+01
6.935495921681466669e+00,7.298398812745870323e+00,8.387107485939083062e+00,1.020162194126110045e+01,1.274194217871192691e+01,1.600806819829155714e+01,2.000000000000000000e+01
6.979574580035916576e+00,7.341253063923806721e+00,8.426288515587481598e+00,1.023468093502693677e+01,1.276643032224217578e+01,1.602153667723319330e+01,2.000000000000000000e+01
7.023504520298146758e+00,7.383962728067642090e+00,8.465337351376131636e+00,1.026762839022361007e+01,1.279083584461008272e+01,1.603495971453554247e+01,2.000000000000000000e+01
7.067286244231862469e+00,7.426528293003199721e+00,8.504254439317211478e+00,1.030046468317389596e+01,1.281515902457325851e+01,1.604833746351528845e+01,2.000000000000000000e+01
7.110920251907857370e+00,7.468950244910415925e+00,8.543040223918096032e+00,1.033319018893089236e+01,1.283940013994880935e+01,1.606167007697184346e+01,2.000000000000000000e+01
7.154407041709718307e+00,7.511229068328892033e+00,8.581695148186415878e+00,1.036580528128228806e+01,1.286355946761651126e+01,1.607495770718907835e+01,2.000000000000000000e+01
7.197747110339531851e+00,7.553365246163433078e+00,8.620219653635139423e+00,1.039831033275464911e+01,1.288763728352196303e+01,1.608820050593707762e+01,2.000000000000000000e+01
7.240940952823544663e+00,7.595359259689556275e+00,8.658614180287596440e+00,1.043070571461765894e+01,1.291163386267974644e+01,1.610139862447385894e+01,2.000000000000000000e+01
7.283989062517816748e+00,7.637211588558987962e+00,8.696879166682503381e+00,1.046299179688836389e+01,1.293554947917656506e+01,1.611455221354710687e+01,2.000000000000000000e+01
7.326891931113872047e+00,7.678922710805153429e+00,8.735015049878999349e+00,1.049516894833540448e+01,1.295938440617437415e+01,1.612766142339590303e+01,2.000000000000000000e+01
7.369650048644298401e+00,7.720493102848622335e+00,8.773022265461598579e+00,1.052723753648322358e+01,1.298313891591350000e+01,1.614072640375242429e+01,2.000000000000000000e+01
7.412263903488347516e+00,7.761923239502559468e+00,8.810901247545197990e+00,1.055919792761626042e+01,1.300681327971574852e+01,1.615374730384365876e+01,2.000000000000000000e+01
7.454733982377518942e+00,7.803213593978142626e+00,8.848652428780017232e+00,1.059105048678313921e+01,1.303040776798751210e+01,1.616672427239312881e+01,2.000000000000000000e+01
7.497060770401122731e+00,7.844364637889979619e+00,8.886276240356554723e+00,1.062279557780084183e+01,1.305392265022284626e+01,1.617965745762256446e+01,2.000000000000000000e+01
7.539244751011802137e+00,7.885376841261473757e+00,8.923773112010490394e+00,1.065443356325885205e+01,1.307735819500655694e+01,1.619254700725360507e+01,2.000000000000000000e+01
7.581286406031075842e+00,7.926250672530211538e+00,8.961143472027622181e+00,1.068596480452330688e+01,1.310071467001726475e+01,1.620539306850949401e+01,2.000000000000000000e+01
7.623186215654831344e+00,7.966986598553307708e+00,8.998387747248738577e+00,1.071738966174112306e+01,1.312399234203046205e+01,1.621819578811675200e+01,2.000000000000000000e+01
7.664944658458809457e+00,8.007585084612731663e+00,9.035506363074498282e+00,1.074870849384410754e+01,1.314719147692156120e+01,1.623095531230685751e+01,2.000000000000000000e+01
7.706562211404072826e+00,8.048046594420625865e+00,9.072499743470288536e+00,1.077992165855305373e+01,1.317031233966892856e+01,1.624367178681790946e+01,2.000000000000000000e+01
7.748039349842452239e+00,8.088371590124605603e+00,9.109368310971069249e+00,1.081102951238183962e+01,1.319335519435691850e+01,1.625634535689630411e+01,2.000000000000000000e+01
7.789376547521982275e+00,8.128560532313038323e+00,9.146112486686206466e+00,1.084203241064148671e+01,1.321632030417887904e+01,1.626897616729838347e+01,2.000000000000000000e+01
7.830574276592299654e+00,8.168613880020290097e+00,9.182732690304266754e+00,1.087293070744422430e+01,1.323920793144016628e+01,1.628156436229209092e+01,2.000000000000000000e+01
7.871633007610046029e+00,8.208532090731988973e+00,9.219229340097818692e+00,1.090372475570753430e+01,1.326201833756113757e+01,1.629411008565862318e+01,2.000000000000000000e+01
7.912553209544244126e+00,8.248315620390236802e+00,9.255602852928216606e+00,1.093441490715818354e+01,1.328475178308013582e+01,1.630661348069407168e+01,2.000000000000000000e+01
7.953335349781644581e+00,8.287964923398821071e+00,9.291853644250352318e+00,1.096500151233623299e+01,1.330740852765647020e+01,1.631907469021105683e+01,2.000000000000000000e+01
7.993979894132077213e+00,8.327480452628407193e+00,9.327982128117401572e+00,1.099548492059905769e+01,1.332998883007337554e+01,1.633149385654035513e+01,2.000000000000000000e+01
8.034487306833755227e+00,8.366862659421705928e+00,9.363988717185559807e+00,1.102586548012531686e+01,1.335249294824097532e+01,1.634387112153253341e+01,2.000000000000000000e+01
8.074858050558592737e+00,8.406111993598631926e+00,9.399873822718749494e+00,1.105614353791894544e+01,1.337492113919921977e+01,1.635620662655956892e+01,2.000000000000000000e+01
8.115092586417487652e+00,8.445228903461446279e+00,9.435637854593322160e+00,1.108631943981311530e+01,1.339727365912082746e+01,1.636850051251645155e+01,2.000000000000000000e+01
8.155191373965568147e+00,8.484213835799858217e+00,9.471281221302728426e+00,1.111639353047417700e+01,1.341955076331420571e+01,1.638075291982281101e+01,2.000000000000000000e+01
8.195154871207481762e+00,8.523067235896162330e+00,9.506804329962207589e+00,1.114636615340561221e+01,1.344175270622637797e+01,1.639296398842450486e+01,2.000000000000000000e+01
8.234983534602577038e+00,8.561789547530283429e+00,9.542207586313402601e+00,1.117623765095193278e+01,1.346387974144587574e+01,1.640513385779523148e+01,2.000000000000000000e+01
8.274677819070166862e+00,8.600381212984883561e+00,9.577491394729037211e+00,1.120600836430262603e+01,1.348593212170564826e+01,1.641726266693810388e+01,2.000000000000000000e+01
8.314238177994679901e+00,8.638842673050382004e+00,9.612656158217493640e+00,1.123567863349600948e+01,1.350791009888593308e+01,1.642935055438726266e+01,2.000000000000000000e+01
8.353665063230874210e+00,8.677174367030016100e+00,9.647702278427445322e+00,1.126524879742315655e+01,1.352981392401715333e+01,1.644139765820943211e+01,2.000000000000000000e+01
8.392958925108978008e+00,8.715376732744838151e+00,9.682630155652425685e+00,1.129471919383173351e+01,1.355164384728276517e+01,1.645340411600551889e+01,2.000000000000000000e+01
8.432120212439834006e+00,8.753450206538726519e+00,9.717440188835407611e+00,1.132409015932987373e+01,1.357340011802212842e+01,1.646537006491216815e+01,2.000000000000000000e+01
8.471149372520041965e+00,8.791395223283373639e+00,9.752132775573370438e+00,1.135336202939003059e+01,1.359508298473335586e+01,1.647729564160334448e+01,2.000000000000000000e+01
8.510046851137044399e+00,8.829212216383236722e+00,9.786708312121817244e+00,1.138253513835278419e+01,1.361669269507613578e+01,1.648918098229187379e+01,2.000000000000000000e+01
8.548813092574246042e+00,8.866901617780515110e+00,9.821167193399329420e+00,1.141160981943068364e+01,1.363822949587458133e+01,1.650102622273101716e+01,2.000000000000000000e+01
8.587448539616053367e+00,8.904463857960051243e+00,9.855509812992048424e+00,1.144058640471203958e+01,1.365969363312003004e+01,1.651283149821601626e+01,2.000000000000000000e+01
8.625953633552967403e+00,8.941899365954272483e+00,9.889736563158194826e+00,1.146946522516472555e+01,1.368108535197386999e+01,1.652459694358562814e+01,2.000000000000000000e+01
8.664328814186600169e+00,8.979208569348081426e+00,9.923847834832532300e+00,1.149824661063994924e+01,1.370240489677033224e+01,1.653632269322368131e+01,2.000000000000000000e+01
8.702574519834705313e+00,9.016391894283739106e+00,9.957844017630849365e+00,1.152693088987602898e+01,1.372365251101928152e+01,1.654800888106060341e+01,2.000000000000000000e+01
8.740691187336190993e+00,9.053449765465741095e+00,9.991725499854393178e+00,1.155551839050214369e+01,1.374482843740899440e+01,1.655965564057494532e+01,2.000000000000000000e+01
8.778679252056097226e+00,9.090382606165649193e+00,1.002549266849430865e+01,1.158400943904207203e+01,1.376593291780894290e+01,1.657126310479491593e+01,2.000000000000000000e+01
8.816539147890580352e+00,9.127190838226953318e+00,1.005914590923607221e+01,1.161240436091793526e+01,1.378696619327254425e+01,1.658283140629989916e+01,2.000000000000000000e+01
8.854271307271861957e+00,9.163874882069864114e+00,1.009268560646387769e+01,1.164070348045389736e+01,1.380792850403992311e+01,1.659436067722195673e+01,2.000000000000000000e+01
8.891876161173165372e+00,9.200435156696130434e+00,1.012611214326503628e+01,1.166890712087987225e+01,1.382882008954064723e+01,1.660585104924735589e+01,2.000000000000000000e+01
8.929354139113648614e+00,9.236872079693823068e+00,1.015942590143435353e+01,1.169701560433523468e+01,1.384964118839647185e+01,1.661730265361805792e+01,2.000000000000000000e+01
8.966705669163300030e+00,9.273186067242095376e+00,1.019262726147848852e+01,1.172502925187247413e+01,1.387039203842405577e+01,1.662871562113322810e+01,2.000000000000000000e+01
9.003931177947833930e+00,9.309377534115949260e+00,1.022571660262029880e+01,1.175294838346087545e+01,1.389107287663768631e+01,1.664009008215072427e+01,2.000000000000000000e+01
9.041031090653564917e+00,9.345446893690963819e+00,1.025869430280316763e+01,1.178077331799017280e+01,1.391168393925197933e+01,1.665142616658858543e+01,2.000000000000000000e+01
9.078005831032250228e+00,9.381394557948020463e+00,1.029156073869533472e+01,1.180850437327418767e+01,1.393222546168458464e+01,1.666272400392652031e+01,2.000000000000000000e+01
9.114855821405951630e+00,9.417220937478008480e+00,1.032431628569418081e+01,1.183614186605446328e+01,1.395269767855886300e+01,1.667398372320737110e+01,2.000000000000000000e+01
9.151581482671842238e+00,9.452926441486512843e+00,1.035696131793052643e+01,1.186368611200388123e+01,1.397310082370657902e+01,1.668520545303861624e+01,2.000000000000000000e+01
9.188183234307022218e+00,9.488511477798491356e+00,1.038949620827290943e+01,1.189113742573026578e+01,1.399343513017056750e+01,1.669638932159380929e+01,2.000000000000000000e+01
9.224661494373302517e+00,9.523976452862932263e+00,1.042192132833182683e+01,1.191849612077997733e+01,1.401370083020739088e+01,1.670753545661406392e+01,2.000000000000000000e+01
9.261016679521992145e+00,9.559321771757490538e+00,1.045423704846399460e+01,1.194576250964149366e+01,1.403389815528999662e+01,1.671864398540949637e+01,2.000000000000000000e+01
9.297249204998642824e+00,9.594547838193124178e+00,1.048644373777657179e+01,1.197293690374898212e+01,1.405402733611035870e+01,1.672971503486069622e+01,2.000000000000000000e+01
9.333359484647802518e+00,9.629655054518696744e+00,1.051854176413138120e+01,1.200001961348585233e+01,1.407408860258211192e+01,1.674074873142016173e+01,2.000000000000000000e+01
9.369347930917742318e+00,9.664643821725581674e+00,1.055053149414910507e+01,1.202701094818830541e+01,1.409408218384318978e+01,1.675174520111375287e+01,2.000000000000000000e+01
9.405214954865153132e+00,9.699514539452231077e+00,1.058241329321347024e+01,1.205391121614886529e+01,1.411400830825841979e+01,1.676270456954213017e+01,2.000000000000000000e+01
9.440960966159861911e+00,9.734267605988753402e+00,1.061418752547543320e+01,1.208072072461989599e+01,1.413386720342214531e+01,1.677362696188217939e+01,2.000000000000000000e+01
9.476586373089492810e+00,9.768903418281450257e+00,1.064585455385732615e+01,1.210743977981712050e+01,1.415365909616082973e+01,1.678451250288845387e+01,2.000000000000000000e+01
9.512091582564146108e+00,9.803422371937363877e+00,1.067741474005702074e+01,1.213406868692310958e+01,1.417338421253563752e+01,1.679536131689459921e+01,2.000000000000000000e+01
9.547477000121029178e+00,9.837824861228778417e+00,1.070886844455202791e+01,1.216060775009077233e+01,1.419304277784501700e+01,1.680617352781475660e+01,2.000000000000000000e+01
9.582743029929103429e+00,9.872111279097739001e+00,1.074021602660364749e+01,1.218705727244682890e+01,1.421263501662728146e+01,1.681694925914500161e+01,2.000000000000000000e+01
9.617890074793693955e+00,9.906282017160535247e+00,1.077145784426106090e+01,1.221341755609526913e+01,1.423216115266316351e+01,1.682768863396473691e+01,2.000000000000000000e+01
9.652918536161084972e+00,9.940337465712165255e+00,1.080259425436540965e+01,1.223968890212081462e+01,1.425162140897838015e+01,1.683839177493810979e+01,2.000000000000000000e+01
9.687828814123118804e+00,9.974278013730808468e+00,1.083362561255388457e+01,1.226587161059233821e+01,1.427101600784617830e+01,1.684905880431539416e+01,2.000000000000000000e+01
9.722621307421752235e+00,1.000810404888225946e+01,1.086455227326377937e+01,1.229196598056631373e+01,1.429034517078986255e+01,1.685968984393442227e+01,2.000000000000000000e+01
9.757296413453619977e+00,1.004181595752435108e+01,1.089537458973655148e+01,1.231797231009021587e+01,1.430960911858534423e+01,1.687028501522193835e+01,2.000000000000000000e+01
9.791854528274567926e+00,1.007541412471138464e+01,1.092609291402184013e+01,1.234389089620592728e+01,1.432880807126364964e+01,1.688084443919500544e+01,2.000000000000000000e+01
9.826296046604181100e+00,1.010889893419850871e+01,1.095670759698149510e+01,1.236972203495313494e+01,1.434794224811343355e+01,1.689136823646238739e+01,2.000000000000000000e+01
9.860621361830288478e+00,1.014227076844611197e+01,1.098721898829359134e+01,1.239546602137271591e+01,1.436701186768349459e+01,1.690185652722592025e+01,2.000000000000000000e+01
9.894830866013460735e+00,1.017553000862419665e+01,1.101762743645640796e+01,1.242112314951009466e+01,1.438601714778525675e+01,1.691230943128189068e+01,2.000000000000000000e+01
9.928924949891479557e+00,1.020867703461671638e+01,1.104793328879242864e+01,1.244669371241861100e+01,1.440495830549526701e+01,1.692272706802239668e+01,2.000000000000000000e+01
9.962904002883814059e+00,1.024171222502593004e+01,1.107813689145228153e+01,1.247217800216285966e+01,1.442383555715767507e+01,1.693310955643671889e+01,2.000000000000000000e+01
9.996768413096058126e+00,1.027463595717672185e+01,1.110823858941871833e+01,1.249757630982204404e+01,1.444264911838669896e+01,1.694345701511268132e+01,2.000000000000000000e+01
1.003051856732436242e+01,1.030744860712090727e+01,1.113823872651054359e+01,1.252288892549327137e+01,1.446139920406909063e+01,1.695376956223799780e+01,2.000000000000000000e+01
1.006415485105986463e+01,1.034015054964153535e+01,1.116813764538654752e+01,1.254811613829489936e+01,1.448008602836659264e+01,1.696404731560162560e+01,2.000000000000000000e+01
1.009767764849307881e+01,1.037274215825715906e+01,1.119793568754940338e+01,1.257325823636980999e+01,1.449870980471837711e+01,1.697429039259510475e+01,2.000000000000000000e+01
1.013108734251828480e+01,1.040522380522610923e+01,1.122763319334958609e+01,1.259831550688871360e+01,1.451727074584349353e+01,1.698449891021391878e+01,2.000000000000000000e+01
1.016438431473791759e+01,1.043759586155075247e+01,1.125723050198925890e+01,1.262328823605343864e+01,1.453576906374328814e+01,1.699467298505880564e+01,2.000000000000000000e+01
1.019756894546690518e+01,1.046985869698171356e+01,1.128672795152613872e+01,1.264817670910018066e+01,1.455420496970383581e+01,1.700481273333710774e+01,2.000000000000000000e+01
1.023064161373702063e+01,1.050201268002210320e+01,1.131612587887735444e+01,1.267298121030276548e+01,1.457257867429834519e+01,1.701491827086408648e+01,2.000000000000000000e+01
1.026360269730122177e+01,1.053405817793174215e+01,1.134542461982330863e+01,1.269770202297591588e+01,1.459089038738956745e+01,1.702498971306426157e+01,2.000000000000000000e+01
1.029645257263794278e+01,1.056599555673133217e+01,1.137462450901150390e+01,1.272233942947845620e+01,1.460914031813219083e+01,1.703502717497270424e+01,2.000000000000000000e+01
1.032919161495541616e+01,1.059782518120665351e+01,1.140372587996036913e+01,1.274689371121656123e+01,1.462732867497523159e+01,1.704503077123637667e+01,2.000000000000000000e+01
1.036182019819595013e+01,1.062954741491272870e+01,1.143272906506306796e+01,1.277136514864696260e+01,1.464545566566441792e+01,1.705500061611542861e+01,2.000000000000000000e+01
1.039433869504020080e+01,1.066116262017797212e+01,1.146163439559128960e+01,1.279575402128015149e+01,1.466352149724455600e+01,1.706493682348450491e+01,2.000000000000000000e+01
1.042674747691141945e+01,1.069267115810832358e+01,1.149044220169903952e+01,1.282006060768356548e+01,1.468152637606189970e+01,1.707483950683404217e+01,2.000000000000000000e+01
1.045904691397971220e+01,1.072407338859138548e+01,1.151915281242641242e+01,1.284428518548478415e+01,1.469947050776650599e+01,1.708470877927157616e+01,2.000000000000000000e+01
1.049123737516625354e+01,1.075536967030052260e+01,1.154776655570333688e+01,1.286842803137469105e+01,1.471735409731458510e+01,1.709454475352302083e+01,2.000000000000000000e+01
1.052331922814751053e+01,1.078656036069896729e+01,1.157628375835334111e+01,1.289248942111063201e+01,1.473517734897083997e+01,1.710434754193396145e+01,2.000000000000000000e+01
1.055529283935942786e+01,1.081764581604388553e+01,1.160470474609726921e+01,1.291646962951957001e+01,1.475294046631079325e+01,1.711411725647093363e+01,2.000000000000000000e+01
1.058715857400163074e+01,1.084862639139047502e+01,1.163302984355700787e+01,1.294036893050122394e+01,1.477064365222312858e+01,1.712385400872272001e+01,2.000000000000000000e+01
1.061891679604159044e+01,1.087950244059599036e+01,1.166125937425919190e+01,1.296418759703119328e+01,1.478828710891199449e+01,1.713355790990159733e+01,2.000000000000000000e+01
1.065056786821877211e+01,1.091027431632380562e+01,1.168939366063890972e+01,1.298792590116407908e+01,1.480587103789931902e+01,1.714322907084462244e+01,2.000000000000000000e+01
1.068211215204879139e+01,1.094094237004743420e+01,1.171743302404336973e+01,1.301158411403659265e+01,1.482339564002710475e+01,1.715286760201490779e+01,2.000000000000000000e+01
1.071355000782753031e+01,1.097150695205454163e+01,1.174537778473558447e+01,1.303516250587064818e+01,1.484086111545973807e+01,1.716247361350285416e+01,2.000000000000000000e+01
1.074488179463526372e+01,1.100196841145094950e+01,1.177322826189801219e+01,1.305866134597644823e+01,1.485826766368625762e+01,1.717204721502744036e+01,2.000000000000000000e+01
1.077610787034075912e+01,1.103232709616462515e+01,1.180098477363623033e+01,1.308208090275556934e+01,1.487561548352264396e+01,1.718158851593745240e+01,2.000000000000000000e+01
1.080722859160535521e+01,1.106258335294965001e+01,1.182864763698253796e+01,1.310542144370401729e+01,1.489290477311408623e+01,1.719109762521274476e+01,2.000000000000000000e+01
1.083824431388705101e+01,1.109273752739018803e+01,1.185621716789960089e+01,1.312868323541528781e+01,1.491013572993725056e+01,1.720057465146548736e+01,2.000000000000000000e+01
1.086915539144454534e+01,1.112278996390441677e+01,1.188369368128403991e+01,1.315186654358340945e+01,1.492730855080252539e+01,1.721001970294138772e+01,2.000000000000000000e+01
1.089996217734130468e+01,1.115274100574849037e+01,1.191107749097004742e+01,1.317497163300597762e+01,1.494442343185628097e+01,1.721943288752095214e+01,2.000000000000000000e+01
1.093066502344957946e+01,1.118259099502042275e+01,1.193836890973296150e+01,1.319799876758718504e+01,1.496148056858309872e+01,1.722881431272070429e+01,2.000000000000000000e+01
1.096126428045443291e+01,1.121234027266403110e+01,1.196556824929282925e+01,1.322094821034082379e+01,1.497848015580801828e+01,1.723816408569440739e+01,2.000000000000000000e+01
1.099176029785774134e+01,1.124198917847280299e+01,1.199267582031799506e+01,1.324382022339330689e+01,1.499542238769874558e+01,1.724748231323430758e+01,2.000000000000000000e+01
1.102215342398219278e+01,1.127153805109379725e+01,1.201969193242861778e+01,1.326661506798664547e+01,1.501230745776788567e+01,1.725676910177233481e+01,2.000000000000000000e+01
1.105244400597525001e+01,1.130098722803149158e+01,1.204661689420022341e+01,1.328933300448143839e+01,1.502913555887514008e+01,1.726602455738132491e+01,2.000000000000000000e+01
1.108263238981313847e+01,1.133033704565166211e+01,1.207345101316723301e+01,1.331197429235985297e+01,1.504590688322952197e+01,1.727524878577623468e+01,2.000000000000000000e+01
1.111271892030477915e+01,1.135958783918520076e+01,1.210019459582646917e+01,1.333453919022858436e+01,1.506262162239154279e+01,1.728444189231534622e+01,2.000000000000000000e+01
1.114270394109572848e+01,1.138873994273195756e+01,1.212684794764064833e+01,1.335702795582179547e+01,1.507927996727540432e+01,1.729360398200147131e+01,2.000000000000000000e+01
1.117258779467212193e+01,1.141779368926456151e+01,1.215341137304188734e+01,1.337944084600409056e+01,1.509588210815118003e+01,1.730273515948314866e+01,2.000000000000000000e+01
1.120237082236456239e+01,1.144674941063221318e+01,1.217988517543516735e+01,1.340177811677342135e+01,1.511242823464698048e+01,1.731183552905583767e+01,2.000000000000000000e+01
1.123205336435202817e+01,1.147560743756447010e+01,1.220626965720180479e+01,1.342404002326402157e+01,1.512891853575112577e+01,1.732090519466311918e+01,2.000000000000000000e+01
1.126163575966576680e+01,1.150436809967504992e+01,1.223256511970290461e+01,1.344622681974932554e+01,1.514535319981431627e+01,1.732994425989787146e+01,2.000000000000000000e+01
1.129111834619315502e+01,1.153303172546556610e+01,1.225877186328280288e+01,1.346833875964486538e+01,1.516173241455175358e+01,1.733895282800346394e+01,2.000000000000000000e+01
1.132050146068156238e+01,1.156159864232929557e+01,1.228489018727249871e+01,1.349037609551117178e+01,1.517805636704531302e+01,1.734793100187491888e+01,2.000000000000000000e+01
1.134978543874219703e+01,1.159006917655491264e+01,1.231092038999306482e+01,1.351233907905664822e+01,1.519432524374566640e+01,1.735687888406011581e+01,2.000000000000000000e+01
1.137897061485394445e+01,1.161844365333022289e+01,1.233686276875906174e+01,1.353422796114045923e+01,1.521053923047441359e+01,1.736579657676092481e+01,2.000000000000000000e+01
1.140805732236718129e+01,1.164672239674587040e+01,1.236271761988194129e+01,1.355604299177538685e+01,1.522669851242621242e+01,1.737468418183441443e+01,2.000000000000000000e+01
1.143704589350758205e+01,1.167490572979903796e+01,1.238848523867340745e+01,1.357778442013068698e+01,1.524280327417087832e+01,1.738354180079398148e+01,2.000000000000000000e+01
1.146593665937992057e+01,1.170299397439714362e+01,1.241416591944881986e+01,1.359945249453494043e+01,1.525885369965551064e+01,1.739236953481053050e+01,2.000000000000000000e+01
1.149472994997184827e+01,1.173098745136151955e+01,1.243975995553053338e+01,1.362104746247888620e+01,1.527484997220658336e+01,1.740116748471361774e+01,2.000000000000000000e+01
1.152342609415765828e+01,1.175888648043105533e+01,1.246526763925125181e+01,1.364256957061824416e+01,1.529079227453203238e+01,1.740993575099261648e+01,2.000000000000000000e+01
1.155202541970204777e+01,1.178669138026587859e+01,1.249068926195737461e+01,1.366401906477653583e+01,1.530668078872336046e+01,1.741867443379784675e+01,2.000000000000000000e+01
1.158052825326386781e+01,1.181440246845098230e+01,1.251602511401232931e+01,1.368539618994790175e+01,1.532251569625770493e+01,1.742738363294173709e+01,2.000000000000000000e+01
1.160893492039983954e+01,1.184202006149984321e+01,1.254127548479985776e+01,1.370670119029987966e+01,1.533829717799991244e+01,1.743606344789995077e+01,2.000000000000000000e+01
1.163724574556828095e+01,1.186954447485804920e+01,1.256644066272736282e+01,1.372793430917621116e+01,1.535402541420459954e+01,1.744471397781252975e+01,2.000000000000000000e+01
1.166546105213281059e+01,1.189697602290689815e+01,1.259152093522916616e+01,1.374909578909960750e+01,1.536970058451822752e+01,1.745333532148502442e+01,2.000000000000000000e+01
1.169358116236604772e+01,1.192431501896698798e+01,1.261651658876981941e+01,1.377018587177453490e+01,1.538532286798113802e+01,1.746192757738962342e+01,2.000000000000000000e+01
1.172160639745328581e+01,1.195156177530180486e+01,1.264142790884736556e+01,1.379120479808996436e+01,1.540089244302960303e+01,1.747049084366627980e+01,2.000000000000000000e+01
1.174953707749615717e+01,1.197871660312126352e+01,1.266625517999658612e+01,1.381215280812211788e+01,1.541640948749786588e+01,1.747902521812382304e+01,2.000000000000000000e+01
1.177737352151630645e+01,1.200577981258529547e+01,1.269099868579227319e+01,1.383303014113722895e+01,1.543187417862016986e+01,1.748753079824109236e+01,2.000000000000000000e+01
1.180511604745900911e+01,1.203275171280736977e+01,1.271565870885245531e+01,1.385383703559425683e+01,1.544728669303278323e+01,1.749600768116803096e+01,2.000000000000000000e+01
1.183276497219683421e+01,1.205963261185803148e+01,1.274023553084163041e+01,1.387457372914762566e+01,1.546264720677601900e+01,1.750445596372680868e+01,2.000000000000000000e+01
1.186032061153323269e+01,1.208642281676841890e+01,1.276472943247398462e+01,1.389524045864992452e+01,1.547795589529624039e+01,1.751287574241293044e+01,2.000000000000000000e+01
1.188778328020616115e+01,1.211312263353376650e+01,1.278914069351658966e+01,1.391583746015461998e+01,1.549321293344786810e+01,1.752126711339632692e+01,2.000000000000000000e+01
1.191515329189167538e+01,1.213973236711690618e+01,1.281346959279260034e+01,1.393636496891875609e+01,1.550841849549537521e+01,1.752963017252245592e+01,2.000000000000000000e+01
1.194243095920751507e+01,1.216625232145174884e+01,1.283771640818445903e+01,1.395682321940563675e+01,1.552357275511528556e+01,1.753796501531340724e+01,2.000000000000000000e+01
1.196961659371666542e+01,1.219268279944675726e+01,1.286188141663703632e+01,1.397721244528749907e+01,1.553867588539814726e+01,1.754627173696897913e+01,2.000000000000000000e+01
1.199671050593092758e+01,1.221902410298840103e+01,1.288596489416082491e+01,1.399753287944819569e+01,1.555372805885051513e+01,1.755455043236778323e+01,2.000000000000000000e+01
1.202371300531444831e+01,1.224527653294460272e+01,1.290996711583506595e+01,1.401778475398583623e+01,1.556872944739691533e+01,1.756280119606830326e+01,2.000000000000000000e+01
1.205062440028727977e+01,1.227144038916818758e+01,1.293388835581091456e+01,1.403796830021546072e+01,1.558368022238182249e+01,1.757102412230999988e+01,2.000000000000000000e+01
1.207744499822887896e+01,1.229751597050029766e+01,1.295772888731455907e+01,1.405808374867165966e+01,1.559858055457159942e+01,1.757921930501437657e+01,2.000000000000000000e+01
1.210417510548162490e+01,1.232350357477380065e+01,1.298148898265033324e+01,1.407813132911121912e+01,1.561343061415645828e+01,1.758738683778604894e+01,2.000000000000000000e+01
1.213081502735433048e+01,1.234940349881670940e+01,1.300516891320384971e+01,1.409811127051574786e+01,1.562823057075240740e+01,1.759552681391382123e+01,2.000000000000000000e+01
1.215736506812571172e+01,1.237521603845555163e+01,1.302876894944507669e+01,1.411802380109428334e+01,1.564298059340317337e+01,1.760363932637174500e+01,2.000000000000000000e+01
1.218382553104787114e+01,1.240094148851876277e+01,1.305228936093144299e+01,1.413786914828590291e+01,1.565768085058215142e+01,1.761172446782018142e+01,2.000000000000000000e+01
1.221019671834976705e+01,1.242658014284004864e+01,1.307573041631090405e+01,1.415764753876232440e+01,1.567233151019431503e+01,1.761978233060687060e+01,2.000000000000000000e+01
1.223647893124065433e+01,1.245213229426174628e+01,1.309909238332502568e+01,1.417735919843049075e+01,1.568693273957814327e+01,1.762781300676797613e+01,2.000000000000000000e+01
1.226267246991353232e+01,1.247759823463815465e+01,1.312237552881202873e+01,1.419700435243514924e+01,1.570148470550751796e+01,1.763581658802913310e+01,2.000000000000000000e+01
1.228877763354857322e+01,1.250297825483889014e+01,1.314558011870984444e+01,1.421658322516142903e+01,1.571598757419365100e+01,1.764379316580650681e+01,2.000000000000000000e+01
1.231479472031653444e+01,1.252827264475218527e+01,1.316870641805914133e+01,1.423609604023740083e+01,1.573044151128696555e+01,1.765174283120783016e+01,2.000000000000000000e+01
1.234072402738217278e+01,1.255348169328822294e+01,1.319175469100637699e+01,1.425554302053662958e+01,1.574484668187898606e+01,1.765966567503344109e+01,2.000000000000000000e+01
1.236656585090762484e+01,1.257860568838241200e+01,1.321472520080677882e+01,1.427492438818071818e+01,1.575920325050423543e+01,1.766756178777733055e+01,2.000000000000000000e+01
1.239232048605580871e+01,1.260364491699870015e+01,1.323761820982738513e+01,1.429424036454185654e+01,1.577351138114211437e+01,1.767543125962816219e+01,2.000000000000000000e+01
1.241798822699377425e+01,1.262859966513283538e+01,1.326043397955002234e+01,1.431349117024533157e+01,1.578777123721876308e+01,1.768327418047032040e+01,2.000000000000000000e+01
1.244356936689608339e+01,1.265347021781563619e+01,1.328317277057429635e+01,1.433267702517206210e+01,1.580198298160893522e+01,1.769109063988491215e+01,2.000000000000000000e+01
1.246906419794814624e+01,1.267825685911625122e+01,1.330583484262057326e+01,1.435179814846110880e+01,1.581614677663785784e+01,1.769888072715082217e+01,2.000000000000000000e+01
1.249447301134955346e+01,1.270295987214539757e+01,1.332842045453293878e+01,1.437085475851216465e+01,1.583026278408308585e+01,1.770664453124569704e+01,2.000000000000000000e+01
1.251979609731742116e+01,1.272757953905860262e+01,1.335092986428215411e+01,1.438984707298806676e+01,1.584433116517634588e+01,1.771438214084698970e+01,2.000000000000000000e+01
1.254503374508969138e+01,1.275211614105942104e+01,1.337336332896861535e+01,1.440877530881726898e+01,1.585835208060538370e+01,1.772209364433296130e+01,2.000000000000000000e+01
1.257018624292843256e+01,1.277656995840264109e+01,1.339572110482527378e+01,1.442763968219632353e+01,1.587232569051579567e+01,1.772977912978368664e+01,2.000000000000000000e+01
1.259525387812314712e+01,1.280094127039750340e+01,1.341800344722057758e+01,1.444644040859236078e+01,1.588625215451286010e+01,1.773743868498207021e+01,2.000000000000000000e+01
1.262023693699403992e+01,1.282523035541087175e+01,1.344021061066137079e+01,1.446517770274552994e+01,1.590013163166335630e+01,1.774507239741484454e+01,2.000000000000000000e+01
