0.000000000000000000e+00,5.540166204986148729e-02,2.216066481994459492e-01,4.986149584487534203e-01,8.864265927977837967e-01,1.385041551246537272e+00,1.994459833795013681e+00,2.714681440443213134e+00,3.545706371191135187e+00,4.487534626038780061e+00,5.540166204986149090e+00,6.703601108033241829e+00,7.977839335180054725e+00,9.362880886426589555e+00,1.085872576177285254e+01,1.246537396121883745e+01,1.418282548476454075e+01,1.601108033240996775e+01,1.795013850415512024e+01,2.000000000000000000e+01
1.347293369715218958e-01,1.897577875616285048e-01,3.548431393319482208e-01,6.299853922824811825e-01,1.015184546413227196e+00,1.510440601724186482e+00,2.115753558215359043e+00,2.831123415886744432e+00,3.656550174738343095e+00,4.592033834770154144e+00,5.637574395982180242e+00,6.793171858374419614e+00,8.058826221946869595e+00,9.434537486699532849e+00,1.092030565263241293e+01,1.251613071974550451e+01,1.422201268803880581e+01,1.603795155751232215e+01,1.796394732816605355e+01,2.000000000000000000e+01
2.685510742310048826e-01,3.232088274879826861e-01,4.871820872589160967e-01,7.604708535438052808e-01,1.143075126342649961e+00,1.634994905655450470e+00,2.236230191482206475e+00,2.946780983822918198e+00,3.766647282677585196e+00,4.695829088046207467e+00,5.734326399928787232e+00,6.882139218325322716e+00,8.139267543235810365e+00,9.505711374660254620e+00,1.098147071259865726e+01,1.256654555705101650e+01,1.426093590801732702e+01,1.606464176549759060e+01,1.797766312949181611e+01,2.000000000000000000e+01
4.014713257938207214e-01,4.557608789079652389e-01,6.186295382503987916e-01,8.900773038211216015e-01,1.270104175620133224e+00,1.758710153647434105e+00,2.355895237903024242e+00,3.061659428386902970e+00,3.876002725099070734e+00,4.798925128039527088e+00,5.830426637208274698e+00,6.970507252605311344e+00,8.219166974230633471e+00,9.576405802084245522e+00,1.104222373616615016e+01,1.261662077647634383e+01,1.429959692301482121e+01,1.609115217578158763e+01,1.799128653477664841e+01,2.000000000000000000e+01
5.334961644884783638e-01,5.874199978278454859e-01,7.491914978459467411e-01,1.018810664542782130e+00,1.396277497918351873e+00,1.881591997972655639e+00,2.474754164705693871e+00,3.175763998117465903e+00,3.984621498207971957e+00,4.901326664977212033e+00,5.925879498425187464e+00,7.058279998551897805e+00,8.298528165357339503e+00,9.646623998841514336e+00,1.110256749900442941e+01,1.266635866584607584e+01,1.433799749936645362e+01,1.611748399956556455e+01,1.800481816644341393e+01,2.000000000000000000e+01
6.646316222340797886e-01,7.181921994578082113e-01,8.788739311289929246e-01,1.146676817247634483e+00,1.521600857813732777e+00,2.003646052827287249e+00,2.592812402288299012e+00,3.289099906196766732e+00,4.092508564552691297e+00,5.003038377356071820e+00,6.020689344606910076e+00,7.145461466305206066e+00,8.377354742450956238e+00,9.716369173044160590e+00,1.116250475808482889e+01,1.271576149757295049e+01,1.437613939150852538e+01,1.614363843989155711e+01,1.801825864272204925e+01,2.000000000000000000e+01
7.948836903159084422e-01,8.480834584867785741e-01,1.007682762999388526e+00,1.273681603853738853e+00,1.646079981049829222e+00,2.124877894587659632e+00,2.710075344467230529e+00,3.401672330688541024e+00,4.199668853251592004e+00,5.104064912156382583e+00,6.114860507402913647e+00,7.232055638991186086e+00,8.455650306921196346e+00,9.785644511192945316e+00,1.122203825180644010e+01,1.276483152876167182e+01,1.441402434205864225e+01,1.616961669169734961e+01,1.803160857767780456e+01,2.000000000000000000e+01
9.242583196591436234e-01,9.770997093553788204e-01,1.135623878444083745e+00,1.399830826925259064e+00,1.769720554798904555e+00,2.245293062065019996e+00,2.826548348723605386e+00,3.513486414774661171e+00,4.306107260218187349e+00,5.204410885054182145e+00,6.208397289282649112e+00,7.318066472903586472e+00,8.533418435916992451e+00,9.854453178322865270e+00,1.128117070012121381e+01,1.281357100131203275e+01,1.445165408189531675e+01,1.619541994187107292e+01,1.804486858123929949e+01,2.000000000000000000e+01
1.052761421100760764e+00,1.105246846527074389e+00,1.262703122806015266e+00,1.525130249937583837e+00,1.892528227921779660e+00,2.364897056758602734e+00,2.942236736448053058e+00,3.624547266990131078e+00,4.411828648384836349e+00,5.304080880632167982e+00,6.301303963732128643e+00,7.403497897684717444e+00,8.610662682489930830e+00,9.922798318147769692e+00,1.133990480465824113e+01,1.286198214202133983e+01,1.448903033023706044e+01,1.622104936930541186e+01,1.805803925922639053e+01,2.000000000000000000e+01
1.180398865659577634e+00,1.232530724757473495e+00,1.388926302051161077e+00,1.649585597540640602e+00,2.014508611225912293e+00,2.483695343106975262e+00,3.057145793183829952e+00,3.734859961456476807e+00,4.516837847924914939e+00,5.403079452589144793e+00,6.393584775449167701e+00,7.488353816504982774e+00,8.687386575756587348e+00,9.990683053203982311e+00,1.139824324884717477e+01,1.291006716268615762e+01,1.452615479472092730e+01,1.624650614495148915e+01,1.807112121337784671e+01,2.000000000000000000e+01
1.307176484804486449e+00,1.358957159361814826e+00,1.514299183033799512e+00,1.773202555820440951e+00,2.135667277721739143e+00,2.601693348737693867e+00,3.171280768868304900e+00,3.844429538113572242e+00,4.621139656473497226e+00,5.501411123948077631e+00,6.485243940537315233e+00,7.572638106241210920e+00,8.763593621059760252e+00,1.005811048499296412e+01,1.145618869804083140e+01,1.295782826020335321e+01,1.456302917148052778e+01,1.627179143187235866e+01,1.808411504137884762e+01,2.000000000000000000e+01
1.433100070720885189e+00,1.484531926480661124e+00,1.638827493759988707e+00,1.895986772558868383e+00,2.256009762877300151e+00,2.718896464715283567e+00,3.284646878072819298e+00,3.953261002949906011e+00,4.724738839346544594e+00,5.599080387262735492e+00,6.576285646698478260e+00,7.656354617653774675e+00,8.839287300128619407e+00,1.012508369412301690e+01,1.151374379963696981e+01,1.300526761667047282e+01,1.459965514522352414e+01,1.629690638529612912e+01,1.809702133688828596e+01,2.000000000000000000e+01
1.558175376575303694e+00,1.609260763343793199e+00,1.762516923649261269e+00,2.017943857491708570e+00,2.375541564871134881e+00,2.835310045787540201e+00,3.397249300240924086e+00,4.061359328231286980e+00,4.827640129758629328e+00,5.696091704822949353e+00,6.666714053424249720e+00,7.739507175562529540e+00,8.914471071237786148e+00,1.019160574045002043e+01,1.157091118319923773e+01,1.305238739948543447e+01,1.463603438930860356e+01,1.632185215266875389e+01,1.810984068956588544e+01,2.000000000000000000e+01
1.682408116778257856e+00,1.733149368532334700e+00,1.885373123794565009e+00,2.139079382564949228e+00,2.494268144843487356e+00,2.950939410630178728e+00,3.509093179925024231e+00,4.168729452728022977e+00,4.929848229039175855e+00,5.792449508858481977e+00,6.756533292185942230e+00,7.822099579021557503e+00,8.989148369365324243e+00,1.025767966321724245e+01,1.162769346057731923e+01,1.309918976144554925e+01,1.467216856582192896e+01,1.634662987370646192e+01,1.812257368509915167e+01,2.000000000000000000e+01
1.805803967245327435e+00,1.856203402239107625e+00,2.007401707220448195e+00,2.259398882189349589e+00,2.612194927145811363e+00,3.065789842089833961e+00,3.620183627021416939e+00,4.275376281940559409e+00,5.031367806847263147e+00,5.888158201741527265e+00,6.845747466623352651e+00,7.904135601492739305e+00,9.063322606349684563e+00,1.032330848119418754e+01,1.168409322602625622e+01,1.314567684084588528e+01,1.470805932565307117e+01,1.637124068044781566e+01,1.813522090523012764e+01,2.000000000000000000e+01
1.928368565656475297e+00,1.978428486527233021e+00,2.128608249139505748e+00,2.378907853493294144e+00,2.729327299588598432e+00,3.179866587425417279e+00,3.730525717003752018e+00,4.381304688323601759e+00,5.132203501384966948e+00,5.983222156187847141e+00,6.934360652732243224e+00,7.985618991018156088e+00,9.136997171045582178e+00,1.038849519281452061e+01,1.174011305632498114e+01,1.319185076157695491e+01,1.474370830857044012e+01,1.639568569730544212e+01,1.814778292778196089e+01,2.000000000000000000e+01
2.050107511713614716e+00,2.099830205586984189e+00,2.248998287207092606e+00,2.497611756573939967e+00,2.845670613687526718e+00,3.293174858547851969e+00,3.840124491154916164e+00,4.486519511508719305e+00,5.232359919609261389e+00,6.077645715456542419e+00,7.022376899050563281e+00,8.066553470391323089e+00,9.210175429478820064e+00,1.045324277631305598e+01,1.179575551089403440e+01,1.323771363322174999e+01,1.477911714329620096e+01,1.641996604111739444e+01,1.816026032668532508e+01,2.000000000000000000e+01
2.171026367396462486e+00,2.220414105990932363e+00,2.368577321774341105e+00,2.615516014746689155e+00,2.961230184907976515e+00,3.405719832258203184e+00,3.948984956797369161e+00,4.591025558525474004e+00,5.331841637442519044e+00,6.171433193548502061e+00,7.109800226843425719e+00,8.146942737327288242e+00,9.282860725000089630e+00,1.051755418986182811e+01,1.185102313191251078e+01,1.328326755115213054e+01,1.481428744758068738e+01,1.644408282119818310e+01,1.817265367200462123e+01,2.000000000000000000e+01
2.291130657216633448e+00,2.340185696947335359e+00,2.487350816139440646e+00,2.732626014792950198e+00,3.076011292907863126e+00,3.517506650484179431e+00,4.057112087521900001e+00,4.694827604021023504e+00,5.430653199981550827e+00,6.264588875403481971e+00,7.196634630286817824e+00,8.226790464631557498e+00,9.355056378437698328e+00,1.058143237170524209e+01,1.190591844443419411e+01,1.332851459662454907e+01,1.484922082827630341e+01,1.646803713938946245e+01,1.818496352996402621e+01,2.000000000000000000e+01
2.410425868470058575e+00,2.459150450551859102e+00,2.605324196797260239e+00,2.848947107206261986e+00,3.190019181778864787e+00,3.628540420515068199e+00,4.164510823414872220e+00,4.797930390478277296e+00,5.528799121705283426e+00,6.357117017095889722e+00,7.282884076650097072e+00,8.306100300367907252e+00,9.426765688249314934e+00,1.064488024029432189e+01,1.196044395650293524e+01,1.337345683687514786e+01,1.488391888141095620e+01,1.649183009011036916e+01,1.819719046297338139e+01,2.000000000000000000e+01
2.528917451487682211e+00,2.577313802037577872e+00,2.722502853687264412e+00,2.964484606436742720e+00,3.303259060286012350e+00,3.738826215235072858e+00,4.271186071283924690e+00,4.900338628432566956e+00,5.626283886681001434e+00,6.449021846029226346e+00,7.368552506477243469e+00,8.384875868025051915e+00,9.497991930672650795e+00,1.070790069442003833e+01,1.201460215926722341e+01,1.341809632521419715e+01,1.491838319226095777e+01,1.651546276040751238e+01,1.820933502965385742e+01,2.000000000000000000e+01
2.646610819884471777e+00,2.694681150023296112e+00,2.838892140439768230e+00,3.079243791133889463e+00,3.415736102105658922e+00,3.848369073355075720e+00,4.377142704882142077e+00,5.002056996686856216e+00,5.723111948769219026e+00,6.540307561129228731e+00,7.453643833766888882e+00,8.463120766682198592e+00,9.568738359875153421e+00,1.077049661334575426e+01,1.206839552709400998e+01,1.346243510111991171e+01,1.495261533542345944e+01,1.653893623000465496e+01,1.822139778486350181e+01,2.000000000000000000e+01
2.763511350806759914e+00,2.811257856760204010e+00,2.954497374620535410e+00,3.193229904387754559e+00,3.527455446061862343e+00,3.957173999642856543e+00,4.482385565130739380e+00,5.103090142525509521e+00,5.819287731827167853e+00,6.630978333035713490e+00,7.538161946151147319e+00,8.540838571173470228e+00,9.639008208102678665e+00,1.083267085693877263e+01,1.212182651768175923e+01,1.350647519033163313e+01,1.498661687488839078e+01,1.656225157135203574e+01,1.823337927972257333e+01,2.000000000000000000e+01
2.879624385177907975e+00,2.927049248376861090e+00,3.069323837973720437e+00,3.306448153968486459e+00,3.638422196361158711e+00,4.065245965151737195e+00,4.586919460340221910e+00,5.203442681926611968e+00,5.914815629910910033e+00,6.721038304293113441e+00,7.622110705073223968e+00,8.618032832251241615e+00,9.708804685827162828e+00,1.089442626580098938e+01,1.217489757217272839e+01,1.355021860494237096e+01,1.502038936410991532e+01,1.658540984967536858e+01,1.824528006163872718e+01,2.000000000000000000e+01
2.994955227942326381e+00,3.042060615122541556e+00,3.183376776663187080e+00,3.418903712564262953e+00,3.748641422825769176e+00,4.172589907447704860e+00,4.690749166430072670e+00,5.303119199772869052e+00,6.009700007476096673e+00,6.810491589539753754e+00,7.705493945963842073e+00,8.694707076748361629e+00,9.778130981893308871e+00,1.095576566139868646e+01,1.222761111526449795e+01,1.359366734349073802e+01,1.505393434607740666e+01,1.660841212302450387e+01,1.825710067433203676e+01,2.000000000000000000e+01
3.109509148307847415e+00,3.156297211608933839e+00,3.296661401512192668e+00,3.530601718017623902e+00,3.858118161125228429e+00,4.279210730835004917e+00,4.793879427146953809e+00,5.402124250061075550e+00,6.103945199577370140e+00,6.899342275695836690e+00,7.788315478416476978e+00,8.770864807739290114e+00,9.846990263664274323e+00,1.101669184619142783e+01,1.227996955532076129e+01,1.363682339105226404e+01,1.508725335338593787e+01,1.663125944232178455e+01,1.826884165785980230e+01,2.000000000000000000e+01
3.223291379986448213e+00,3.269764257050197909e+00,3.409182888241446108e+00,3.641547273560193254e+00,3.966857413006439792e+00,4.385113306580183945e+00,4.896314954281428378e+00,5.500462356110171314e+00,6.197555512066412753e+00,6.987594422150152695e+00,7.870579086361392918e+00,8.846509504700133419e+00,9.915385677166367984e+00,1.107720760376010283e+01,1.233197528448133973e+01,1.367968871933007513e+01,1.512034790830630548e+01,1.665395285141003612e+01,1.828050354864126703e+01,2.000000000000000000e+01
3.336307121433390588e+00,3.382466935501442507e+00,3.520946377705596486e+00,3.751745448045854303e+00,4.074864146522215513e+00,4.490302473134678785e+00,4.998060427883246781e+00,5.598138010767915951e+00,6.290535221788688958e+00,7.075252060945565802e+00,7.952288528238545595e+00,8.921644623667628338e+00,9.983320347232812253e+00,1.113731569893409912e+01,1.238363067877149426e+01,1.372226528674499058e+01,1.515321952285458629e+01,1.667649338710028317e+01,1.829208687948208834e+01,2.000000000000000000e+01
3.448561536084708834e+00,3.494410396095554816e+00,3.631956976128091430e+00,3.861201276182320008e+00,4.182143296258240106e+00,4.594783036355850392e+00,5.099120496475153530e+00,5.695155676616146856e+00,6.382888576778832146e+00,7.162319196963208512e+00,8.033447537169276842e+00,8.996273597397037136e+00,1.005079737764648584e+01,1.119701887791762651e+01,1.243493809821046270e+01,1.376455503852498730e+01,1.518586969886120208e+01,1.669888207921910706e+01,1.830359217959870577e+01,2.000000000000000000e+01
3.560059752593121019e+00,3.605599753278458941e+00,3.742219755334471376e+00,3.969919758761159212e+00,4.288699763558522449e+00,4.698559769726561086e+00,5.199499777265275569e+00,5.791519786174664119e+00,6.474619796454728515e+00,7.248799808105466980e+00,8.114059821126881289e+00,9.070399835518973219e+00,1.011781985128173744e+01,1.125631986841517573e+01,1.248589988691929342e+01,1.380655990679408518e+01,1.521829992803954923e+01,1.672111995065568735e+01,1.831501997464250309e+01,2.000000000000000000e+01
3.670806865062350433e+00,3.716040087042787210e+00,3.851739752984097098e+00,4.077905862886280097e+00,4.394538416749337983e+00,4.801637414573267648e+00,5.299202856358071756e+00,5.887234742103748530e+00,6.565733071810299748e+00,7.334697845477721856e+00,8.194129063106020183e+00,9.144026724695191177e+00,1.018439083024523484e+01,1.131522137975615117e+01,1.253651837322794371e+01,1.384828181066060893e+01,1.525051169205414503e+01,1.674320801740855202e+01,1.832637078672383879e+01,2.000000000000000000e+01
3.780807933279852762e+00,3.825736443159964306e+00,3.960521972800297608e+00,4.185164522200853554e+00,4.499664091361632146e+00,4.904020680282632938e+00,5.398234288963856820e+00,5.982304917405301126e+00,6.656232565606970297e+00,7.420017233568859893e+00,8.273658921290973467e+00,9.217157628773311018e+00,1.025051335601586722e+01,1.137372610301864384e+01,1.258679586978164977e+01,1.388972265630487612e+01,1.528250646258832113e+01,1.676514728863199011e+01,1.833764513443588129e+01,2.000000000000000000e+01
3.890067982948002268e+00,3.934693833410750408e+00,4.068571384798993940e+00,4.291700637112732863e+00,4.604081590351968956e+00,5.005714244516700440e+00,5.496598599606927316e+00,6.076734655622649584e+00,6.746122412563869020e+00,7.504761870430582960e+00,8.352653029222793180e+00,9.289795888940501456e+00,1.031619044958370246e+01,1.143183671115239797e+01,1.263673467364659331e+01,1.393088433706628493e+01,1.531428570141146750e+01,1.678693876668214457e+01,1.834884353287832326e+01,2.000000000000000000e+01
3.998592005913688130e+00,4.042917235814204702e+00,4.175892925515752196e+00,4.397519075018332835e+00,4.707795684321945728e+00,5.106722753426590877e+00,5.594300282332267393e+00,6.170528271038977053e+00,6.835406719546718080e+00,7.588935627855491362e+00,8.431114995965296899e+00,9.361944823876136468e+00,1.038142511158800652e+01,1.148955585910090704e+01,1.268633706641484338e+01,1.397176873352981197e+01,1.534585086044580748e+01,1.680858344716283881e+01,1.835996649368090061e+01,2.000000000000000000e+01
4.106384960396390227e+00,4.150411594855126118e+00,4.282491498231332017e+00,4.502624670525010586e+00,4.810811111736161827e+00,5.207050821864783963e+00,5.691343800910876993e+00,6.263690048874441807e+00,6.924089565755478404e+00,7.672542351553985895e+00,8.509048406269965170e+00,9.433607729903418004e+00,1.044622032245433907e+01,1.154688618392273014e+01,1.273560531430859832e+01,1.401237771361193651e+01,1.537720338183274293e+01,1.683008231897102291e+01,1.837101452502677290e+01,2.000000000000000000e+01
4.213451771214710817e+00,4.257181821709962399e+00,4.388371973195710929e+00,4.607022225671961735e+00,4.913132579138713041e+00,5.306703033595963959e+00,5.787733589043715376e+00,6.356224245481966406e+00,7.012175002910717936e+00,7.755585861329969077e+00,8.586456820739721607e+00,9.504787881139975525e+00,1.051057904253072550e+01,1.160383030491197687e+01,1.278454166828373140e+01,1.405271313264598554e+01,1.540834469799873752e+01,1.685143636434198910e+01,1.838198813167574386e+01,2.000000000000000000e+01
4.319797330011370562e+00,4.363232794471173293e+00,4.493539187850578820e+00,4.710716510149589809e+00,5.014764761368207147e+00,5.405683941506427281e+00,5.883474050564252877e+00,6.448135088541682158e+00,7.099667055438716901e+00,7.838069951255355328e+00,8.663343775991599216e+00,9.575488529647449454e+00,1.057450421222290160e+01,1.166039082371795566e+01,1.283314836413262050e+01,1.409277683346688903e+01,1.543927623172075769e+01,1.687264655889423182e+01,1.839288781498731140e+01,2.000000000000000000e+01
4.425426495476703082e+00,4.468569358370119815e+00,4.597997947050367351e+00,4.813712261517449242e+00,5.115712301771364601e+00,5.503998067812111650e+00,5.978569559639691278e+00,6.539426777254103484e+00,7.186569720655348270e+00,7.919998389843424746e+00,8.739712784818335578e+00,9.645712905580079877e+00,1.063799875212865587e+01,1.171657032446406177e+01,1.288142762258630469e+01,1.413257064649537931e+01,1.546999939619128384e+01,1.689371387167402006e+01,1.840371407294359329e+01,2.000000000000000000e+01
4.530344093570635167e+00,4.573196325998417855e+00,4.701753023281763255e+00,4.916014185420674032e+00,5.215979812415150185e+00,5.601649904265189939e+00,6.073024460970793292e+00,6.630103482531961134e+00,7.272886968948694353e+00,8.001374920220989395e+00,8.815567336348852479e+00,9.715464217332279162e+00,1.070106556317126767e+01,1.177237137386581978e+01,1.292938164941594081e+01,1.417209638982162545e+01,1.550051559508287014e+01,1.691463926519967842e+01,1.841446740017205741e+01,2.000000000000000000e+01
4.634554917743177072e+00,4.677118477527821838e+00,4.804809156881756138e+00,5.017626955804980859e+00,5.315571874297495114e+00,5.698643912359299790e+00,6.166843069990394000e+00,6.720169347190777742e+00,7.358622743960452794e+00,8.082203260299415604e+00,8.890910896207669722e+00,9.784745651685215151e+00,1.076370752673204834e+01,1.182779652134816928e+01,1.297701263553358331e+01,1.421135586928828864e+01,1.553082622261227996e+01,1.693542369550555904e+01,1.842514828796813475e+01,2.000000000000000000e+01
4.738063729153417114e+00,4.780340560928615368e+00,4.907171056254209240e+00,5.118555215130200509e+00,5.414493037556589172e+00,5.794984523533374343e+00,6.260029673060555133e+00,6.809628486138132430e+00,7.443780962766107123e+00,8.162487102944478323e+00,8.965746906673246031e+00,9.853560373952410245e+00,1.082592750478197097e+01,1.188284829916192464e+01,1.302432275709228193e+01,1.425035087857303395e+01,1.556093266360417715e+01,1.695606811218571863e+01,1.843575722431765840e+01,2.000000000000000000e+01
4.840875256887056111e+00,4.882867292186539032e+00,5.008843398084982468e+00,5.218803574582391747e+00,5.512747821678765092e+00,5.890676139374102505e+00,6.352588527668402207e+00,6.898484986561665977e+00,7.528365516053893813e+00,8.242230116145083940e+00,9.040078786835239910e+00,9.921911528124358171e+00,1.088772834001244050e+01,1.193752922249948512e+01,1.307131417558549558e+01,1.428908319927047010e+01,1.559083629355440515e+01,1.697657345843730425e+01,1.844629469391916743e+01,2.000000000000000000e+01
4.942994198172465659e+00,4.984703355518249168e+00,5.109830827555595256e+00,5.318376614284508364e+00,5.610340715704987602e+00,5.985723131817032083e+00,6.444523862620640919e+00,6.986742908115814998e+00,7.612380268302555208e+00,8.321435943180858885e+00,9.113909932750729581e+00,9.989802237012165520e+00,1.094911285596516670e+01,1.199184178960972957e+01,1.311798903794586302e+01,1.432755460097356170e+01,1.562053847869282031e+01,1.699694067110364770e+01,1.845676117820603679e+01,2.000000000000000000e+01
5.044425218595294247e+00,5.085853403585335997e+00,5.210137958555456805e+00,5.417278883505660225e+00,5.707276178435946257e+00,6.080129843346313123e+00,6.535839878236760825e+00,7.074406283107289362e+00,7.695829057957901398e+00,8.400108202788592493e+00,9.187243717599367088e+00,1.005723560239022341e+01,1.101008385716115967e+01,1.204578848191217588e+01,1.316434947664327737e+01,1.436576684135446058e+01,1.565004057604572196e+01,1.701717068071706507e+01,1.846715715536848990e+01,2.000000000000000000e+01
5.145172952311629189e+00,5.186322057706888700e+00,5.309769373892663680e+00,5.515514900868956794e+00,5.803558638635768041e+00,6.173900587193095646e+00,6.626540746540940496e+00,7.161479116679302592e+00,7.778715697608182822e+00,8.478250489327578521e+00,9.260083491837493241e+00,1.012421470513792698e+01,1.107064412922887442e+01,1.209937176411033732e+01,1.321039760978232280e+01,1.440372166624482553e+01,1.567934393349784017e+01,1.703726441154137561e+01,1.847748310037542652e+01,2.000000000000000000e+01
5.245242002259713487e+00,5.286113908070628753e+00,5.408729625503372773e+00,5.613089154557947325e+00,5.899192495234352407e+00,6.267039647532586244e+00,6.716630611452650612e+00,7.247965386994543735e+00,7.861043974158269165e+00,8.555866372943821574e+00,9.332432583351204514e+00,1.019074260538041976e+01,1.113079643903146199e+01,1.215259408430433297e+01,1.325613554119903803e+01,1.444142080971557185e+01,1.570844988985393087e+01,1.705722278161412220e+01,1.848773948499614406e+01,2.000000000000000000e+01
5.344636940370253164e+00,5.385233513942635497e+00,5.507023234659778943e+00,5.710006102521686167e+00,5.994182117528358056e+00,6.359551279679792835e+00,6.806113588975989614e+00,7.333869045416949284e+00,7.942817649002673619e+00,8.632959399733159955e+00,9.404294297608409181e+00,1.025682234262842485e+01,1.119054353479319985e+01,1.220545787410273597e+01,1.330156536055704031e+01,1.447886599415610753e+01,1.573735977489993410e+01,1.707704670278852177e+01,1.849792677782187766e+01,2.000000000000000000e+01
5.443362307775297282e+00,5.483685403875642628e+00,5.604654692176677777e+00,5.806270172678405395e+00,6.088531845380823704e+00,6.451439710283932705e+00,6.894993767387732397e+00,7.419194016692222782e+00,8.024040458197404746e+00,8.709533091903276514e+00,9.475671917809840750e+00,1.032245693591709568e+01,1.124988814622503952e+01,1.225796554873367405e+01,1.334668914344300283e+01,1.451605893035302053e+01,1.576607490946372714e+01,1.709673708077512444e+01,1.850804544428721599e+01,2.000000000000000000e+01
5.541422615015701325e+00,5.581474075915934918e+00,5.701628458616633921e+00,5.901885763117801886e+00,6.182245989419437038e+00,6.542709137521538487e+00,6.983275207424107123e+00,7.503944199127142944e+00,8.104716112630645952e+00,8.785590947934615258e+00,9.546568705039051750e+00,1.038764938394395720e+01,1.130883298464932629e+01,1.231011950715516257e+01,1.339150895146146958e+01,1.455300131756824200e+01,1.579459660547547983e+01,1.711629481518318485e+01,1.851809594669135706e+01,2.000000000000000000e+01
5.638822342247220121e+00,5.678603997808862935e+00,5.797948964493787827e+00,5.996857242301998348e+00,6.275328831233493609e+00,6.633363731288271836e+00,7.070961942466333916e+00,7.588123464767680737e+00,8.184848298192312299e+00,8.861136442740225050e+00,9.616987898411425206e+00,1.045240266520590922e+01,1.136738074312367530e+01,1.236192213216472524e+01,1.343602683232906259e+01,1.458969484361668201e+01,1.582292616602758351e+01,1.713572079956177063e+01,1.852807874421923984e+01,2.000000000000000000e+01
5.735565939445184114e+00,5.775079607202954435e+00,5.893620610476261845e+00,6.091188949265109898e+00,6.367784623569496816e+00,6.723407633389423488e+00,7.158057978724889026e+00,7.671735659575892541e+00,8.264440675942436698e+00,8.936173027824519721e+00,9.686932715222141610e+00,1.051671973813530414e+01,1.142553409656400198e+01,1.241337579050824047e+01,1.348024481996801960e+01,1.462614118494333937e+01,1.585106488543419268e+01,1.715501592144058662e+01,1.853799429296252299e+01,2.000000000000000000e+01
5.831657826607809625e+00,5.870905311852664177e+00,5.988647767587224280e+00,6.184885193811492599e+00,6.459617590525469133e+00,6.812844957729152995e+00,7.244567295422543296e+00,7.754784603605640925e+00,8.343496882278447657e+00,9.010704131440959941e+00,9.756406351093179552e+00,1.058060354123511004e+01,1.148329570186674431e+01,1.246448283298808590e+01,1.352416493459913660e+01,1.466234200669989640e+01,1.587901404929035820e+01,1.717418106237052911e+01,1.854784304594040734e+01,2.000000000000000000e+01
5.927102393958150195e+00,5.966085489819763055e+00,6.083034777404596305e+00,6.277950256712655275e+00,6.550831927743938188e+00,6.901679790498444156e+00,7.330493844976174067e+00,7.837274091177126145e+00,8.422020529101303055e+00,9.084733158748703019e+00,9.825411980119326927e+00,1.064405699321317478e+01,1.154066819803024480e+01,1.251524559457053698e+01,1.356778918283405666e+01,1.469829896282080028e+01,1.590677493453076252e+01,1.719321709796394870e+01,1.855762545312036238e+01,2.000000000000000000e+01
6.021904002144655266e+00,6.060624489673341664e+00,6.176785952259395529e+00,6.370388389902821302e+00,6.641431802603618095e+00,6.989916190361785020e+00,7.415841553177321188e+00,7.919207891050228376e+00,8.500015203980506584e+00,9.158263491968153147e+00,9.893952755013170730e+00,1.070708299311556111e+01,1.159765420627531896e+01,1.256566639449244605e+01,1.361111955776694771e+01,1.473401369609881861e+01,1.593434880948805699e+01,1.721212489793466460e+01,1.856734196143864679e+01,2.000000000000000000e+01
6.116066982440422350e+00,6.154526630688510913e+00,6.269905575432771272e+00,6.462203816673208756e+00,6.731421354409821589e+00,7.077558188642608883e+00,7.500614319371571526e+00,8.000589746596707741e+00,8.577484470318021081e+00,9.231298490535507995e+00,9.962031807249168480e+00,1.076968442045900787e+01,1.165425633016501905e+01,1.261574753636720203e+01,1.365415803906556746e+01,1.476948783826010470e+01,1.596173693395081372e+01,1.723090532613769810e+01,1.857699301482076137e+01,2.000000000000000000e+01
6.209595636941065422e+00,6.247796203043722407e+00,6.362397901351689811e+00,6.553400731864971185e+00,6.820804694583566530e+00,7.164609789507474069e+00,7.584816016636692915e+00,8.081423375971224843e+00,8.654431867511069854e+00,9.303841491256227059e+00,1.002965224720669823e+01,1.083186413536248160e+01,1.171047715572357717e+01,1.266549130828998315e+01,1.369690659306170488e+01,1.480472301003874058e+01,1.598894055922108492e+01,1.724955924060873969e+01,1.858657905420171375e+01,2.000000000000000000e+01
6.302494238761271461e+00,6.340437468016781430e+00,6.454267155783306009e+00,6.643983302060851415e+00,6.909585906849414094e+00,7.251074970148994936e+00,7.668450491959593052e+00,8.161712472281209330e+00,8.730860911113843770e+00,9.375895808457496372e+00,1.009681716431216536e+01,1.089362497867785429e+01,1.176631925155455960e+01,1.271489998294228130e+01,1.373936717284102471e+01,1.483972082125078451e+01,1.601596092817155892e+01,1.726808749360335327e+01,1.859610051754616578e+01,2.000000000000000000e+01
6.394767032230035397e+00,6.432454658179537432e+00,6.545517536028039984e+00,6.733955665775546606e+00,6.997769047422055522e+00,7.336957680967567619e+00,7.751521566412082009e+00,8.241460703755597805e+00,8.806775092998117671e+00,9.447464734139639830e+00,1.016352962718016428e+01,1.095496977211969281e+01,1.182178516895822007e+01,1.276397581769575140e+01,1.378154171833228681e+01,1.487448287086782628e+01,1.604279927530236449e+01,1.728649093163590322e+01,1.860555783986844958e+01,2.000000000000000000e+01
6.486418233084572549e+00,6.523851977591263562e+00,6.636153211111334826e+00,6.823321933644789894e+00,7.085358145191626988e+00,7.422261845751845222e+00,7.834033035325445482e+00,8.320671713912426881e+00,8.882177881512792084e+00,9.518551538126537537e+00,1.022979268375366502e+01,1.101590131839417630e+01,1.187687744204806606e+01,1.281272105471533784e+01,1.382343215639599521e+01,1.490901074709003282e+01,1.606945682679744891e+01,1.730477039551825058e+01,1.861495145325243072e+01,2.000000000000000000e+01
6.577452028662920114e+00,6.614633601990724365e+00,6.726178321974133567e+00,6.912086188613151272e+00,7.172357201907776592e+00,7.506991361858008638e+00,7.915988668463847411e+00,8.399349121725293799e+00,8.957072721642347801e+00,9.589159468215006754e+00,1.029560936144327421e+01,1.107642240132715017e+01,1.193159858786663108e+01,1.286113792106171694e+01,1.386504040091241485e+01,1.494330602741871772e+01,1.609593480058062553e+01,1.732292672039814008e+01,1.862428178687126490e+01,2.000000000000000000e+01
6.667872578095255243e+00,6.704803678986959170e+00,6.815596981662065623e+00,7.000252486120580819e+00,7.258770192362501206e+00,7.591150100387827671e+00,7.997392210196559326e+00,8.477496521788696171e+00,9.031463035164239983e+00,9.659291750323188097e+00,1.036098266726554407e+01,1.113653578599130611e+01,1.198595110650047246e+01,1.290922862879304134e+01,1.390636835286902162e+01,1.497737027872840798e+01,1.612223440637119509e+01,1.734096073579738828e+01,1.863354926700699110e+01,2.000000000000000000e+01
6.757684012493907488e+00,6.794366328248773179e+00,6.904413275513364923e+00,7.087824854287687160e+00,7.344601064571739890e+00,7.674741906365520450e+00,8.078247379669031503e+00,8.555117484482268608e+00,9.105352220805237096e+00,9.728951588637933412e+00,1.042591558798035933e+01,1.119624421883251486e+01,1.203993748119439822e+01,1.295699537506600940e+01,1.394741790044735374e+01,1.501120505733842592e+01,1.614835684573922236e+01,1.735887326564975197e+01,1.864275431707000763e+01,2.000000000000000000e+01
6.846890435142112707e+00,6.883325641692965569e+00,6.992631261345523264e+00,7.174807294099787569e+00,7.429853739955758485e+00,7.757770598913434235e+00,8.158557870972815707e+00,8.632215556133902012e+00,9.178743654396695817e+00,9.798142165761195344e+00,1.049041109022739882e+01,1.125555042779530979e+01,1.209356017846492648e+01,1.300444034223624534e+01,1.398819091910927526e+01,1.504481190908400912e+01,1.617430331216044692e+01,1.737666512833859045e+01,1.865189735761844148e+01,2.000000000000000000e+01
6.935495921681466669e+00,6.971685683671269729e+00,7.080254969640674467e+00,7.261203779589684437e+00,7.514532113518299639e+00,7.840239971426518295e+00,8.238327353314341295e+00,8.708794259181765085e+00,9.251640689028796771e+00,9.866866642855431024e+00,1.055447212066166962e+01,1.131445712244751434e+01,1.214682164821295984e+01,1.305156569795800792e+01,1.402868927168266566e+01,1.507819236938692420e+01,1.620007499107078530e+01,1.739433713673425075e+01,1.866097880637732231e+01,2.000000000000000000e+01
7.023504520298146758e+00,7.059450491156048280e+00,7.167288403729745738e+00,7.347018258019245351e+00,7.598640054024545343e+00,7.922153791745643936e+00,8.317559471182542907e+00,8.784857092335240480e+00,9.324046655203739320e+00,9.935128159788035873e+00,1.061810160608813369e+01,1.137296699410403278e+01,1.219972432383572780e+01,1.309837359528322409e+01,1.406891480844652165e+01,1.511134796332561869e+01,1.622567305992051345e+01,1.741189009823120770e+01,1.866999907825769967e+01,2.000000000000000000e+01
7.110920251907857370e+00,7.146624073924733977e+00,7.253735539975359359e+00,7.432254650059737955e+00,7.682181404177868878e+00,8.003515802329751239e+00,8.396257844515384150e+00,8.860407530734768500e+00,9.395964860987904288e+00,1.000292983527479151e+01,1.068130245359543196e+01,1.143108271594982384e+01,1.225227062233796360e+01,1.314486617275985481e+01,1.410886936721550278e+01,1.514428020570490041e+01,1.625109868822804771e+01,1.742932481478494466e+01,1.867895858537559306e+01,2.000000000000000000e+01
7.197747110339531851e+00,7.233210414743024508e+00,7.339600327953497150e+00,7.516916849970955106e+00,7.765159980795397487e+00,8.084329720426820742e+00,8.474426068865229311e+00,8.935449026110619641e+00,9.467398592162995286e+00,1.007027476702235091e+01,1.074407755068869008e+01,1.148880694316201634e+01,1.230446294444232258e+01,1.319104555452961058e+01,1.414855477342388568e+01,1.517699060112514253e+01,1.627635303763338115e+01,1.744664208294859975e+01,1.868785773707080722e+01,2.000000000000000000e+01
7.283989062517816748e+00,7.319213469546854256e+00,7.424886690633962338e+00,7.601008725779145436e+00,7.847579574982401773e+00,8.164599238243729573e+00,8.552067715563131500e+00,9.009985006940606667e+00,9.538351112376155072e+00,1.013716603186977494e+01,1.080642976542146805e+01,1.154614231303123617e+01,1.235630367469907576e+01,1.323691385042498680e+01,1.418797284020897465e+01,1.520948064405103395e+01,1.630143726195116471e+01,1.746384269390936694e+01,1.869669693992564419e+01,2.000000000000000000e+01
7.369650048644298401e+00,7.404637167623123517e+00,7.509598524559596200e+00,7.684534119453719114e+00,7.929443952305493148e+00,8.244328023114913861e+00,8.629186331881987471e+00,9.084018878606705982e+00,9.608825663289076502e+00,1.020360668592909548e+01,1.086836194652676468e+01,1.160309144508208234e+01,1.240779518159504846e+01,1.328247315606566303e+01,1.422712536849393139e+01,1.524175181887984643e+01,1.632635250722340814e+01,1.748092743352462008e+01,1.870547659778348404e+01,2.000000000000000000e+01
7.454733982377518942e+00,7.489485411789217117e+00,7.593739700024305428e+00,7.767496847082788314e+00,8.010756852964666663e+00,8.323519717669935147e+00,8.705785441198598207e+00,9.157554023550652289e+00,9.678825464726102723e+00,1.026959976472494418e+01,1.092987692354718021e+01,1.165965694119281082e+01,1.245893981766183245e+01,1.332772555295424688e+01,1.426601414707005588e+01,1.527380560000925946e+01,1.635109991177185407e+01,1.749789708235784147e+01,1.871419711176721989e+01,2.000000000000000000e+01
7.539244751011802137e+00,7.573762078571327550e+00,7.677314061249897570e+00,7.849900699047518415e+00,8.091521991964187421e+00,8.402177939999903700e+00,8.781868543154670803e+00,9.230593801428481626e+00,9.748353714821345051e+00,1.033514828333325397e+01,1.099097750696421016e+01,1.171584138571421718e+01,1.250973991958327147e+01,1.337267310857137304e+01,1.430464095267852365e+01,1.530564345190472331e+01,1.637568060624996846e+01,1.751475241571426267e+01,1.872285888029760414e+01,2.000000000000000000e+01
7.623186215654831344e+00,7.657471018381549754e+00,7.760325426561702322e+00,7.931749440195291712e+00,8.171743059282318811e+00,8.480306283822779179e+00,8.857439113816676368e+00,9.303141549264008603e+00,9.817413590164777659e+00,1.040025523651898176e+01,1.105166648832662268e+01,1.177164734558770043e+01,1.256019780830221144e+01,1.341731787647015750e+01,1.434300755009154216e+01,1.533726682916636364e+01,1.640009571369461838e+01,1.753149420367630640e+01,1.873146229911143479e+01,2.000000000000000000e+01
7.706562211404072826e+00,7.740616055693813280e+00,7.842777588563030200e+00,8.013046810011728027e+00,8.251423720039904097e+00,8.557908318647557522e+00,8.932500605834691854e+00,9.375200581601303540e+00,9.886008245947396134e+00,1.046492359887296431e+01,1.111194664037801338e+01,1.182707737046254337e+01,1.261031578912654894e+01,1.346166189637003185e+01,1.438111569219299746e+01,1.536867717659544041e+01,1.642434634957736250e+01,1.754812321113875839e+01,1.874000776127963874e+01,2.000000000000000000e+01
7.789376547521982275e+00,7.823200989218598522e+00,7.924674314308441048e+00,8.093796522791516068e+00,8.330567614667822696e+00,8.634987589937356489e+00,9.007056448600122778e+00,9.446774190656118009e+00,9.954140816105342182e+00,1.052915632494779707e+01,1.117182071718348269e+01,1.188213399281239901e+01,1.266009615183454429e+01,1.350570719424991672e+01,1.441896712005852343e+01,1.539987592926035909e+01,1.644843362185542190e+01,1.756464019784371544e+01,1.874849565722524147e+01,2.000000000000000000e+01
7.871633007610046029e+00,7.905229592076501000e+00,8.006019345475861471e+00,8.174002267808132771e+00,8.409178359073314013e+00,8.711547619271399867e+00,9.081110048402397439e+00,9.517865646466299623e+00,1.002181441346311352e+01,1.059295634939283204e+01,1.123129145425546227e+01,1.193681972805100067e+01,1.270954117077944545e+01,1.354945578244079840e+01,1.445656356303506129e+01,1.543086451256223413e+01,1.647235863102230979e+01,1.758104591841529896e+01,1.875692637474119095e+01,2.000000000000000000e+01
7.953335349781644581e+00,7.986705611970616125e+00,8.086816398537527206e+00,8.253667709482378712e+00,8.487259544805173306e+00,8.787591904505907436e+00,9.154664788584584656e+00,9.588478197041199635e+00,1.008903212987575770e+01,1.065632658708825531e+01,1.129036156867869600e+01,1.199113707464707801e+01,1.275865310499339955e+01,1.359290965971765885e+01,1.449390673881986480e+01,1.546164434230001028e+01,1.649612247015809530e+01,1.759734112239411985e+01,1.876530029900808927e+01,2.000000000000000000e+01
8.034487306833755227e+00,8.067632771357763133e+00,8.167069164929779745e+00,8.332796487549810394e+00,8.564814739217855077e+00,8.863123919933910244e+00,9.227724029697979446e+00,9.658615068510059132e+00,1.015579703637015285e+01,1.071926993327825883e+01,1.134903375923437707e+01,1.204508851423850757e+01,1.280743419829065033e+01,1.363607081139080535e+01,1.453099835353897262e+01,1.549221682473515571e+01,1.651972622497934395e+01,1.761352655427154801e+01,1.877361781261176787e+01,2.000000000000000000e+01
8.115092586417487652e+00,8.148014767618548149e+00,8.246781311221724309e+00,8.411392217227023238e+00,8.641847485634441384e+00,8.938147116443976969e+00,9.300291109655633548e+00,9.728279465269405790e+00,1.022211218328530080e+01,1.078178926370331325e+01,1.140731070652344670e+01,1.209867651174569758e+01,1.285588667937006946e+01,1.367894120939655522e+01,1.456784010182516731e+01,1.552258335665589684e+01,1.654317097388874203e+01,1.762960295352370821e+01,1.878187929556079183e+01,2.000000000000000000e+01
8.195154871207481762e+00,8.227855273226298394e+00,8.325956479282744738e+00,8.489458489376824346e+00,8.718361303508535443e+00,9.012664921677878027e+00,9.372369343884852100e+00,9.797474570129455884e+00,1.028798060041169649e+01,1.084388743473156325e+01,1.146519507308906505e+01,1.215190351548420011e+01,1.290401276191696311e+01,1.372152281238735583e+01,1.460443366689538536e+01,1.555274532544104638e+01,1.656645778802433711e+01,1.764557105464525577e+01,1.879008512530381125e+01,2.000000000000000000e+01
8.274677819070166862e+00,8.307157935914847968e+00,8.404598286448889510e+00,8.566998870672295041e+00,8.794359688585062784e+00,9.086680740187190963e+00,9.443962025478683131e+00,9.866203544459533958e+00,1.035340529712974877e+01,1.090556728348932580e+01,1.152268950353826327e+01,1.220477195727656650e+01,1.295181464470422839e+01,1.376381756582124893e+01,1.464078072062763880e+01,1.558270410912338733e+01,1.658958773130849451e+01,1.766143158718296746e+01,1.879823567674679907e+01,2.000000000000000000e+01
8.353665063230874210e+00,8.385926378845194762e+00,8.482710325688149311e+00,8.644016903759744963e+00,8.869846113059978165e+00,9.160197953588847142e+00,9.515072425346355445e+00,9.934469528332499522e+00,1.041838926254728470e+01,1.096683162799070566e+01,1.157979662466276594e+01,1.225728425256346199e+01,1.299929451169279737e+01,1.380582740205076853e+01,1.467688292363738078e+01,1.561246107645262882e+01,1.661256186049651262e+01,1.767718527576903753e+01,1.880633132227019644e+01,2.000000000000000000e+01
8.432120212439834006e+00,8.464164200771024937e+00,8.560296165764597731e+00,8.720516107420555940e+00,8.944824025738899564e+00,9.233219920719623275e+00,9.585703792362730624e+00,1.000227564066821984e+01,1.048293546563609624e+01,1.102768326726635095e+01,1.163651904555899108e+01,1.230944280051401662e+01,1.304645453213142403e+01,1.384755424041121152e+01,1.471274192535338621e+01,1.564201758695794275e+01,1.663538122522488294e+01,1.769283284015420321e+01,1.881437243174590890e+01,2.000000000000000000e+01
8.510046851137044399e+00,8.541874976203148506e+00,8.637359351401453722e+00,8.796499976731965376e+00,9.019296852194683467e+00,9.305749977789604444e+00,9.655859353516731858e+00,1.006962497937606038e+01,1.054704685536759712e+01,1.108812498149133674e+01,1.169285935774728102e+01,1.236124998413543352e+01,1.309329686065578713e+01,1.388899998730834362e+01,1.474835936409310833e+01,1.567137499101007947e+01,1.665804686805925172e+01,1.770837499524062508e+01,1.882235937255421021e+01,2.000000000000000000e+01
8.587448539616053367e+00,8.619062255572796261e+00,8.713903403443021389e+00,8.871971983226732306e+00,9.093267994923930786e+00,9.377791438534609725e+00,9.725542314058774451e+00,1.013652062149642319e+01,1.061072636084755771e+01,1.114815953211217447e+01,1.174882013529027702e+01,1.241270817038186536e+01,1.313982363738693593e+01,1.393016653630548873e+01,1.478373686713753088e+01,1.570053462988305704e+01,1.668055982454206543e+01,1.772381245111455783e+01,1.883029250960053247e+01,2.000000000000000000e+01
8.664328814186600169e+00,8.695729565393840232e+00,8.789931819015555092e+00,8.946935575051751854e+00,9.166740833502430519e+00,9.449347594367582204e+00,9.794755857647215791e+00,1.020296562334132595e+01,1.067397689144991801e+01,1.120778966197298487e+01,1.180440393491053186e+01,1.246381971026255897e+01,1.318603698802906266e+01,1.397105576821004647e+01,1.481887605080550863e+01,1.572949783581545091e+01,1.670292112323986800e+01,1.773914591307876520e+01,1.883817220533214254e+01,2.000000000000000000e+01
8.740691187336190993e+00,8.771880408423903930e+00,8.865448071687035636e+00,9.021394177125593217e+00,9.239718724739574895e+00,9.520421714528975343e+00,9.863503146493801665e+00,1.026896302063404853e+01,1.073680133694971950e+01,1.126701809544081279e+01,1.185961329610733017e+01,1.251458693894926810e+01,1.323193902396663013e+01,1.401166955115941271e+01,1.485377852052762115e+01,1.575826593207125370e+01,1.672513178579030324e+01,1.775437608168477865e+01,1.884599881975467639e+01,2.000000000000000000e+01
8.816539147890580352e+00,8.847518263824403206e+00,8.940455611625864663e+00,9.095351191294970050e+00,9.312205002831719369e+00,9.591017046236109067e+00,9.931787321508140920e+00,1.033451582864781315e+01,1.079920256765513109e+01,1.132584753853008941e+01,1.191445074127269166e+01,1.256501217588293429e+01,1.327753184236081907e+01,1.405200974070634601e+01,1.488844587091951688e+01,1.578684023300032990e+01,1.674719282694878331e+01,1.776950365276487886e+01,1.885377271044861658e+01,2.000000000000000000e+01
8.891876161173165372e+00,8.922646587319500000e+00,9.014957865758502109e+00,9.168809996490175251e+00,9.384202979514521203e+00,9.661136814831532860e+00,9.999611502441215549e+00,1.039962704234356394e+01,1.086118343453858692e+01,1.138428067902627561e+01,1.196891877580663532e+01,1.261509772487966785e+01,1.332281752624536608e+01,1.409207817990373002e+01,1.492287968585477032e+01,1.581522204409847809e+01,1.676910525463485158e+01,1.778452931746389609e+01,1.886149423258561342e+01,2.000000000000000000e+01
8.966705669163300030e+00,8.997268811353983153e+00,9.088958237926032524e+00,9.241773948879449918e+00,9.455715944214235336e+00,9.730784223930383448e+00,1.006697878802790314e+01,1.046429963650678374e+01,1.092274676936703592e+01,1.144232018660865258e+01,1.202301988823163725e+01,1.266484587423598995e+01,1.336779814462170535e+01,1.413187669938878877e+01,1.495708153853724198e+01,1.584341266206705967e+01,1.679087006997824361e+01,1.779945376227079379e+01,1.886916373894471022e+01,2.000000000000000000e+01
9.041031090653564917e+00,9.071388345250092300e+00,9.162460109039672673e+00,9.314246382022311366e+00,9.526747164198004825e+00,9.799962455566753050e+00,1.013389225612855604e+01,1.052853656588341202e+01,1.098389538483132633e+01,1.149996871297229362e+01,1.207675655030631567e+01,1.271425889683339605e+01,1.341247575255352764e+01,1.417140711746671400e+01,1.499105299157295867e+01,1.587141337487225812e+01,1.681248826736460700e+01,1.781427766905001420e+01,1.887678157992847972e+01,2.000000000000000000e+01
9.114855821405951630e+00,9.145008575363277714e+00,9.235466837235247084e+00,9.386230607021868622e+00,9.597299884723140551e+00,9.868674670339057542e+00,1.020035496386962492e+01,1.059234076531483737e+01,1.104463207467470376e+01,1.155722889194921521e+01,1.213013121713837350e+01,1.276333905024218396e+01,1.345685239126064126e+01,1.421067124019374539e+01,1.502479559704149992e+01,1.589922546180390484e+01,1.683396083448095482e+01,1.782900171507265341e+01,1.888434810357900062e+01,2.000000000000000000e+01
9.188183234307022218e+00,9.218132865236919216e+00,9.307981758026610208e+00,9.457729912676096973e+00,9.667377329185381285e+00,9.936924007554457816e+00,1.026636994778333012e+01,1.065571514987199464e+01,1.110495961382045849e+01,1.161410333962871277e+01,1.218314632729676461e+01,1.281208857682461399e+01,1.350093008821225382e+01,1.424967086145968764e+01,1.505831089656692079e+01,1.592685019353394793e+01,1.685528875236076729e+01,1.784362657304738065e+01,1.889186365559379155e+01,2.000000000000000000e+01
9.261016679521992145e+00,9.290764555756004128e+00,9.380008184458034748e+00,9.528747565628091110e+00,9.736982699266169661e+00,1.000471358537226862e+01,1.033194022394639333e+01,1.071866261498853490e+01,1.116488075849870221e+01,1.167059465447688993e+01,1.223580430292310162e+01,1.286050970383733549e+01,1.354471085721959156e+01,1.428840776306986626e+01,1.509160042138816848e+01,1.595428883217449112e+01,1.687647299542883417e+01,1.785815291115119763e+01,1.889932857934158505e+01,2.000000000000000000e+01
9.333359484647802518e+00,9.362906965299748308e+00,9.451549407255582125e+00,9.599286810515307522e+00,9.806119175078926276e+00,1.007204650094643128e+01,1.039706878811782964e+01,1.078118603659311425e+01,1.122439824637229222e+01,1.172670541745535999e+01,1.228810754984231579e+01,1.290860464353316672e+01,1.358819669852790391e+01,1.432688371482653089e+01,1.512466569242905123e+01,1.598154263133546138e+01,1.689751453154575955e+01,1.787258139305994575e+01,1.890674321587802709e+01,2.000000000000000000e+01
9.405214954865153132e+00,9.434563389893227736e+00,9.522608694977449773e+00,9.669350870117821017e+00,9.874789915314343247e+00,1.013892583056701291e+01,1.046175861587583178e+01,1.084328827124079631e+01,1.128351479666191359e+01,1.178243819213917654e+01,1.234005845767259046e+01,1.295637559326215182e+01,1.363138959890786239e+01,1.436510047460971862e+01,1.515750822036772760e+01,1.600861283618188580e+01,1.691841432205218965e+01,1.788691267797864271e+01,1.891410790396124497e+01,2.000000000000000000e+01
9.476586373089492810e+00,9.505737103357944306e+00,9.593189294163291692e+00,9.738942945505543847e+00,9.942998057384697219e+00,1.020535462980074648e+01,1.052601266275369873e+01,1.090497215624355043e+01,1.134223311027030334e+01,1.183779552483395392e+01,1.239165939993450749e+01,1.300382473557196228e+01,1.367429153174631651e+01,1.440305978845756840e+01,1.519012950570572329e+01,1.603550068349077762e+01,1.693917332181273139e+01,1.790114742067158460e+01,1.892142298006734080e+01,2.000000000000000000e+01
9.547477000121029178e+00,9.576431357461416383e+00,9.663294429482569114e+00,9.808066216184492703e+00,1.001074671756719070e+01,1.027133593363065422e+01,1.058983386437488861e+01,1.096624050979989207e+01,1.140055586990566816e+01,1.189277994469221156e+01,1.244291273415952404e+01,1.305095423830761092e+01,1.371690445713646511e+01,1.444076339064608661e+01,1.522253103883648251e+01,1.606220740170764572e+01,1.695979247925957623e+01,1.791528627149228114e+01,1.892868877840575337e+01,2.000000000000000000e+01
9.617890074793693955e+00,9.646649382065733747e+00,9.732927303881851344e+00,9.876723840242048524e+00,1.007803899114632884e+01,1.033687275659468519e+01,1.065322513658712111e+01,1.102709613112363485e+01,1.145848574020422994e+01,1.194739396382890284e+01,1.249382080199765710e+01,1.309776625471048916e+01,1.375923032196740081e+01,1.447821300376838849e+01,1.525471430011346108e+01,1.608873421100260970e+01,1.698027273643583612e+01,1.792932987641314568e+01,1.893590563093453127e+01,2.000000000000000000e+01
9.687828814123118804e+00,9.716394385275133772e+00,9.802091098731171570e+00,9.944918954491239305e+00,1.014487795255533520e+01,1.040196809292345570e+01,1.071618937559560614e+01,1.108754180057177940e+01,1.151602536785198438e+01,1.200164007743621397e+01,1.254438592932446994e+01,1.314426292351675585e+01,1.380127106001306458e+01,1.451541033881340326e+01,1.528668075991776831e+01,1.611508232332616330e+01,1.700061502903857757e+01,1.794327887705502533e+01,1.894307386737549592e+01,2.000000000000000000e+01
9.757296413453619977e+00,9.785669553582557967e+00,9.870788973969368385e+00,1.001265467461405478e+01,1.021126665551661894e+01,1.046662491667705375e+01,1.077872945809536454e+01,1.114758027977154953e+01,1.157317738170561050e+01,1.205552076389754390e+01,1.259461042634735328e+01,1.319044636905503864e+01,1.384302859202059821e+01,1.455235709524403021e+01,1.531843187872533818e+01,1.614125294246452214e+01,1.702082028646157852e+01,1.795713391071650733e+01,1.895019381522931567e+01,2.000000000000000000e+01
9.826296046604181100e+00,9.854478052015251066e+00,9.939024068248455634e+00,1.007993409530380013e+01,1.027720813318128279e+01,1.053084618188090005e+01,1.084084824140265724e+01,1.120721431174654903e+01,1.162994439291258253e+01,1.210903848490075063e+01,1.264449658771105689e+01,1.323631870134349953e+01,1.388450482579808209e+01,1.458905496107479749e+01,1.534996910717365637e+01,1.616724726409465163e+01,1.704088943183777971e+01,1.797089561040304773e+01,1.895726579979045212e+01,2.000000000000000000e+01
9.894830866013460735e+00,9.922823024279351145e+00,1.000679949907702238e+01,1.014676029040647443e+01,1.034270539826771262e+01,1.059463482266072809e+01,1.090254856358552615e+01,1.126644662104210326e+01,1.168632899503046474e+01,1.216219568555060526e+01,1.269404669260252838e+01,1.328188201618623410e+01,1.392570165630171886e+01,1.462550561294898444e+01,1.538129388612803439e+01,1.619306647583886516e+01,1.706082338208147675e+01,1.798456460485586916e+01,1.896429014416204240e+01,2.000000000000000000e+01
9.962904002883814059e+00,9.990707592903527612e+00,1.007411836296266294e+01,1.021313631306122538e+01,1.040776144319921492e+01,1.065799375337662447e+01,1.096383324359346290e+01,1.132527991384972310e+01,1.174233376414541041e+01,1.221499479448052128e+01,1.274326300485505570e+01,1.332713839526901722e+01,1.396662096572240408e+01,1.466171071621521271e+01,1.541240764674745023e+01,1.621871175731910952e+01,1.708062304793019592e+01,1.799814151858070232e+01,1.897126716927063583e+01,2.000000000000000000e+01
1.003051856732436242e+01,1.005813485938163687e+01,1.014098373555345489e+01,1.027906519583982003e+01,1.047237924024073585e+01,1.072092586875619347e+01,1.102470508138619998e+01,1.138371687813075006e+01,1.179796125898985082e+01,1.226743822396349515e+01,1.279214777305168482e+01,1.337208990625442340e+01,1.400726462357170732e+01,1.469767192500353659e+01,1.544331181054991475e+01,1.624418428021084182e+01,1.710028933398631068e+01,1.801162697187632489e+01,1.897819719388088799e+01,2.000000000000000000e+01
1.009767764849307881e+01,1.012510790431442942e+01,1.020739867177847415e+01,1.034454995088521834e+01,1.053656174163466197e+01,1.078343404402679973e+01,1.108516685806163871e+01,1.144176018373917003e+01,1.185321402105940436e+01,1.231952837002233281e+01,1.284070323062795893e+01,1.341673860287628628e+01,1.404763448676730775e+01,1.473339088230102689e+01,1.547400778947744726e+01,1.626948520829656175e+01,1.711982313875837391e+01,1.802502158086288375e+01,1.898508053461009126e+01,2.000000000000000000e+01
1.016438431473791759e+01,1.019162978755027815e+01,1.027336620598735806e+01,1.040959357004915908e+01,1.060031187973568478e+01,1.084552113504692628e+01,1.114522133598289066e+01,1.149941248254357262e+01,1.190809457472898103e+01,1.237126761253910345e+01,1.288893159597395055e+01,1.346108652503351877e+01,1.408773239971780633e+01,1.476886922002681324e+01,1.550449698596054304e+01,1.629461569751899574e+01,1.713922535470216246e+01,1.803832595751005385e+01,1.899191750594266281e+01,2.000000000000000000e+01
1.023064161373702063e+01,1.025770354832500786e+01,1.033888935208896420e+01,1.047419902502889499e+01,1.066363256714480023e+01,1.090718997843667459e+01,1.120487125890452162e+01,1.155667640854833955e+01,1.196260542736813193e+01,1.242265831536389342e+01,1.293683507253562937e+01,1.350513569888333976e+01,1.412756019440701749e+01,1.480410855910666967e+01,1.553478079298229453e+01,1.631957689603389383e+01,1.715849686826145870e+01,1.805154070966499802e+01,1.899870842024451179e+01,2.000000000000000000e+01
1.029645257263794278e+01,1.032333220540071927e+01,1.040397110368904343e+01,1.053836926750292236e+01,1.072652669684235605e+01,1.096844339170733740e+01,1.126411935209787174e+01,1.161355457801395374e+01,1.201674906945559229e+01,1.247370282642278028e+01,1.298441584891551948e+01,1.354888813693381167e+01,1.416711969047765507e+01,1.483911050954704791e+01,1.556486059414199552e+01,1.634436994426249257e+01,1.717763855990854083e+01,1.806466644108014208e+01,1.900545358777729277e+01,2.000000000000000000e+01
1.036182019819595013e+01,1.038851875720371787e+01,1.046861443422701932e+01,1.060210722926585625e+01,1.078899714232023044e+01,1.102928417339013656e+01,1.132296832247557994e+01,1.167004958957655347e+01,1.207052797469306782e+01,1.252440347782511232e+01,1.303167609897269585e+01,1.359234583813581310e+01,1.420641269531446227e+01,1.487387667050864692e+01,1.559473776371837062e+01,1.636899597494362624e+01,1.719665130418441734e+01,1.807770375144074038e+01,1.901215331671260245e+01,2.000000000000000000e+01
1.042674747691141945e+01,1.045326618196152779e+01,1.053282229711184570e+01,1.066541582236238028e+01,1.085104675771313154e+01,1.108971510316409237e+01,1.138142085871526810e+01,1.172616402436665517e+01,1.212394460011826069e+01,1.257476258597007579e+01,1.307861798192210578e+01,1.363551078797435068e+01,1.424544100412681047e+01,1.490840863037947983e+01,1.562441366673236587e+01,1.639345611318546503e+01,1.721553596973877731e+01,1.809065323639230272e+01,1.901880791314604124e+01,2.000000000000000000e+01
1.049123737516625354e+01,1.051757743783892352e+01,1.059659762585693166e+01,1.072829793922027974e+01,1.091267837792896955e+01,1.114973894198299575e+01,1.143947963138236190e+01,1.178190044612706622e+01,1.217700138621711226e+01,1.262478245165249469e+01,1.312524364243321884e+01,1.367838495855928294e+01,1.428420640003068343e+01,1.494270796684742386e+01,1.565388965900950602e+01,1.641775147651692635e+01,1.723429341936968484e+01,1.810351548756778328e+01,1.902541768111121812e+01,2.000000000000000000e+01
1.055529283935942786e+01,1.058145546307311413e+01,1.065994333421416940e+01,1.079075645278259721e+01,1.097389481877840112e+01,1.120935843220157224e+01,1.149714729305211769e+01,1.183726140133003035e+01,1.222970075703531911e+01,1.267446536016797687e+01,1.317155521072800539e+01,1.372097030871540824e+01,1.432271065413018185e+01,1.497677624697232446e+01,1.568316708724184316e+01,1.644188317493873086e+01,1.725292451006298933e+01,1.811629109261462034e+01,1.903198292259362390e+01,2.000000000000000000e+01
1.061891679604159044e+01,1.064490317610795955e+01,1.072286231630705622e+01,1.085279421663889110e+01,1.103469887710346065e+01,1.126857629770076130e+01,1.155442647843079662e+01,1.189224941929356305e+01,1.228204512028906592e+01,1.272381358141729990e+01,1.321755480267826854e+01,1.376326878407197185e+01,1.436095552559840804e+01,1.501061502725757535e+01,1.571224728904947909e+01,1.646585231097411750e+01,1.727143009303148702e+01,1.812898063522158765e+01,1.903850393754442649e+01,2.000000000000000000e+01
1.068211215204879139e+01,1.070792347572732695e+01,1.078535744676293007e+01,1.091441406515560608e+01,1.109509333090535499e+01,1.132739524401217146e+01,1.161131980447605905e+01,1.194686701229701420e+01,1.233403686747504402e+01,1.277282937001014140e+01,1.326324451990231168e+01,1.380528231715155130e+01,1.439894276175786025e+01,1.504422585372123855e+01,1.574113159304168974e+01,1.648965997971921382e+01,1.728981101375380192e+01,1.814158469514546113e+01,1.904498102389419500e+01,2.000000000000000000e+01
1.074488179463526372e+01,1.077051924118752169e+01,1.084743158084429027e+01,1.097561881360557479e+01,1.115508093947137525e+01,1.138581795844168632e+01,1.166782987051651332e+01,1.200111667569585094e+01,1.238567837397970628e+01,1.282151496536807045e+01,1.330862644986095233e+01,1.384701282745834661e+01,1.443667409816025682e+01,1.507761026196667586e+01,1.576982131887761440e+01,1.651330726889306533e+01,1.730806811201302509e+01,1.815410384823750078e+01,1.905141447756649242e+01,2.000000000000000000e+01
1.080722859160535521e+01,1.083269333234883192e+01,1.090908755457925672e+01,1.103641125829663316e+01,1.121466444350096481e+01,1.144384711019224277e+01,1.172395925837047415e+01,1.205500088803565184e+01,1.243697199918778651e+01,1.286987259182686749e+01,1.335370266595290190e+01,1.388846222156588794e+01,1.447415125866582386e+01,1.511076977725270964e+01,1.579831777732654707e+01,1.653679525888733792e+01,1.732620222193507331e+01,1.816653866646976212e+01,1.905780459249140435e+01,2.000000000000000000e+01
1.086915539144454534e+01,1.089444858980619557e+01,1.097032818489114092e+01,1.109679417669938850e+01,1.127384656523093653e+01,1.150148535048578147e+01,1.177971053246392685e+01,1.210852211116536736e+01,1.248792008659011188e+01,1.291790445873815152e+01,1.339847522760948983e+01,1.392963239320413038e+01,1.451137595552206605e+01,1.514370591456330217e+01,1.582662227032783875e+01,1.656012502281567578e+01,1.734421417202680615e+01,1.817888971796123698e+01,1.906415166061896826e+01,2.000000000000000000e+01
1.093066502344957946e+01,1.095578783501897213e+01,1.103115626972714480e+01,1.115677032757410458e+01,1.133263000855984792e+01,1.155873531268437304e+01,1.183508623994768350e+01,1.216168279034977395e+01,1.253852496389065152e+01,1.296561276057031087e+01,1.344294618038875377e+01,1.397052522334598024e+01,1.454834988944199026e+01,1.517642017867678206e+01,1.585473609105036275e+01,1.658329762656272166e+01,1.736210478521386591e+01,1.819115756700379194e+01,1.907045597193250330e+01,2.000000000000000000e+01
1.099176029785774134e+01,1.101671387043985462e+01,1.109157458818618736e+01,1.121634245109674488e+01,1.139101745917152719e+01,1.161559961241053074e+01,1.189008891081375729e+01,1.221448535438120508e+01,1.258878894311287944e+01,1.301299967700877502e+01,1.348711755606889362e+01,1.401114258029323523e+01,1.458507474968180162e+01,1.520891406423458747e+01,1.588266052395159988e+01,1.660631412883283531e+01,1.737987487887829019e+01,1.820334277408796808e+01,1.907671781446187254e+01,2.000000000000000000e+01
1.105244400597525001e+01,1.107722947964290938e+01,1.115158590064588395e+01,1.127551326898417727e+01,1.144901158465778934e+01,1.167208084766671483e+01,1.194472105801096085e+01,1.226693221569052028e+01,1.263871432070540024e+01,1.306006737305559540e+01,1.353099137274110930e+01,1.405148631976193840e+01,1.462155221411808625e+01,1.524118905580954930e+01,1.591039684483633287e+01,1.662917558119843164e+01,1.739752526489584739e+01,1.821544589592857832e+01,1.908293747429662801e+01,2.000000000000000000e+01
1.111271892030477915e+01,1.113733742745074906e+01,1.121119294888865703e+01,1.133428548461850838e+01,1.150661503464030133e+01,1.172818159895403234e+01,1.199898517755970495e+01,1.231902577045731384e+01,1.268830337764686789e+01,1.310681799912835999e+01,1.357456963490179191e+01,1.409155828496716722e+01,1.465778394932447881e+01,1.527324662797373023e+01,1.593794632091492502e+01,1.665188302814805965e+01,1.741505674967313411e+01,1.822746748549014839e+01,1.908911523559910250e+01,2.000000000000000000e+01
1.117258779467212193e+01,1.119704046006084219e+01,1.127039845622700120e+01,1.139266178317059897e+01,1.156383044089164081e+01,1.178390442939011962e+01,1.205288374866603895e+01,1.237076839871939526e+01,1.273755837955019565e+01,1.315325369115843124e+01,1.361785433354410912e+01,1.413136030670722931e+01,1.469377161064778647e+01,1.530508824536578061e+01,1.596531021086121882e+01,1.667443750713409401e+01,1.743247013418440972e+01,1.823940809201216595e+01,1.909525138061736271e+01,2.000000000000000000e+01
1.123205336435202817e+01,1.125634130517099862e+01,1.132920512762790466e+01,1.145064483172275160e+01,1.162066041745554124e+01,1.183925188482626467e+01,1.210641923383492902e+01,1.242216246448153072e+01,1.278648157676607333e+01,1.319937657068855330e+01,1.366084744624897240e+01,1.417089420344733242e+01,1.472951684228362979e+01,1.533671536275786451e+01,1.599248976487004015e+01,1.669684004862015314e+01,1.744976621400820704e+01,1.825126826103419830e+01,1.910134618969812692e+01,2.000000000000000000e+01
1.129111834619315502e+01,1.131524267210397738e+01,1.138761564983644270e+01,1.150823727939055274e+01,1.167710756076631107e+01,1.189422649396371057e+01,1.215959407898275835e+01,1.247321031582344553e+01,1.283507520448578099e+01,1.324518874496975940e+01,1.370355093727538076e+01,1.421016178140265040e+01,1.476502127735156478e+01,1.536812942512212032e+01,1.601948622471432060e+01,1.671909167612816915e+01,1.746694577936365889e+01,1.826304853442079335e+01,1.910739994129957253e+01,2.000000000000000000e+01
1.134978543874219703e+01,1.137374725193127745e+01,1.144563269149851514e+01,1.156544175744391367e+01,1.173317444976747481e+01,1.194883076846919145e+01,1.221241071354907071e+01,1.252391428500710546e+01,1.288334148284330460e+01,1.329069230705765925e+01,1.374596675765017650e+01,1.424916483462085282e+01,1.480028653796968641e+01,1.539933186769668083e+01,1.604630082380183609e+01,1.674119340628514863e+01,1.748400961514662200e+01,1.827474945038625265e+01,1.911341291200404413e+01,2.000000000000000000e+01
1.140805732236718129e+01,1.143185771759608294e+01,1.150325890328278078e+01,1.162226087942727837e+01,1.178886364602957926e+01,1.200306720308967634e+01,1.226487155060757495e+01,1.257427668858326975e+01,1.293128261701676784e+01,1.333588933590806391e+01,1.378809684525715795e+01,1.428790514506405529e+01,1.483531423532874882e+01,1.543032411605124210e+01,1.607293478723153868e+01,1.676314624886963145e+01,1.750095850096552397e+01,1.828637154351921268e+01,1.911938537653070469e+01,2.000000000000000000e+01
1.146593665937992057e+01,1.148957672403537877e+01,1.156049691800174806e+01,1.167869724127903552e+01,1.184417769386723762e+01,1.205693827576635258e+01,1.231697898697638394e+01,1.262429982749732638e+01,1.297890079732918700e+01,1.338078189647196048e+01,1.382994312492564859e+01,1.432638448269025133e+01,1.487010596976577048e+01,1.546110758615219893e+01,1.609938933184954735e+01,1.678495120685780861e+01,1.751779321117698274e+01,1.829791534480707327e+01,1.912531760774807665e+01,2.000000000000000000e+01
1.152342609415765828e+01,1.154690690830126698e+01,1.161734935073208774e+01,1.173475342145012590e+01,1.189911912045538145e+01,1.211044644774784906e+01,1.236873540332753230e+01,1.267398598719442937e+01,1.302619819934854561e+01,1.342537203978987215e+01,1.387150750851841607e+01,1.436460460553417740e+01,1.490466333083715256e+01,1.549168368442733978e+01,1.612566566630474796e+01,1.680660927646936642e+01,1.753451451492120228e+01,1.830938138166025198e+01,1.913120987668651551e+01,2.000000000000000000e+01
1.158052825326386781e+01,1.160385088968142142e+01,1.167381879893407337e+01,1.179043198102183254e+01,1.195369043594469538e+01,1.216359416370265834e+01,1.242014316429572851e+01,1.272333743772389703e+01,1.307317698398717276e+01,1.346966180308554861e+01,1.391279189501902991e+01,1.440256725978761310e+01,1.493898789739129995e+01,1.552205380783009048e+01,1.615176499110398467e+01,1.682812144721298253e+01,1.755112317615708051e+01,1.832077017793628215e+01,1.913706245255058747e+01,2.000000000000000000e+01
1.163724574556828095e+01,1.166041126981878584e+01,1.172990784257029340e+01,1.184573546382281073e+01,1.200789413357633606e+01,1.221638385183086584e+01,1.247120461858640361e+01,1.277235643384294583e+01,1.311983929760049783e+01,1.351365320985905427e+01,1.395379817061861871e+01,1.444027417987918938e+01,1.497308123764076626e+01,1.555221934390334937e+01,1.617768849866694225e+01,1.684948870193154136e+01,1.756761995369714313e+01,1.833208225396375468e+01,1.914287560273137245e+01,2.000000000000000000e+01
1.169358116236604772e+01,1.171659063283040858e+01,1.178561904422348583e+01,1.190066639654528480e+01,1.206173268979580726e+01,1.226881792397504611e+01,1.252192209908300669e+01,1.282104521511968542e+01,1.316618727208508588e+01,1.355734826997920450e+01,1.399452820880204484e+01,1.447772708855360513e+01,1.500694490923388358e+01,1.558218167084288197e+01,1.620343737338060208e+01,1.687071201684704391e+01,1.758400560124220036e+01,1.834331812656607852e+01,1.914864959281867840e+01,2.000000000000000000e+01
1.174953707749615717e+01,1.177239154542553123e+01,1.184095494921364988e+01,1.195522728886051844e+01,1.211520856436613514e+01,1.232089877573049463e+01,1.257229792295360582e+01,1.286940600603545803e+01,1.321222302497606371e+01,1.360074897977541220e+01,1.403498387043351059e+01,1.451492769695035534e+01,1.504058045932594467e+01,1.561194215756028214e+01,1.622901279165336774e+01,1.689179236160520148e+01,1.760028086741577980e+01,1.835447830908510269e+01,1.915438468661317728e+01,2.000000000000000000e+01
1.180511604745900911e+01,1.182781655702283707e+01,1.189591808571431031e+01,1.200942063353343769e+01,1.216832420048021923e+01,1.237262878655464604e+01,1.262233439175672700e+01,1.291744101608645678e+01,1.325794865954384072e+01,1.364385732212887170e+01,1.407516700384155328e+01,1.455187770468189079e+01,1.507398942464987712e+01,1.564150216374551050e+01,1.625441592196879981e+01,1.691273069931973794e+01,1.761644649579832489e+01,1.836556331140456422e+01,1.916008114613845592e+01,2.000000000000000000e+01
1.186032061153323269e+01,1.188286819986693743e+01,1.195051096486804276e+01,1.206324890653655757e+01,1.222108202487248185e+01,1.242401031987580673e+01,1.267203379154654108e+01,1.296515243988467603e+01,1.330336626489022223e+01,1.368667526656317257e+01,1.411507944490352884e+01,1.458857879991129103e+01,1.510717333158645914e+01,1.567086303992903140e+01,1.627964792493901314e+01,1.693352798661639724e+01,1.763250322496118727e+01,1.837657363997338678e+01,1.916573923165298865e+01,2.000000000000000000e+01
1.191515329189167538e+01,1.193754898914405516e+01,1.200473608090118560e+01,1.211671456716307382e+01,1.227348444792971982e+01,1.247504572320111649e+01,1.272139839297727093e+01,1.301254245725817782e+01,1.334847791604384426e+01,1.372920476933426315e+01,1.415472301712943803e+01,1.462503265942936892e+01,1.514013369623405580e+01,1.570002612754349514e+01,1.630470995335769047e+01,1.695418517367664180e+01,1.764845178850034912e+01,1.838750979782880890e+01,1.917135920166202467e+01,2.000000000000000000e+01
1.196961659371666542e+01,1.199186142309695313e+01,1.205859591123780916e+01,1.216982005813924061e+01,1.232553386380124572e+01,1.252573732822382091e+01,1.277043045140697153e+01,1.305961323335069046e+01,1.339328567405498660e+01,1.377144777351985105e+01,1.419409953174529093e+01,1.466124094873130090e+01,1.517287202447788630e+01,1.572899275898504001e+01,1.632960315225276915e+01,1.697470320428107016e+01,1.766429291506994304e+01,1.839837228461938778e+01,1.917694131292940796e+01,2.000000000000000000e+01
1.202371300531444831e+01,1.204580798313906342e+01,1.211209291661290344e+01,1.222256780573597190e+01,1.237723265050827059e+01,1.257608745092979241e+01,1.281913220700054445e+01,1.310636691872051962e+01,1.343779158608972857e+01,1.381340620910815886e+01,1.423321078777582116e+01,1.469720532209271013e+01,1.520538981205882401e+01,1.575776425767416455e+01,1.635432865893873711e+01,1.699508301585253633e+01,1.768002732841555869e+01,1.840916159662781126e+01,1.918248582048929052e+01,2.000000000000000000e+01
1.207744499822887896e+01,1.209939113396785793e+01,1.216522954118479127e+01,1.227496021987968078e+01,1.242858317005253177e+01,1.262609839170333359e+01,1.286750588483209512e+01,1.315280564943880925e+01,1.348199768552348310e+01,1.385508199308611132e+01,1.427205857212669571e+01,1.473292742264523802e+01,1.523768854464173650e+01,1.578634193811618935e+01,1.637888760306860192e+01,1.701532553949896709e+01,1.769565574740729019e+01,1.841987822679357123e+01,1.918799297765780310e+01,2.000000000000000000e+01
1.213081502735433048e+01,1.215261332367745162e+01,1.221800821264680259e+01,1.232699969426239406e+01,1.247958776852422424e+01,1.267577243543228604e+01,1.291555369498658834e+01,1.319893154718712225e+01,1.352590599203389665e+01,1.389647702952690445e+01,1.431064465966614918e+01,1.476840888245163264e+01,1.526976969788335126e+01,1.581472710596130504e+01,1.640328110668549755e+01,1.703543170005592700e+01,1.771117888607258806e+01,1.843052266473548784e+01,1.919346303604462278e+01,2.000000000000000000e+01
1.218382553104787114e+01,1.220547698387045443e+01,1.227043134233819899e+01,1.237868860645110836e+01,1.253024877620918609e+01,1.272511185161242331e+01,1.296327783266082712e+01,1.324474671935439218e+01,1.356951851169312562e+01,1.393759320967701854e+01,1.434897081330607804e+01,1.480365132258030236e+01,1.530163473749968972e+01,1.584292105806424189e+01,1.642751028427395710e+01,1.705540241612883889e+01,1.772659745362888017e+01,1.844109539677408804e+01,1.919889624556445895e+01,2.000000000000000000e+01
1.223647893124065433e+01,1.225798452976907527e+01,1.232250132535433096e+01,1.243002931799642674e+01,1.258056850769536439e+01,1.277411889445113680e+01,1.301068047826374929e+01,1.329025325913319655e+01,1.361283723705948745e+01,1.397843241204261311e+01,1.438703878408257708e+01,1.483865635317938292e+01,1.533328511933302529e+01,1.587092508254350420e+01,1.645157624281082676e+01,1.707523860013498407e+01,1.774191215451597969e+01,1.845159690595381363e+01,1.920429285444848588e+01,2.000000000000000000e+01
1.228877763354857322e+01,1.231013836032544795e+01,1.237422054065606680e+01,1.248102417454043511e+01,1.263054926197855465e+01,1.282279580297041655e+01,1.305776379751602967e+01,1.333545324561538692e+01,1.365586414726849540e+01,1.401899650247534801e+01,1.442485031123595007e+01,1.487342557355029804e+01,1.536472228941839546e+01,1.589874045884023701e+01,1.647548008181583157e+01,1.709494115834516847e+01,1.775712368842825484e+01,1.846202767206508710e+01,1.920965310925566882e+01,2.000000000000000000e+01
1.234072402738217278e+01,1.236194085833125378e+01,1.242559135117849145e+01,1.253167550592389112e+01,1.268019332256745102e+01,1.287114480110916936e+01,1.310452994154904793e+01,1.338034874388708495e+01,1.369860120812328397e+01,1.405928733425763966e+01,1.446240712229015912e+01,1.490796057222083526e+01,1.539594768404967162e+01,1.592636845777666643e+01,1.649922289340182502e+01,1.711451099092514028e+01,1.777223275034661398e+01,1.847238817166624969e+01,1.921497725488404384e+01,2.000000000000000000e+01
1.239232048605580871e+01,1.241339439052656779e+01,1.247661610393884501e+01,1.258198562629264217e+01,1.272950295758796102e+01,1.291916809782479625e+01,1.315098104700315318e+01,1.342494180512302471e+01,1.374105037218441971e+01,1.409930674818732932e+01,1.449971093313175885e+01,1.494226292701771186e+01,1.542696272984518124e+01,1.595381034161416878e+01,1.652280576232467624e+01,1.713394899197670185e+01,1.778724003057024916e+01,1.848267887810531107e+01,1.922026553458189468e+01,2.000000000000000000e+01
1.244356936689608339e+01,1.246450130770800691e+01,1.252729713014377033e+01,1.263195683420338256e+01,1.277848041988684002e+01,1.296686788719413919e+01,1.319711923612528359e+01,1.346923446668026969e+01,1.378321357885910636e+01,1.413905657266178117e+01,1.453676344808830478e+01,1.497633420513867009e+01,1.545776884381288241e+01,1.598106736411093465e+01,1.654622976603283746e+01,1.715325604957858019e+01,1.780214621474816639e+01,1.849290026154159960e+01,1.922551818995887629e+01,2.000000000000000000e+01
1.249447301134955346e+01,1.251526394483612137e+01,1.257763674529581799e+01,1.268159141272865043e+01,1.282712794713461690e+01,1.301424634851371209e+01,1.324294661686594310e+01,1.351322875219130282e+01,1.382509275448980013e+01,1.417853862376142615e+01,1.457356636000618622e+01,1.501017596322408032e+01,1.548836743341510669e+01,1.600814077057926355e+01,1.656949597471655267e+01,1.717243304582697760e+01,1.781695198391053481e+01,1.850305278896722072e+01,1.923073546099704245e+01,2.000000000000000000e+01
1.254503374508969138e+01,1.256568462114207563e+01,1.262763724929922304e+01,1.273089162956113718e+01,1.287544776192782159e+01,1.306130564639926916e+01,1.328846528297548524e+01,1.355692667165646270e+01,1.386668981244221222e+01,1.421775470533272312e+01,1.461012135032800430e+01,1.504378974742805042e+01,1.551875989663286148e+01,1.603503179794243749e+01,1.659260545135678200e+01,1.719148085687589500e+01,1.783165801449976939e+01,1.851313692422841228e+01,1.923591758606182012e+01,2.000000000000000000e+01
1.259525387812314712e+01,1.261576564023360980e+01,1.267730092656499430e+01,1.277985973711730594e+01,1.292344207189054295e+01,1.310804793088470177e+01,1.333367731409978774e+01,1.360033022153579374e+01,1.390800665319272866e+01,1.425670660907058540e+01,1.464643008916936751e+01,1.507717709348907320e+01,1.554894762202970426e+01,1.606174167479125714e+01,1.661555925177373894e+01,1.721040035297714255e+01,1.784626497840146797e+01,1.852315312804671876e+01,1.924106480191289492e+01,2.000000000000000000e+01
