0.000000000000000000e+00,1.250000000000000000e+00,5.000000000000000000e+00,1.125000000000000000e+01,2.000000000000000000e+01
6.747850219221307455e-02,1.313261095805199785e+00,5.050608876644159473e+00,1.127952184470909280e+01,2.000000000000000000e+01
1.347293369715218958e-01,1.376308753410801833e+00,5.101047002728641644e+00,1.130894408492504155e+01,2.000000000000000000e+01
2.017532724707260527e-01,1.439143692941305730e+00,5.151314954353044762e+00,1.133826705670594315e+01,2.000000000000000000e+01
2.685510742310048826e-01,1.501766632091567022e+00,5.201413305673253440e+00,1.136749109497606547e+01,2.000000000000000000e+01
3.351235052106571466e-01,1.564178286134991103e+00,5.251342628907992527e+00,1.139661653352966297e+01,2.000000000000000000e+01
4.014713257938207214e-01,1.626379367931706899e+00,5.301103494345365874e+00,1.142564370503479587e+01,2.000000000000000000e+01
4.675952937991501024e-01,1.688370587936703249e+00,5.350696470349362244e+00,1.145457294103712798e+01,2.000000000000000000e+01
5.334961644884783638e-01,1.750152654207948411e+00,5.400122123366358551e+00,1.148340457196370856e+01,2.000000000000000000e+01
5.991746905754435915e-01,1.811726272414478256e+00,5.449381017931582250e+00,1.151213892712675602e+01,2.000000000000000000e+01
6.646316222340797886e-01,1.873092145844449830e+00,5.498473716675559508e+00,1.154077633472740949e+01,2.000000000000000000e+01
7.298677071073966793e-01,1.934250975413184470e+00,5.547400780330547398e+00,1.156931712185948591e+01,2.000000000000000000e+01
7.948836903159084422e-01,1.995203459671164303e+00,5.596162767736931443e+00,1.159776161451321030e+01,2.000000000000000000e+01
8.596803144661446794e-01,2.055950294812010526e+00,5.644760235849608065e+00,1.162611013757893907e+01,2.000000000000000000e+01
9.242583196591436234e-01,2.116492174680447036e+00,5.693193739744357273e+00,1.165436301485087611e+01,2.000000000000000000e+01
9.886184434988920522e-01,2.176829790780211216e+00,5.741463832624169150e+00,1.168252056903076586e+01,2.000000000000000000e+01
1.052761421100760764e+00,2.236963832281963160e+00,5.789571065825570351e+00,1.171058312173158278e+01,2.000000000000000000e+01
1.116687985099893421e+00,2.296894986031150054e+00,5.837515988824920399e+00,1.173855099348120312e+01,2.000000000000000000e+01
1.180398865659577634e+00,2.356623936555854115e+00,5.885299149244683115e+00,1.176642450372606596e+01,2.000000000000000000e+01
1.243894790479584955e+00,2.416151366074610785e+00,5.932921092859688272e+00,1.179420397083481831e+01,2.000000000000000000e+01
1.307176484804486449e+00,2.475477954504206046e+00,5.980382363603364837e+00,1.182188971210196371e+01,2.000000000000000000e+01
1.370244671431926076e+00,2.534604379467430668e+00,6.027683503573944890e+00,1.184948204375146830e+01,2.000000000000000000e+01
1.433100070720885189e+00,2.593531316300829559e+00,6.074825053040664002e+00,1.187698128094038807e+01,2.000000000000000000e+01
1.495743400599909290e+00,2.652259438062414709e+00,6.121807550449931412e+00,1.190438773776246073e+01,2.000000000000000000e+01
1.558175376575303694e+00,2.710789415539347047e+00,6.168631532431477993e+00,1.193170172725169564e+01,2.000000000000000000e+01
1.620396711739313655e+00,2.769121917255606746e+00,6.215297533804484686e+00,1.195892356138594970e+01,2.000000000000000000e+01
1.682408116778257856e+00,2.827257609479616463e+00,6.261806087583693170e+00,1.198605355109048709e+01,2.000000000000000000e+01
1.744210299980661905e+00,2.885197156231870785e+00,6.308157724985496984e+00,1.201309200624153917e+01,2.000000000000000000e+01
1.805803967245327435e+00,2.942941219292494637e+00,6.354352975433995354e+00,1.204003923566983048e+01,2.000000000000000000e+01
1.867189822089418971e+00,3.000490458208830091e+00,6.400392366567064784e+00,1.206689554716412083e+01,2.000000000000000000e+01
1.928368565656475297e+00,3.057845530302945480e+00,6.446276424242356029e+00,1.209366124747470828e+01,2.000000000000000000e+01
1.989340896724436369e+00,3.115007090679159152e+00,6.492005672543327499e+00,1.212033664231694097e+01,2.000000000000000000e+01
2.050107511713614716e+00,3.171975792231513935e+00,6.537580633785211148e+00,1.214692203637470591e+01,2.000000000000000000e+01
2.110669104694657960e+00,3.228752285651241838e+00,6.583001828520993470e+00,1.217341773330391241e+01,2.000000000000000000e+01
2.171026367396462486e+00,3.285337219434183442e+00,6.628269775547346754e+00,1.219982403573595242e+01,2.000000000000000000e+01
2.231179989214089332e+00,3.341731239888208638e+00,6.673384991910566555e+00,1.222614124528116442e+01,2.000000000000000000e+01
2.291130657216633448e+00,3.397934991140593830e+00,6.718347992912475419e+00,1.225236966253227777e+01,2.000000000000000000e+01
2.350879056155064095e+00,3.453949115145372506e+00,6.763159292116298182e+00,1.227850958706784112e+01,2.000000000000000000e+01
2.410425868470058575e+00,3.509774251690680025e+00,6.807819401352544375e+00,1.230456131745565074e+01,2.000000000000000000e+01
2.469771774299787115e+00,3.565411038406050448e+00,6.852328830724840003e+00,1.233052515125615756e+01,2.000000000000000000e+01
2.528917451487682211e+00,3.620860110769702267e+00,6.896688088615761103e+00,1.235640138502586183e+01,2.000000000000000000e+01
2.587863575590187981e+00,3.676122102115801038e+00,6.940897681692641541e+00,1.238219031432070771e+01,2.000000000000000000e+01
2.646610819884471777e+00,3.731197643641692263e+00,6.984958114913354166e+00,1.240789223369945660e+01,2.000000000000000000e+01
2.705159855376109146e+00,3.786087364415102297e+00,7.028869891532082192e+00,1.243350743672704795e+01,2.000000000000000000e+01
2.763511350806759914e+00,3.840791891381337475e+00,7.072633513105070158e+00,1.245903621597795663e+01,2.000000000000000000e+01
2.821665972661793198e+00,3.895311849370431290e+00,7.116249479496344676e+00,1.248447886303953425e+01,2.000000000000000000e+01
2.879624385177907975e+00,3.949647861104288893e+00,7.159718288883430759e+00,1.250983566851533446e+01,2.000000000000000000e+01
2.937387250350722567e+00,4.003800547203802296e+00,7.203040437763041481e+00,1.253510692202844012e+01,2.000000000000000000e+01
2.994955227942326381e+00,4.057770526195930927e+00,7.246216420956744564e+00,1.256029291222476729e+01,2.000000000000000000e+01
3.052328975488827201e+00,4.111558414520775528e+00,7.289246731616620067e+00,1.258539392677636215e+01,2.000000000000000000e+01
3.109509148307847415e+00,4.165164826538607201e+00,7.332131861230886116e+00,1.261041025238468372e+01,2.000000000000000000e+01
3.166496399506020243e+00,4.218590374536893783e+00,7.374872299629515737e+00,1.263534217478388300e+01,2.000000000000000000e+01
3.223291379986448213e+00,4.271835668737295144e+00,7.417468534989835938e+00,1.266018997874407148e+01,2.000000000000000000e+01
3.279894738456134995e+00,4.324901317302626502e+00,7.459921053842101024e+00,1.268495394807455945e+01,2.000000000000000000e+01
3.336307121433390588e+00,4.377787926343803093e+00,7.502230341075042830e+00,1.270963436562710847e+01,2.000000000000000000e+01
3.392529173255227626e+00,4.430496099926775955e+00,7.544396879941420941e+00,1.273423151329916259e+01,2.000000000000000000e+01
3.448561536084708834e+00,4.483026440079414421e+00,7.586421152063531181e+00,1.275874567203706000e+01,2.000000000000000000e+01
3.504404849918287823e+00,4.535379546798394834e+00,7.628303637438715867e+00,1.278317712183925181e+01,2.000000000000000000e+01
3.560059752593121019e+00,4.587556018056051066e+00,7.670044814444841208e+00,1.280752614175949056e+01,2.000000000000000000e+01
3.615526879794346282e+00,4.639556449807200167e+00,7.711645159845759601e+00,1.283179300991002592e+01,2.000000000000000000e+01
3.670806865062350433e+00,4.691381435995953808e+00,7.753105148796763046e+00,1.285597800346477904e+01,2.000000000000000000e+01
3.725900339799996797e+00,4.743031568562496858e+00,7.794425254849997486e+00,1.288008139866249913e+01,2.000000000000000000e+01
3.780807933279852762e+00,4.794507437449862408e+00,7.835605949959889571e+00,1.290410347080993603e+01,2.000000000000000000e+01
3.835530272651359596e+00,4.845809630610649066e+00,7.876647704488519253e+00,1.292804449428497016e+01,2.000000000000000000e+01
3.890067982948002268e+00,4.896938734013751571e+00,7.917550987211001257e+00,1.295190474253975133e+01,2.000000000000000000e+01
3.944421687094454843e+00,4.947895331651051443e+00,7.958316265320840799e+00,1.297568448810382336e+01,2.000000000000000000e+01
3.998592005913688130e+00,4.998680005544082761e+00,7.998944004435266208e+00,1.299938400258723803e+01,2.000000000000000000e+01
4.052579558134059567e+00,5.049293335750681067e+00,8.039434668600545564e+00,1.302300355668365128e+01,2.000000000000000000e+01
4.106384960396390227e+00,5.099735900371615394e+00,8.079788720297292670e+00,1.304654342017342117e+01,2.000000000000000000e+01
4.160008827260995190e+00,5.150008275557182102e+00,8.120006620445746393e+00,1.307000386192668451e+01,2.000000000000000000e+01
4.213451771214710817e+00,5.200111035513791613e+00,8.160088828411034001e+00,1.309338514990643532e+01,2.000000000000000000e+01
4.266714402677889595e+00,5.250044752510521384e+00,8.200035802008416752e+00,1.311668755117157659e+01,2.000000000000000000e+01
4.319797330011370562e+00,5.299809996885659125e+00,8.239847997508526589e+00,1.313991133187997384e+01,2.000000000000000000e+01
4.372701159523428416e+00,5.349407337053214917e+00,8.279525869642572644e+00,1.316305675729149982e+01,2.000000000000000000e+01
4.425426495476703082e+00,5.398837339509409361e+00,8.319069871607528199e+00,1.318612409177105782e+01,2.000000000000000000e+01
4.477973940095091976e+00,5.448100568839149282e+00,8.358480455071319426e+00,1.320911359879160329e+01,2.000000000000000000e+01
4.530344093570635167e+00,5.497197587722470580e+00,8.397758070177976819e+00,1.323202554093715300e+01,2.000000000000000000e+01
4.582537554070375663e+00,5.546128956940977517e+00,8.436903165552781303e+00,1.325486017990579057e+01,2.000000000000000000e+01
4.634554917743177072e+00,5.594895235384227838e+00,8.475916188307381915e+00,1.327761777651264019e+01,2.000000000000000000e+01
4.686396778726546586e+00,5.643496980056137424e+00,8.514797584044909939e+00,1.330029859069286502e+01,2.000000000000000000e+01
4.738063729153417114e+00,5.691934746081328100e+00,8.553547796865062836e+00,1.332290288150461954e+01,2.000000000000000000e+01
4.789556359158904542e+00,5.740209086711472786e+00,8.592167269369177518e+00,1.334543090713201963e+01,2.000000000000000000e+01
4.840875256887056111e+00,5.788320553331614882e+00,8.630656442665291195e+00,1.336788292488808594e+01,2.000000000000000000e+01
4.892021008497565049e+00,5.836269695466467233e+00,8.669015756373173787e+00,1.339025919121768382e+01,2.000000000000000000e+01
4.942994198172465659e+00,5.884057060786686222e+00,8.707245648629349688e+00,1.341255996170045428e+01,2.000000000000000000e+01
4.993795408122805313e+00,5.931683195115129870e+00,8.745346556092103540e+00,1.343478549105372721e+01,2.000000000000000000e+01
5.044425218595294247e+00,5.979148642433088412e+00,8.783318913946470019e+00,1.345693603313544173e+01,2.000000000000000000e+01
5.094884207878935811e+00,6.026453944886502434e+00,8.821163155909202302e+00,1.347901184094703453e+01,2.000000000000000000e+01
5.145172952311629189e+00,6.073599642792152586e+00,8.858879714233722780e+00,1.350101316663633710e+01,2.000000000000000000e+01
5.195292026286749021e+00,6.120586274643827096e+00,8.896469019715061322e+00,1.352294026150045170e+01,2.000000000000000000e+01
5.245242002259713487e+00,6.167414377118481283e+00,8.933931501694784671e+00,1.354479337598862543e+01,2.000000000000000000e+01
5.295023450754518635e+00,6.214084485082361553e+00,8.971267588065888532e+00,1.356657275970510312e+01,2.000000000000000000e+01
5.344636940370253164e+00,6.260597131597112508e+00,9.008477705277689651e+00,1.358827866141198548e+01,2.000000000000000000e+01
5.394083037787598123e+00,6.306952847925873407e+00,9.045562278340698370e+00,1.360991132903207479e+01,2.000000000000000000e+01
5.443362307775297282e+00,6.353152163539340869e+00,9.082521730831473405e+00,1.363147100965169223e+01,2.000000000000000000e+01
5.492475313196598208e+00,6.399195606121811153e+00,9.119356484897448212e+00,1.365295794952351116e+01,2.000000000000000000e+01
5.541422615015701325e+00,6.445083701577219770e+00,9.156066961261775106e+00,1.367437239406936911e+01,2.000000000000000000e+01
5.590204772304147696e+00,6.490816974035138465e+00,9.192653579228110772e+00,1.369571458788306373e+01,2.000000000000000000e+01
5.638822342247220121e+00,6.536395945856769529e+00,9.229116756685414202e+00,1.371698477473315947e+01,2.000000000000000000e+01
5.687275880150293617e+00,6.581821137640900155e+00,9.265456910112719768e+00,1.373818319756575335e+01,2.000000000000000000e+01
5.735565939445184114e+00,6.627093068229860329e+00,9.301674454583888974e+00,1.375931009850726738e+01,2.000000000000000000e+01
5.783693071696474064e+00,6.672212254715444324e+00,9.337769803772355104e+00,1.378036571886720729e+01,2.000000000000000000e+01
5.831657826607809625e+00,6.717179212444821523e+00,9.373743369955857219e+00,1.380135029914091760e+01,2.000000000000000000e+01
5.879460752028173864e+00,6.761994455026412609e+00,9.409595564021131509e+00,1.382226407901232612e+01,2.000000000000000000e+01
5.927102393958150195e+00,6.806658494335765752e+00,9.445326795468613312e+00,1.384310729735669021e+01,2.000000000000000000e+01
5.974583296556154721e+00,6.851171840521395495e+00,9.480937472417116041e+00,1.386388019224331813e+01,2.000000000000000000e+01
6.021904002144655266e+00,6.895535002010614534e+00,9.516428001608492337e+00,1.388458300093828690e+01,2.000000000000000000e+01
6.069065051216369078e+00,6.939748485515345955e+00,9.551798788412277474e+00,1.390521595990716186e+01,2.000000000000000000e+01
6.116066982440422350e+00,6.983812796037895509e+00,9.587050236830316763e+00,1.392577930481768433e+01,2.000000000000000000e+01
6.162910332668520397e+00,7.027728436876738094e+00,9.622182749501391186e+00,1.394627327054247701e+01,2.000000000000000000e+01
6.209595636941065422e+00,7.071495909632249166e+00,9.657196727705798622e+00,1.396669809116171557e+01,2.000000000000000000e+01
6.256123428493274297e+00,7.115115714212445042e+00,9.692092571369954612e+00,1.398705399996580745e+01,2.000000000000000000e+01
6.302494238761271461e+00,7.158588348838692106e+00,9.726870679070954040e+00,1.400734122945805638e+01,2.000000000000000000e+01
6.348708597388150743e+00,7.201914310051391155e+00,9.761531448041113279e+00,1.402756001135731623e+01,2.000000000000000000e+01
6.394767032230035397e+00,7.245094092715658185e+00,9.796075274172526548e+00,1.404771057660063960e+01,2.000000000000000000e+01
6.440670069362097294e+00,7.288128190026966990e+00,9.830502552021574303e+00,1.406779315534591746e+01,2.000000000000000000e+01
6.486418233084572549e+00,7.331017093516786431e+00,9.864813674813429856e+00,1.408780797697449927e+01,2.000000000000000000e+01
6.532012045928745181e+00,7.373761293058199051e+00,9.899009034446558886e+00,1.410775527009382557e+01,2.000000000000000000e+01
6.577452028662920114e+00,7.416361276871487718e+00,9.933089021497190529e+00,1.412763526254002855e+01,2.000000000000000000e+01
6.622738700298369530e+00,7.458817531529721379e+00,9.967054025223777813e+00,1.414744818138053617e+01,2.000000000000000000e+01
6.667872578095255243e+00,7.501130541964301734e+00,1.000090443357144210e+01,1.416719425291667456e+01,2.000000000000000000e+01
6.712854177568548408e+00,7.543300791470513467e+00,1.003464063317641219e+01,1.418687370268624015e+01,2.000000000000000000e+01
6.757684012493907488e+00,7.585328761713038048e+00,1.006826300937042973e+01,1.420648675546608430e+01,2.000000000000000000e+01
6.802362594913553551e+00,7.627214932731456898e+00,1.010177194618516516e+01,1.422603363527468012e+01,2.000000000000000000e+01
6.846890435142112707e+00,7.668959782945730552e+00,1.013516782635658409e+01,1.424551456537467331e+01,2.000000000000000000e+01
6.891268041772447006e+00,7.710563789161668957e+00,1.016845103132933481e+01,1.426492976827544545e+01,2.000000000000000000e+01
6.935495921681466669e+00,7.752027426576375113e+00,1.020162194126110045e+01,1.428427946573564178e+01,2.000000000000000000e+01
6.979574580035916576e+00,7.793351168783671845e+00,1.023468093502693677e+01,1.430356387876571311e+01,2.000000000000000000e+01
7.023504520298146758e+00,7.834535487779512586e+00,1.026762839022361007e+01,1.432278322763043832e+01,2.000000000000000000e+01
7.067286244231862469e+00,7.875580853967371731e+00,1.030046468317389596e+01,1.434193773185143961e+01,2.000000000000000000e+01
7.110920251907857370e+00,7.916487736163616340e+00,1.033319018893089236e+01,1.436102761020968721e+01,2.000000000000000000e+01
7.154407041709718307e+00,7.957256601602860968e+00,1.036580528128228806e+01,1.438005308074800226e+01,2.000000000000000000e+01
7.197747110339531851e+00,7.997887915943310944e+00,1.039831033275464911e+01,1.439901436077354546e+01,2.000000000000000000e+01
7.240940952823544663e+00,8.038382143272073677e+00,1.043070571461765894e+01,1.441791166686030046e+01,2.000000000000000000e+01
7.283989062517816748e+00,8.078739746110453979e+00,1.046299179688836389e+01,1.443674521485154472e+01,2.000000000000000000e+01
7.326891931113872047e+00,8.118961185419255600e+00,1.049516894833540448e+01,1.445551521986231869e+01,2.000000000000000000e+01
7.369650048644298401e+00,8.159046920604030362e+00,1.052723753648322358e+01,1.447422189628188072e+01,2.000000000000000000e+01
7.412263903488347516e+00,8.198997409520325519e+00,1.055919792761626042e+01,1.449286545777615132e+01,2.000000000000000000e+01
7.454733982377518942e+00,8.238813108478924008e+00,1.059105048678313921e+01,1.451144611729016454e+01,2.000000000000000000e+01
7.497060770401122731e+00,8.278494472251052727e+00,1.062279557780084183e+01,1.452996408705049092e+01,2.000000000000000000e+01
7.539244751011802137e+00,8.318041954073564170e+00,1.065443356325885205e+01,1.454841957856766399e+01,2.000000000000000000e+01
7.581286406031075842e+00,8.357456005654134046e+00,1.068596480452330688e+01,1.456681280263859612e+01,2.000000000000000000e+01
7.623186215654831344e+00,8.396737077176403830e+00,1.071738966174112306e+01,1.458514396934898905e+01,2.000000000000000000e+01
7.664944658458809457e+00,8.435885617305133977e+00,1.074870849384410754e+01,1.460341328807572836e+01,2.000000000000000000e+01
7.706562211404072826e+00,8.474902073191319829e+00,1.077992165855305373e+01,1.462162096748928164e+01,2.000000000000000000e+01
7.748039349842452239e+00,8.513786890477298641e+00,1.081102951238183962e+01,1.463976721555607341e+01,2.000000000000000000e+01
7.789376547521982275e+00,8.552540513301858383e+00,1.084203241064148671e+01,1.465785223954086725e+01,2.000000000000000000e+01
7.830574276592299654e+00,8.591163384305280815e+00,1.087293070744422430e+01,1.467587624600913188e+01,2.000000000000000000e+01
7.871633007610046029e+00,8.629655944634418319e+00,1.090372475570753430e+01,1.469383944082939486e+01,2.000000000000000000e+01
7.912553209544244126e+00,8.668018633947728091e+00,1.093441490715818354e+01,1.471174202917560692e+01,2.000000000000000000e+01
7.953335349781644581e+00,8.706251890420292128e+00,1.096500151233623299e+01,1.472958421552947073e+01,2.000000000000000000e+01
7.993979894132077213e+00,8.744356150748821221e+00,1.099548492059905769e+01,1.474736620368278395e+01,2.000000000000000000e+01
8.034487306833755227e+00,8.782331850156644748e+00,1.102586548012531686e+01,1.476508819673976802e+01,2.000000000000000000e+01
8.074858050558592737e+00,8.820179422398680913e+00,1.105614353791894544e+01,1.478275039711938454e+01,2.000000000000000000e+01
8.115092586417487652e+00,8.857899299766394563e+00,1.108631943981311530e+01,1.480035300655764985e+01,2.000000000000000000e+01
8.155191373965568147e+00,8.895491913092721248e+00,1.111639353047417700e+01,1.481789622610993717e+01,2.000000000000000000e+01
8.195154871207481762e+00,8.932957691757014373e+00,1.114636615340561221e+01,1.483538025615327349e+01,2.000000000000000000e+01
8.234983534602577038e+00,8.970297063689915973e+00,1.117623765095193278e+01,1.485280529638862745e+01,2.000000000000000000e+01
8.274677819070166862e+00,9.007510455378280767e+00,1.120600836430262603e+01,1.487017154584319734e+01,2.000000000000000000e+01
8.314238177994679901e+00,9.044598291870013185e+00,1.123567863349600948e+01,1.488747920287267235e+01,2.000000000000000000e+01
8.353665063230874210e+00,9.081560996778945238e+00,1.126524879742315655e+01,1.490472846516350813e+01,2.000000000000000000e+01
8.392958925108978008e+00,9.118398992289666438e+00,1.129471919383173351e+01,1.492191952973517743e+01,2.000000000000000000e+01
8.432120212439834006e+00,9.155112699162344825e+00,1.132409015932987373e+01,1.493905259294242782e+01,2.000000000000000000e+01
8.471149372520041965e+00,9.191702536737539120e+00,1.135336202939003059e+01,1.495612785047751814e+01,2.000000000000000000e+01
8.510046851137044399e+00,9.228168922940980679e+00,1.138253513835278419e+01,1.497314549737245670e+01,2.000000000000000000e+01
8.548813092574246042e+00,9.264512274288355442e+00,1.141160981943068364e+01,1.499010572800123242e+01,2.000000000000000000e+01
8.587448539616053367e+00,9.300733005890050364e+00,1.144058640471203958e+01,1.500700873608202457e+01,2.000000000000000000e+01
8.625953633552967403e+00,9.336831531455906941e+00,1.146946522516472555e+01,1.502385471467942324e+01,2.000000000000000000e+01
8.664328814186600169e+00,9.372808263299937437e+00,1.149824661063994924e+01,1.504064385620663735e+01,2.000000000000000000e+01
8.702574519834705313e+00,9.408663612345035787e+00,1.152693088987602898e+01,1.505737635242768313e+01,2.000000000000000000e+01
8.740691187336190993e+00,9.444397988127679611e+00,1.155551839050214369e+01,1.507405239445958323e+01,2.000000000000000000e+01
8.778679252056097226e+00,9.480011798802589595e+00,1.158400943904207203e+01,1.509067217277454276e+01,2.000000000000000000e+01
8.816539147890580352e+00,9.515505451147419080e+00,1.161240436091793526e+01,1.510723587720212890e+01,2.000000000000000000e+01
8.854271307271861957e+00,9.550879350567370807e+00,1.164070348045389736e+01,1.512374369693143983e+01,2.000000000000000000e+01
8.891876161173165372e+00,9.586133901099842092e+00,1.166890712087987225e+01,1.514019582051325941e+01,2.000000000000000000e+01
8.929354139113648614e+00,9.621269505419045132e+00,1.169701560433523468e+01,1.515659243586222082e+01,2.000000000000000000e+01
8.966705669163300030e+00,9.656286564840593556e+00,1.172502925187247413e+01,1.517293373025894354e+01,2.000000000000000000e+01
9.003931177947833930e+00,9.691185479326094310e+00,1.175294838346087545e+01,1.518921989035217734e+01,2.000000000000000000e+01
9.041031090653564917e+00,9.725966647487716443e+00,1.178077331799017280e+01,1.520545110216093398e+01,2.000000000000000000e+01
9.078005831032250228e+00,9.760630466592735033e+00,1.180850437327418767e+01,1.522162755107660992e+01,2.000000000000000000e+01
9.114855821405951630e+00,9.795177332568080431e+00,1.183614186605446328e+01,1.523774942186510373e+01,2.000000000000000000e+01
9.151581482671842238e+00,9.829607640004851987e+00,1.186368611200388123e+01,1.525381689866892998e+01,2.000000000000000000e+01
9.188183234307022218e+00,9.863921782162831775e+00,1.189113742573026578e+01,1.526983016500932067e+01,2.000000000000000000e+01
9.224661494373302517e+00,9.898120150974971665e+00,1.191849612077997733e+01,1.528578940378832129e+01,2.000000000000000000e+01
9.261016679521992145e+00,9.932203137051867969e+00,1.194576250964149366e+01,1.530169479729087101e+01,2.000000000000000000e+01
9.297249204998642824e+00,9.966171129686227204e+00,1.197293690374898212e+01,1.531754652718690579e+01,2.000000000000000000e+01
9.333359484647802518e+00,1.000002451685731586e+01,1.200001961348585233e+01,1.533334477453341371e+01,2.000000000000000000e+01
9.369347930917742318e+00,1.003376368523538353e+01,1.202701094818830541e+01,1.534908971977651149e+01,2.000000000000000000e+01
9.405214954865153132e+00,1.006738902018608073e+01,1.205391121614886529e+01,1.536478154275350505e+01,2.000000000000000000e+01
9.440960966159861911e+00,1.010090090577486954e+01,1.208072072461989599e+01,1.538042042269493948e+01,2.000000000000000000e+01
9.476586373089492810e+00,1.013429972477139884e+01,1.210743977981712050e+01,1.539600653822665421e+01,2.000000000000000000e+01
9.512091582564146108e+00,1.016758585865388653e+01,1.213406868692310958e+01,1.541154006737181348e+01,2.000000000000000000e+01
9.547477000121029178e+00,1.020075968761346452e+01,1.216060775009077233e+01,1.542702118755295082e+01,2.000000000000000000e+01
9.582743029929103429e+00,1.023382159055853435e+01,1.218705727244682890e+01,1.544245007559398175e+01,2.000000000000000000e+01
9.617890074793693955e+00,1.026677194511908731e+01,1.221341755609526913e+01,1.545782690772224122e+01,2.000000000000000000e+01
9.652918536161084972e+00,1.029961112765101738e+01,1.223968890212081462e+01,1.547315185957047490e+01,2.000000000000000000e+01
9.687828814123118804e+00,1.033233951324042366e+01,1.226587161059233821e+01,1.548842510617886425e+01,2.000000000000000000e+01
9.722621307421752235e+00,1.036495747570789305e+01,1.229196598056631373e+01,1.550364682199701605e+01,2.000000000000000000e+01
9.757296413453619977e+00,1.039746538761276895e+01,1.231797231009021587e+01,1.551881718088595896e+01,2.000000000000000000e+01
9.791854528274567926e+00,1.042986362025740732e+01,1.234389089620592728e+01,1.553393635612012247e+01,2.000000000000000000e+01
9.826296046604181100e+00,1.046215254369142045e+01,1.236972203495313494e+01,1.554900452038932812e+01,2.000000000000000000e+01
9.860621361830288478e+00,1.049433252671589578e+01,1.239546602137271591e+01,1.556402184580075243e+01,2.000000000000000000e+01
9.894830866013460735e+00,1.052640393688761833e+01,1.242112314951009466e+01,1.557898850388088974e+01,2.000000000000000000e+01
9.928924949891479557e+00,1.055836714052326286e+01,1.244669371241861100e+01,1.559390466557752220e+01,2.000000000000000000e+01
9.962904002883814059e+00,1.059022250270357546e+01,1.247217800216285966e+01,1.560877050126166843e+01,2.000000000000000000e+01
9.996768413096058126e+00,1.062197038727755327e+01,1.249757630982204404e+01,1.562358618072952510e+01,2.000000000000000000e+01
1.003051856732436242e+01,1.065361115686659055e+01,1.252288892549327137e+01,1.563835187320440845e+01,2.000000000000000000e+01
1.006415485105986463e+01,1.068514517286862464e+01,1.254811613829489936e+01,1.565306774733869233e+01,2.000000000000000000e+01
1.009767764849307881e+01,1.071657279546226249e+01,1.257325823636980999e+01,1.566773397121572131e+01,2.000000000000000000e+01
1.013108734251828480e+01,1.074789438361089289e+01,1.259831550688871360e+01,1.568235071235174871e+01,2.000000000000000000e+01
1.016438431473791759e+01,1.077911029506679697e+01,1.262328823605343864e+01,1.569691813769783906e+01,2.000000000000000000e+01
1.019756894546690518e+01,1.081022088637522494e+01,1.264817670910018066e+01,1.571143641364177057e+01,2.000000000000000000e+01
1.023064161373702063e+01,1.084122651287845684e+01,1.267298121030276548e+01,1.572590570600994653e+01,2.000000000000000000e+01
1.026360269730122177e+01,1.087212752871989530e+01,1.269770202297591588e+01,1.574032618006928530e+01,2.000000000000000000e+01
1.029645257263794278e+01,1.090292428684807113e+01,1.272233942947845620e+01,1.575469800052909974e+01,2.000000000000000000e+01
1.032919161495541616e+01,1.093361713902070242e+01,1.274689371121656123e+01,1.576902133154299435e+01,2.000000000000000000e+01
1.036182019819595013e+01,1.096420643580870369e+01,1.277136514864696260e+01,1.578329633671072862e+01,2.000000000000000000e+01
1.039433869504020080e+01,1.099469252660018981e+01,1.279575402128015149e+01,1.579752317908008763e+01,2.000000000000000000e+01
1.042674747691141945e+01,1.102507575960445685e+01,1.282006060768356548e+01,1.581170202114874712e+01,2.000000000000000000e+01
1.045904691397971220e+01,1.105535648185598063e+01,1.284428518548478415e+01,1.582583302486612453e+01,2.000000000000000000e+01
1.049123737516625354e+01,1.108553503921836203e+01,1.286842803137469105e+01,1.583991635163523526e+01,2.000000000000000000e+01
1.052331922814751053e+01,1.111561177638829001e+01,1.289248942111063201e+01,1.585395216231453475e+01,2.000000000000000000e+01
1.055529283935942786e+01,1.114558703689946206e+01,1.291646962951957001e+01,1.586794061721974813e+01,2.000000000000000000e+01
1.058715857400163074e+01,1.117546116312652948e+01,1.294036893050122394e+01,1.588188187612571411e+01,2.000000000000000000e+01
1.061891679604159044e+01,1.120523449628899115e+01,1.296418759703119328e+01,1.589577609826819682e+01,2.000000000000000000e+01
1.065056786821877211e+01,1.123490737645509796e+01,1.298792590116407908e+01,1.590962344234571191e+01,2.000000000000000000e+01
1.068211215204879139e+01,1.126448014254574126e+01,1.301158411403659265e+01,1.592342406652134557e+01,2.000000000000000000e+01
1.071355000782753031e+01,1.129395313233830933e+01,1.303516250587064818e+01,1.593717812842454506e+01,2.000000000000000000e+01
1.074488179463526372e+01,1.132332668247055985e+01,1.305866134597644823e+01,1.595088578515292710e+01,2.000000000000000000e+01
1.077610787034075912e+01,1.135260112844446212e+01,1.308208090275556934e+01,1.596454719327408256e+01,2.000000000000000000e+01
1.080722859160535521e+01,1.138177680463002162e+01,1.310542144370401729e+01,1.597816250882734224e+01,2.000000000000000000e+01
1.083824431388705101e+01,1.141085404426910976e+01,1.312868323541528781e+01,1.599173188732558515e+01,2.000000000000000000e+01
1.086915539144454534e+01,1.143983317947926004e+01,1.315186654358340945e+01,1.600525548375699003e+01,2.000000000000000000e+01
1.089996217734130468e+01,1.146871454125747292e+01,1.317497163300597762e+01,1.601873345258682235e+01,2.000000000000000000e+01
1.093066502344957946e+01,1.149749845948397997e+01,1.319799876758718504e+01,1.603216594775918935e+01,2.000000000000000000e+01
1.096126428045443291e+01,1.152618526292603107e+01,1.322094821034082379e+01,1.604555312269881284e+01,2.000000000000000000e+01
1.099176029785774134e+01,1.155477527924163361e+01,1.324382022339330689e+01,1.605889513031276294e+01,2.000000000000000000e+01
1.102215342398219278e+01,1.158326883498330595e+01,1.326661506798664547e+01,1.607219212299220956e+01,2.000000000000000000e+01
1.105244400597525001e+01,1.161166625560179710e+01,1.328933300448143839e+01,1.608544425261417388e+01,2.000000000000000000e+01
1.108263238981313847e+01,1.163996786544981710e+01,1.331197429235985297e+01,1.609865167054324786e+01,2.000000000000000000e+01
1.111271892030477915e+01,1.166817398778573001e+01,1.333453919022858436e+01,1.611181452763334221e+01,2.000000000000000000e+01
1.114270394109572848e+01,1.169628494477724523e+01,1.335702795582179547e+01,1.612493297422938099e+01,2.000000000000000000e+01
1.117258779467212193e+01,1.172430105750511409e+01,1.337944084600409056e+01,1.613800716016905312e+01,2.000000000000000000e+01
1.120237082236456239e+01,1.175222264596677668e+01,1.340177811677342135e+01,1.615103723478449638e+01,2.000000000000000000e+01
1.123205336435202817e+01,1.178005002908002652e+01,1.342404002326402157e+01,1.616402334690401332e+01,2.000000000000000000e+01
1.126163575966576680e+01,1.180778352468665560e+01,1.344622681974932554e+01,1.617696564485377309e+01,2.000000000000000000e+01
1.129111834619315502e+01,1.183542344955608172e+01,1.346833875964486538e+01,1.618986427645950599e+01,2.000000000000000000e+01
1.132050146068156238e+01,1.186297011938896517e+01,1.349037609551117178e+01,1.620271938904818398e+01,2.000000000000000000e+01
1.134978543874219703e+01,1.189042384882080938e+01,1.351233907905664822e+01,1.621553112944971176e+01,2.000000000000000000e+01
1.137897061485394445e+01,1.191778495142557404e+01,1.353422796114045923e+01,1.622829964399860003e+01,2.000000000000000000e+01
1.140805732236718129e+01,1.194505373971923312e+01,1.355604299177538685e+01,1.624102507853564248e+01,2.000000000000000000e+01
1.143704589350758205e+01,1.197223052516335784e+01,1.357778442013068698e+01,1.625370757840956770e+01,2.000000000000000000e+01
1.146593665937992057e+01,1.199931561816867642e+01,1.359945249453494043e+01,1.626634728847871614e+01,2.000000000000000000e+01
1.149472994997184827e+01,1.202630932809860909e+01,1.362104746247888620e+01,1.627894435311268495e+01,2.000000000000000000e+01
1.152342609415765828e+01,1.205321196327280475e+01,1.364256957061824416e+01,1.629149891619397650e+01,2.000000000000000000e+01
1.155202541970204777e+01,1.208002383097067067e+01,1.366401906477653583e+01,1.630401112111964679e+01,2.000000000000000000e+01
1.158052825326386781e+01,1.210674523743487718e+01,1.368539618994790175e+01,1.631648111080294328e+01,2.000000000000000000e+01
1.160893492039983954e+01,1.213337648787485001e+01,1.370670119029987966e+01,1.632890902767493202e+01,2.000000000000000000e+01
1.163724574556828095e+01,1.215991788647026262e+01,1.372793430917621116e+01,1.634129501368612125e+01,2.000000000000000000e+01
1.166546105213281059e+01,1.218636973637451071e+01,1.374909578909960750e+01,1.635363921030810275e+01,2.000000000000000000e+01
1.169358116236604772e+01,1.221273233971816907e+01,1.377018587177453490e+01,1.636594175853514344e+01,2.000000000000000000e+01
1.172160639745328581e+01,1.223900599761245545e+01,1.379120479808996436e+01,1.637820279888581254e+01,2.000000000000000000e+01
1.174953707749615717e+01,1.226519101015264823e+01,1.381215280812211788e+01,1.639042247140456965e+01,2.000000000000000000e+01
1.177737352151630645e+01,1.229128767642153619e+01,1.383303014113722895e+01,1.640260091566338474e+01,2.000000000000000000e+01
1.180511604745900911e+01,1.231729629449282193e+01,1.385383703559425683e+01,1.641473827076331560e+01,2.000000000000000000e+01
1.183276497219683421e+01,1.234321716143453251e+01,1.387457372914762566e+01,1.642683467533611719e+01,2.000000000000000000e+01
1.186032061153323269e+01,1.236905057331240521e+01,1.389524045864992452e+01,1.643889026754578708e+01,2.000000000000000000e+01
1.188778328020616115e+01,1.239479682519327675e+01,1.391583746015461998e+01,1.645090518509019617e+01,2.000000000000000000e+01
1.191515329189167538e+01,1.242045621114844600e+01,1.393636496891875609e+01,1.646287956520260920e+01,2.000000000000000000e+01
1.194243095920751507e+01,1.244602902425704549e+01,1.395682321940563675e+01,1.647481354465328707e+01,2.000000000000000000e+01
1.196961659371666542e+01,1.247151555660937383e+01,1.397721244528749907e+01,1.648670725975104290e+01,2.000000000000000000e+01
1.199671050593092758e+01,1.249691609931024416e+01,1.399753287944819569e+01,1.649856084634478037e+01,2.000000000000000000e+01
1.202371300531444831e+01,1.252223094248229529e+01,1.401778475398583623e+01,1.651037443982507114e+01,2.000000000000000000e+01
1.205062440028727977e+01,1.254746037526932412e+01,1.403796830021546072e+01,1.652214817512568601e+01,2.000000000000000000e+01
1.207744499822887896e+01,1.257260468583957369e+01,1.405808374867165966e+01,1.653388218672513332e+01,2.000000000000000000e+01
1.210417510548162490e+01,1.259766416138902301e+01,1.407813132911121912e+01,1.654557660864821145e+01,2.000000000000000000e+01
1.213081502735433048e+01,1.262263908814468572e+01,1.409811127051574786e+01,1.655723157446751870e+01,2.000000000000000000e+01
1.215736506812571172e+01,1.264752975136785551e+01,1.411802380109428334e+01,1.656884721730499876e+01,2.000000000000000000e+01
1.218382553104787114e+01,1.267233643535737997e+01,1.413786914828590291e+01,1.658042366983344351e+01,2.000000000000000000e+01
1.221019671834976705e+01,1.269705942345290595e+01,1.415764753876232440e+01,1.659196106427802420e+01,2.000000000000000000e+01
1.223647893124065433e+01,1.272169899803811433e+01,1.417735919843049075e+01,1.660345953241778716e+01,2.000000000000000000e+01
1.226267246991353232e+01,1.274625544054393522e+01,1.419700435243514924e+01,1.661491920558717084e+01,2.000000000000000000e+01
1.228877763354857322e+01,1.277072903145178806e+01,1.421658322516142903e+01,1.662634021467750145e+01,2.000000000000000000e+01
1.231479472031653444e+01,1.279512005029675237e+01,1.423609604023740083e+01,1.663772269013848515e+01,2.000000000000000000e+01
1.234072402738217278e+01,1.281942877567078654e+01,1.425554302053662958e+01,1.664906676197970015e+01,2.000000000000000000e+01
1.236656585090762484e+01,1.284365548522589862e+01,1.427492438818071818e+01,1.666037255977208531e+01,2.000000000000000000e+01
1.239232048605580871e+01,1.286780045567732067e+01,1.429424036454185654e+01,1.667164021264941454e+01,2.000000000000000000e+01
1.241798822699377425e+01,1.289186396280666358e+01,1.431349117024533157e+01,1.668286984930977468e+01,2.000000000000000000e+01
1.244356936689608339e+01,1.291584628146507896e+01,1.433267702517206210e+01,1.669406159801703637e+01,2.000000000000000000e+01
1.246906419794814624e+01,1.293974768557638555e+01,1.435179814846110880e+01,1.670521558660231420e+01,2.000000000000000000e+01
1.249447301134955346e+01,1.296356844814020626e+01,1.437085475851216465e+01,1.671633194246543042e+01,2.000000000000000000e+01
1.251979609731742116e+01,1.298730884123508211e+01,1.438984707298806676e+01,1.672741079257637153e+01,2.000000000000000000e+01
1.254503374508969138e+01,1.301096913602158445e+01,1.440877530881726898e+01,1.673845226347673787e+01,2.000000000000000000e+01
1.257018624292843256e+01,1.303454960274540397e+01,1.442763968219632353e+01,1.674945648128118947e+01,2.000000000000000000e+01
1.259525387812314712e+01,1.305805051074045053e+01,1.444644040859236078e+01,1.676042357167887786e+01,2.000000000000000000e+01
1.262023693699403992e+01,1.308147212843191198e+01,1.446517770274552994e+01,1.677135365993489202e+01,2.000000000000000000e+01
