0.000000000000000000e+00,2.469135802469135665e-01,9.876543209876542662e-01,2.222222222222222321e+00,3.950617283950617065e+00,6.172839506172840274e+00,8.888888888888889284e+00,1.209876543209876232e+01,1.580246913580246826e+01,2.000000000000000000e+01
6.747850219221307455e-02,3.135590145108276827e-01,1.051800551466671729e+00,2.282203113059745103e+00,4.004766699290047249e+00,6.219491310157580166e+00,8.926376945662340745e+00,1.212542360580432721e+01,1.581663129058354933e+01,2.000000000000000000e+01
1.347293369715218958e-01,3.799795920706389163e-01,1.115730357367989978e+00,2.341981632863574969e+00,4.058733418557394224e+00,6.265985714449447741e+00,8.963738520539735077e+00,1.215199183682825179e+01,1.583074566331501032e+01,2.000000000000000000e+01
2.017532724707260527e-01,4.461760715760256790e-01,1.179444468891924780e+00,2.401558464418423355e+00,4.112518058155520961e+00,6.312323250103219152e+00,9.000974040261514375e+00,1.217847042863040663e+01,1.584481241520990480e+01,2.000000000000000000e+01
2.685510742310048826e-01,5.121492091170418703e-01,1.242943613775152834e+00,2.460934288205337772e+00,4.166121232407596686e+00,6.358504446381930464e+00,9.038083930128337329e+00,1.220485968364681284e+01,1.585883170693737121e+01,2.000000000000000000e+01
3.351235052106571466e-01,5.778997582327477511e-01,1.306228517299019565e+00,2.520109782409472921e+00,4.219543553564107263e+00,6.404529830762924369e+00,9.075068614005921575e+00,1.223115990329309533e+01,1.587280369862445717e+01,2.000000000000000000e+01
4.014713257938207214e-01,6.434284699198229429e-01,1.369299902297829608e+00,2.579085622927840937e+00,4.272785631809855822e+00,6.450399928943876482e+00,9.111928514329900253e+00,1.225737138796792536e+01,1.588672854985796157e+01,2.000000000000000000e+01
4.675952937991501024e-01,7.087360926411359063e-01,1.432158489167093318e+00,2.637862483377022560e+00,4.325848075270922521e+00,6.496115264848795867e+00,9.148664052110639489e+00,1.228349443705645072e+01,1.590060641968624111e+01,2.000000000000000000e+01
5.334961644884783638e-01,7.738233723342995418e-01,1.494804995871763298e+00,2.696441035100869854e+00,4.378731490021618100e+00,6.541676360634010479e+00,9.185275646938043437e+00,1.230952934893371697e+01,1.591443746662103820e+01,2.000000000000000000e+01
5.991746905754435915e-01,8.386910524201911521e-01,1.557240137954433834e+00,2.754821947178172081e+00,4.431436480091405450e+00,6.587083736694134828e+00,9.221763716986357551e+00,1.233547642096807273e+01,1.592822184863928925e+01,2.000000000000000000e+01
6.646316222340797886e-01,9.033398738114367665e-01,1.619464628543507700e+00,2.813005886430293145e+00,4.483963647471791880e+00,6.632337911668006569e+00,9.258128679018932772e+00,1.236133594952457138e+01,1.594195972318492949e+01,2.000000000000000000e+01
7.298677071073966793e-01,9.677705749208855845e-01,1.681479178361352300e+00,2.870993517428797048e+00,4.536313592123219607e+00,6.677439402444620420e+00,9.294370948392998599e+00,1.238710822996835148e+01,1.595565124717068706e+01,2.000000000000000000e+01
7.948836903159084422e-01,1.031983891670033016e+00,1.743284495732406736e+00,2.928785502503029825e+00,4.588486911981901173e+00,6.722388724169023888e+00,9.330490939064393530e+00,1.241279355666801010e+01,1.596929657697988070e+01,2.000000000000000000e+01
8.596803144661446794e-01,1.095980557497426844e+00,1.804881286591273337e+00,2.986382501747684159e+00,4.640484202966659311e+00,6.767186390248199679e+00,9.366489063592302600e+00,1.243839222299896718e+01,1.598289586846820320e+01,2.000000000000000000e+01
9.242583196591436234e-01,1.159761303367055518e+00,1.866270254490790759e+00,3.043785173030349789e+00,4.692306058985732165e+00,6.811832912356939218e+00,9.402365733143968285e+00,1.246390452134681937e+01,1.599644927696549779e+01,2.000000000000000000e+01
9.886184434988920522e-01,1.223326857776683596e+00,1.927452100610057784e+00,3.100994171999015059e+00,4.743953071943555422e+00,6.856328800443678873e+00,9.438121357499385411e+00,1.248933074311067060e+01,1.600995695727754509e+01,2.000000000000000000e+01
1.052761421100760764e+00,1.286677946766183300e+00,1.988427523762451576e+00,3.158010152089565370e+00,4.795425831747524015e+00,6.900674562736329065e+00,9.473756345055978301e+00,1.251467117870646995e+01,1.602341906368781466e+01,2.000000000000000000e+01
1.116687985099893421e+00,1.349815293925820558e+00,2.049197220403602415e+00,3.214833764533238991e+00,4.846724926314728954e+00,6.944870705748074968e+00,9.509271102833274369e+00,1.253992611757032449e+01,1.603683574995923777e+01,2.000000000000000000e+01
1.180398865659577634e+00,1.412739620404521057e+00,2.109761884639351770e+00,3.271465658364069107e+00,4.897850941578672845e+00,6.988917734283165650e+00,9.544666036477543969e+00,1.256509584816180514e+01,1.605020716933595892e+01,2.000000000000000000e+01
1.243894790479584955e+00,1.475451644918108540e+00,2.170122208233679295e+00,3.327906480426297886e+00,4.948804461495963203e+00,7.032816151442676578e+00,9.579941550266436678e+00,1.259018065796723995e+01,1.606353347454509617e+01,2.000000000000000000e+01
1.307176484804486449e+00,1.537952083757517352e+00,2.230278880616610504e+00,3.384156875381766127e+00,4.999586068052982668e+00,7.076566458630263234e+00,9.615098047113603386e+00,1.261518083350300401e+01,1.607681481779847132e+01,2.000000000000000000e+01
1.370244671431926076e+00,1.600241650796963899e+00,2.290232588892077814e+00,3.440217485717267820e+00,5.050196341272533473e+00,7.120169155557875662e+00,9.650135928573291721e+00,1.264009666031878254e+01,1.609005135079435433e+01,2.000000000000000000e+01
1.433100070720885189e+00,1.662321057502108790e+00,2.349984017845779594e+00,3.496088951751898044e+00,5.100635859220463253e+00,7.163624740251476553e+00,9.685055594844936167e+00,1.266492842300084121e+01,1.610324322471919700e+01,2.000000000000000000e+01
1.495743400599909290e+00,1.724191012938181888e+00,2.409533849953000129e+00,3.551771911644364010e+00,5.150905198012273090e+00,7.206933709056728254e+00,9.719857444777726840e+00,1.268967640517526974e+01,1.611639059024936316e+01,2.000000000000000000e+01
1.558175376575303694e+00,1.785852223778077619e+00,2.468882765386399392e+00,3.607267001400270345e+00,5.201004931819688260e+00,7.250096556644654910e+00,9.754541875875169410e+00,1.271434088951122909e+01,1.612949359755284107e+01,2.000000000000000000e+01
1.620396711739313655e+00,1.847305394310433169e+00,2.528031442023792152e+00,3.662574854879390163e+00,5.250935632877226311e+00,7.293113776017303707e+00,9.789109284299618352e+00,1.273892215772417025e+01,1.614255239629096650e+01,2.000000000000000000e+01
1.682408116778257856e+00,1.908551226447662064e+00,2.586980555455874686e+00,3.717696103802896168e+00,5.300697871488725177e+00,7.335985858513364377e+00,9.823560064876810216e+00,1.276342049057906181e+01,1.615556713562012803e+01,2.000000000000000000e+01
1.744210299980661905e+00,1.969590419733986852e+00,2.645730778993962140e+00,3.772631377760588656e+00,5.350292216033864179e+00,7.378713293813791374e+00,9.857894611100368465e+00,1.278783616789359279e+01,1.616853796419347233e+01,2.000000000000000000e+01
1.805803967245327435e+00,2.030423671353409620e+00,2.704282783677657065e+00,3.827381304218069324e+00,5.399719232974645067e+00,7.421296569947387844e+00,9.892113315136294105e+00,1.281216946854136118e+01,1.618146503016259885e+01,2.000000000000000000e+01
1.867189822089418971e+00,2.091051676137697601e+00,2.762637238282533936e+00,3.881946508523927974e+00,5.448979486861879273e+00,7.463736173296389609e+00,9.926216567827456316e+00,1.283642067045507673e+01,1.619434848117926151e+01,2.000000000000000000e+01
1.928368565656475297e+00,2.151475126574296404e+00,2.820794809327760611e+00,3.936327613916867030e+00,5.498073540341615661e+00,7.506032588602008282e+00,9.960204758698042227e+00,1.286059005062971572e+01,1.620718846439703853e+01,2.000000000000000000e+01
1.989340896724436369e+00,2.211694712814257890e+00,2.878756161083723342e+00,3.990525241532832723e+00,5.547001954161584258e+00,7.548186298969981500e+00,9.994078275958020896e+00,1.288467788512570067e+01,1.621998512647303059e+01,2.000000000000000000e+01
2.050107511713614716e+00,2.271711122680112993e+00,2.936521955579609156e+00,4.044540010412101871e+00,5.595765287177592029e+00,7.590197785876080516e+00,1.002783750650756467e+01,1.290868444907204271e+01,1.623273861356952352e+01,2.000000000000000000e+01
2.110669104694657960e+00,2.331525041673736531e+00,2.994092852610970912e+00,4.098372537506362434e+00,5.644364096359910654e+00,7.632067529171616016e+00,1.006148283594147763e+01,1.293261001666949106e+01,1.624544907135566874e+01,2.000000000000000000e+01
2.171026367396462486e+00,2.391137152984160075e+00,3.051469509747254172e+00,4.152023437685744334e+00,5.692798936799629672e+00,7.673796007088912852e+00,1.009501464855359032e+01,1.295645486119366119e+01,1.625811664500913167e+01,2.000000000000000000e+01
2.231179989214089332e+00,2.450548137495396794e+00,3.108652582339319181e+00,4.205493323745857381e+00,5.741070361715009618e+00,7.715383696246778555e+00,1.012843332734116153e+01,1.298021925499815588e+01,1.627074147921777225e+01,2.000000000000000000e+01
2.291130657216633448e+00,2.509758673794205919e+00,3.165642723526922886e+00,4.258782806414785682e+00,5.789178922457791643e+00,7.756831071655945209e+00,1.016173925400924105e+01,1.300390346951767917e+01,1.628332371818126845e+01,2.000000000000000000e+01
2.350879056155064095e+00,2.568769438177841202e+00,3.222440584246172079e+00,4.311892494360057171e+00,5.837125168519495588e+00,7.798138606724489108e+00,1.019493280897503595e+01,1.302750777527113435e+01,1.629586350561278962e+01,2.000000000000000000e+01
2.410425868470058575e+00,2.627581104661786071e+00,3.279046813236969005e+00,4.364822994195607819e+00,5.884909647537701183e+00,7.839306773263251316e+00,1.022801437137225555e+01,1.305103244186471123e+01,1.630836098474062723e+01,2.000000000000000000e+01
2.469771774299787115e+00,2.686194344987443472e+00,3.335462057050414764e+00,4.417574910488699658e+00,5.932532905302298154e+00,7.880336041491212029e+00,1.026098431905543862e+01,1.307447773799497526e+01,1.632081629830983260e+01,2.000000000000000000e+01
2.528917451487682211e+00,2.744609828629809734e+00,3.391686960056191413e+00,4.470148845766829027e+00,5.979995485761719465e+00,7.921226880040867613e+00,1.029384302860426814e+01,1.309784393145192105e+01,1.633322958858383345e+01,2.000000000000000000e+01
2.587863575590187981e+00,2.802828222805123559e+00,3.447722164449931626e+00,4.522545400524611736e+00,6.027297931029163003e+00,7.961979755963587202e+00,1.032659087532788256e+01,1.312113128912204729e+01,1.634560099734608940e+01,2.000000000000000000e+01
2.646610819884471777e+00,2.860850192478490150e+00,3.503568310260547047e+00,4.574765173230641579e+00,6.074440781388773303e+00,8.002595134734944438e+00,1.035922823326915143e+01,1.314434007699139428e+01,1.635793066590168010e+01,2.000000000000000000e+01
2.705159855376109146e+00,2.918676400371465363e+00,3.559226035357535789e+00,4.626808760334319537e+00,6.121424575301816162e+00,8.043073480260026997e+00,1.039175547520894938e+01,1.316747056014858330e+01,1.637021873507893588e+01,2.000000000000000000e+01
2.763511350806759914e+00,2.976307506969638972e+00,3.614695975458277921e+00,4.678676756272675874e+00,6.168249849412831942e+00,8.083415254878747902e+00,1.042417297267042287e+01,1.319052300278785239e+01,1.638246534523104714e+01,2.000000000000000000e+01
2.821665972661793198e+00,3.033744170530165540e+00,3.669978764135284788e+00,4.730369753477149608e+00,6.214917138555760445e+00,8.123620919371116855e+00,1.045648109592321973e+01,1.321349766821206373e+01,1.639467063623765952e+01,2.000000000000000000e+01
2.879624385177907975e+00,3.090987047089291728e+00,3.725075032823442989e+00,4.781888342380362644e+00,6.261426975760048919e+00,8.163690932962504476e+00,1.048868021398772754e+01,1.323639481883571456e+01,1.640683474750647264e+01,2.000000000000000000e+01
2.937387250350722567e+00,3.148036790469848967e+00,3.779985410827229941e+00,4.833233111422864603e+00,6.307779892256752063e+00,8.203625753328894987e+00,1.052077069463929071e+01,1.325921471618793746e+01,1.641895781797484233e+01,2.000000000000000000e+01
2.994955227942326381e+00,3.204894052288716821e+00,3.834710525327890362e+00,4.884404647059845672e+00,6.353976417484583195e+00,8.243425836602103374e+00,1.055275290441240443e+01,1.328195762091548460e+01,1.643103998611135097e+01,2.000000000000000000e+01
3.052328975488827201e+00,3.261559481964273921e+00,3.889251001390613194e+00,4.935403533767846795e+00,6.400017079095972505e+00,8.283091637374992544e+00,1.058462720860490336e+01,1.330462379278570673e+01,1.644308138991740620e+01,2.000000000000000000e+01
3.109509148307847415e+00,3.318033726723800036e+00,3.943607461971657013e+00,4.986230354051420122e+00,6.445902402963087141e+00,8.322623608706660292e+00,1.061639397128213780e+01,1.332721349068951788e+01,1.645508216692880765e+01,2.000000000000000000e+01
3.166496399506020243e+00,3.374317431610884377e+00,3.997780527925475891e+00,5.036885688449796561e+00,6.491632913183843279e+00,8.362022202127619153e+00,1.064805355528112329e+01,1.334972697264435126e+01,1.646704245421731372e+01,2.000000000000000000e+01
3.223291379986448213e+00,3.430411239492788589e+00,4.051770818011808828e+00,5.087370115543509819e+00,6.537209132087889785e+00,8.401287867644953167e+00,1.067960632221469375e+01,1.337216449579711330e+01,1.647896238839221539e+01,2.000000000000000000e+01
3.279894738456134995e+00,3.486315791067787551e+00,4.105578948902745218e+00,5.137684211961008884e+00,6.582631580242576774e+00,8.440421053747451552e+00,1.071105263247563144e+01,1.339452631642711289e+01,1.649084210560190300e+01,2.000000000000000000e+01
3.336307121433390588e+00,3.542031724872484411e+00,4.159205535189766323e+00,5.187828552385235881e+00,6.627900776458893972e+00,8.479422207410738821e+00,1.074239284524077220e+01,1.341681268994899057e+01,1.650268174153540102e+01,2.000000000000000000e+01
3.392529173255227626e+00,3.597559677289113189e+00,4.212651189390771655e+00,5.237803709560202137e+00,6.673017237797404633e+00,8.518291774102380032e+00,1.077362731847512656e+01,1.343902387091564243e+01,1.651448143142393477e+01,2.000000000000000000e+01
3.448561536084708834e+00,3.652900282552798750e+00,4.265916521957068497e+00,5.287610254297518964e+00,6.717981479574149262e+00,8.557030197786959391e+00,1.080475640893594935e+01,1.346116011302111737e+01,1.652624131004246877e+01,2.000000000000000000e+01
3.504404849918287823e+00,3.708054172758802558e+00,4.319002141280347651e+00,5.337248755482923102e+00,6.762794015366527134e+00,8.595637920931162412e+00,1.083578047217682716e+01,1.348322166910351783e+01,1.653796151171124507e+01,2.000000000000000000e+01
3.560059752593121019e+00,3.763021977869748902e+00,4.371908653699633440e+00,5.386719780082774633e+00,6.807455357019170705e+00,8.634115384508824320e+00,1.086669986255173370e+01,1.350520879114789707e+01,1.654964217029732154e+01,2.000000000000000000e+01
3.615526879794346282e+00,3.817804325722811143e+00,4.424636663508206169e+00,5.436023893150530029e+00,6.851966014649784498e+00,8.672463028005967800e+00,1.089751493321908171e+01,1.352712173028912268e+01,1.656128341921609604e+01,2.000000000000000000e+01
3.670806865062350433e+00,3.872401842036889086e+00,4.477186772960505934e+00,5.485161657833200977e+00,6.896326496654972438e+00,8.710681289425822982e+00,1.092822603614574994e+01,1.354896073681475244e+01,1.657288539143283757e+01,2.000000000000000000e+01
3.725900339799996797e+00,3.926815150419749934e+00,4.529559582279008900e+00,5.534133635377775029e+00,6.940537309716046543e+00,8.748770605293826108e+00,1.095883352211111017e+01,1.357072606016789784e+01,1.658444821946419623e+01,2.000000000000000000e+01
3.780807933279852762e+00,3.981044872375163024e+00,4.581755689661093811e+00,5.582940385137646899e+00,6.984598958804820512e+00,8.786731410662614650e+00,1.098933774071102931e+01,1.359241794895006272e+01,1.659597203537972021e+01,2.000000000000000000e+01
3.835530272651359596e+00,4.035091627309984830e+00,4.633775691285860532e+00,5.631582464578986702e+00,7.028511947189362452e+00,8.824564139116990447e+00,1.101973904036186624e+01,1.361403665092399251e+01,1.660745697080336925e+01,2.000000000000000000e+01
3.890067982948002268e+00,4.088956032541236851e+00,4.685620181320940603e+00,5.680060429287113521e+00,7.072276776439754720e+00,8.862269222778866862e+00,1.105003776830444551e+01,1.363558241301649332e+01,1.661890315691501030e+01,2.000000000000000000e+01
3.944421687094454843e+00,4.142638703303164860e+00,4.737289751929296244e+00,5.728374832972848552e+00,7.115893946433821782e+00,8.899847092312215935e+00,1.108023427060803101e+01,1.365705548132126346e+01,1.663031072445192038e+01,2.000000000000000000e+01
3.998592005913688130e+00,4.196140252754259947e+00,4.788784993275974955e+00,5.776526227478834485e+00,7.159363955362835874e+00,8.937298176927981785e+00,1.111032889217427133e+01,1.367845610110170185e+01,1.664167980371027866e+01,2.000000000000000000e+01
4.052579558134059567e+00,4.249461291984256484e+00,4.840106493534846344e+00,5.824515162785830924e+00,7.202687299737208448e+00,8.974622904388979805e+00,1.114032197674114499e+01,1.369978451679370046e+01,1.665301052454665509e+01,2.000000000000000000e+01
4.106384960396390227e+00,4.302602430021125635e+00,4.891254838895333634e+00,5.872342187019013338e+00,7.245864474392163856e+00,9.011821701014788744e+00,1.117021386688688267e+01,1.372104097200844741e+01,1.666430301637948830e+01,2.000000000000000000e+01
4.160008827260995190e+00,4.355564273838019140e+00,4.942230613569093656e+00,5.920007846454217848e+00,7.288895972493390829e+00,9.048894991686614375e+00,1.120000490403388582e+01,1.374222570953520517e+01,1.667555740819057775e+01,2.000000000000000000e+01
4.213451771214710817e+00,4.408347428360208653e+00,4.993034399796700384e+00,5.967512685524187788e+00,7.331782285542669086e+00,9.085843199852146057e+00,1.122969542845261870e+01,1.376333897134408168e+01,1.668677382852654389e+01,2.000000000000000000e+01
4.266714402677889595e+00,4.460952496471989548e+00,5.043666777854289407e+00,6.014857246824790948e+00,7.374523903383490619e+00,9.122666747530393749e+00,1.125928577926549323e+01,1.378438099858879440e+01,1.669795240550029547e+01,2.000000000000000000e+01
4.319797330011370562e+00,4.513380079023574964e+00,5.094128326060190837e+00,6.062042071121218179e+00,7.417121314206655214e+00,9.159366055316503719e+00,1.128877629445076103e+01,1.380535203160942714e+01,1.670909326679250739e+01,2.000000000000000000e+01
4.372701159523428416e+00,4.565630774837954320e+00,5.144419620781531144e+00,6.109067697354159776e+00,7.459575004555837552e+00,9.195941542386568912e+00,1.131816731084635030e+01,1.382625230993517995e+01,1.672019653965306318e+01,2.000000000000000000e+01
4.425426495476703082e+00,4.617705180717731395e+00,5.194541236440816334e+00,6.155934662645958788e+00,7.501885459333156092e+00,9.232393626502412687e+00,1.134745916415372413e+01,1.384708207228709043e+01,1.673126235090251868e+01,2.000000000000000000e+01
4.477973940095091976e+00,4.669603891451942879e+00,5.244493745522494699e+00,6.202643502306749212e+00,7.544053161804703755e+00,9.268722724016360104e+00,1.137665218894171915e+01,1.386784155658077466e+01,1.674229082693353732e+01,2.000000000000000000e+01
4.530344093570635167e+00,4.721327499822849383e+00,5.294277718579492031e+00,6.249194749840564889e+00,7.586078593606065290e+00,9.304929249875995012e+00,1.140574671865035228e+01,1.388853099992913798e+01,1.675328209371235388e+01,2.000000000000000000e+01
4.582537554070375663e+00,4.772876596612716682e+00,5.343893724239739740e+00,6.295588936951445724e+00,7.627962234747831971e+00,9.341013617628902921e+00,1.143474308559465413e+01,1.390915063864508383e+01,1.676423627678020267e+01,2.000000000000000000e+01
4.634554917743177072e+00,4.824251770610544554e+00,5.393342329212648778e+00,6.341826593549490632e+00,7.669704563621067450e+00,9.376976239427381898e+00,1.146364162096843131e+01,1.392970070824421569e+01,1.677515350125473859e+01,2.000000000000000000e+01
4.686396778726546586e+00,4.875453608618811607e+00,5.442624098295605783e+00,6.387908247756930891e+00,7.711306057002784264e+00,9.412817526033169457e+00,1.149244265484808203e+01,1.395018144344752287e+01,1.678603389183149730e+01,2.000000000000000000e+01
4.738063729153417114e+00,4.926482695460164152e+00,5.491739594380407929e+00,6.433834425914148447e+00,7.752767190061383928e+00,9.448537886822116150e+00,1.152114651619634245e+01,1.397059307818406282e+01,1.679687757278528437e+01,2.000000000000000000e+01
4.789556359158904542e+00,4.977339613984102407e+00,5.540689378459698666e+00,6.479605652585692432e+00,7.794088436362082817e+00,9.484137729788873372e+00,1.154975353286605788e+01,1.399093584559363990e+01,1.680768466797162120e+01,2.000000000000000000e+01
4.840875256887056111e+00,5.028024945073635621e+00,5.589474009633374152e+00,6.525222450566272592e+00,7.835270267872328276e+00,9.519617461551545645e+00,1.157826403160392026e+01,1.401120997802945212e+01,1.681845530082814832e+01,2.000000000000000000e+01
4.892021008497565049e+00,5.078539267651915878e+00,5.638094045114968367e+00,6.570685340886724290e+00,7.876313154967181873e+00,9.554977487356341115e+00,1.160667833805420202e+01,1.403141570706076457e+01,1.682918959437603235e+01,2.000000000000000000e+01
4.942994198172465659e+00,5.128883158688855026e+00,5.686550040238022241e+00,6.615994842819969968e+00,7.917217566434694653e+00,9.590218211082198962e+00,1.163499677676248112e+01,1.405155326347554023e+01,1.683988767122137986e+01,2.000000000000000000e+01
4.993795408122805313e+00,5.179057193207708742e+00,5.734842548462419920e+00,6.661151473886937957e+00,7.957983969481263742e+00,9.625340035245397274e+00,1.166321967117933767e+01,1.407162287728308137e+01,1.685054965355663725e+01,2.000000000000000000e+01
5.044425218595294247e+00,5.229061944291648167e+00,5.782972121380711705e+00,6.706155749862483972e+00,7.998612829736964080e+00,9.660343361004155582e+00,1.169134734366405226e+01,1.409162477771665678e+01,1.686117566316197625e+01,2.000000000000000000e+01
5.094884207878935811e+00,5.278897983090306667e+00,5.830939308724420123e+00,6.751008184781276178e+00,8.039104611260874833e+00,9.695228588163216088e+00,1.171938011548829905e+01,1.411155919323612018e+01,1.687176582140669012e+01,2.000000000000000000e+01
5.145172952311629189e+00,5.328565878826300839e+00,5.878744658370314013e+00,6.795709290943671377e+00,8.079459776546368488e+00,9.729996115178410676e+00,1.174731830683979439e+01,1.413142635153051785e+01,1.688232024925058994e+01,2.000000000000000000e+01
5.195292026286749021e+00,5.378066198801726649e+00,5.926388716346662200e+00,6.840259578921554784e+00,8.119678786526403513e+00,9.764646339161210165e+00,1.177516223682597207e+01,1.415122647952068924e+01,1.689283906724536521e+01,2.000000000000000000e+01
5.245242002259713487e+00,5.427399508404655570e+00,5.973872026839480043e+00,6.884659557564190457e+00,8.159762100578781485e+00,9.799179655883259343e+00,1.180291222347761959e+01,1.417095980336186045e+01,1.690332239553598725e+01,2.000000000000000000e+01
5.295023450754518635e+00,5.476566371115574761e+00,6.021195132198740474e+00,6.928909734004017551e+00,8.199710176531404215e+00,9.833596459780903132e+00,1.183056858375251075e+01,1.419062654844622706e+01,1.691377035386205918e+01,2.000000000000000000e+01
5.344636940370253164e+00,5.525567348513829913e+00,6.068358572944561047e+00,6.973010613662447454e+00,8.239523470667487359e+00,9.867897143959680761e+00,1.185813163353902944e+01,1.421022693940552983e+01,1.692418306155918728e+01,2.000000000000000000e+01
5.394083037787598123e+00,5.574403000284047671e+00,6.115362887773395428e+00,7.016962700255643171e+00,8.279202437730788233e+00,9.902082100198834169e+00,1.188560168765977743e+01,1.422976120011361800e+01,1.693456063756035945e+01,2.000000000000000000e+01
5.443362307775297282e+00,5.623073884222515417e+00,6.162208613564170712e+00,7.060766495800264053e+00,8.318747530930792777e+00,9.936151718955761325e+00,1.191297905987516614e+01,1.424922955368900368e+01,1.694490320039728459e+01,2.000000000000000000e+01
5.492475313196598208e+00,5.671580556243553950e+00,6.208896285384420288e+00,7.104422500619198999e+00,8.358159201947888306e+00,9.970106389370489097e+00,1.194026406288699960e+01,1.426863222249741980e+01,1.695521086820175327e+01,2.000000000000000000e+01
5.541422615015701325e+00,5.719923570385877731e+00,6.255426436496406950e+00,7.147931213347289869e+00,8.397437900938525601e+00,1.000394649927011415e+01,1.196745700834205550e+01,1.428796942815434790e+01,1.696548375870699843e+01,2.000000000000000000e+01
5.590204772304147696e+00,5.768103478818911611e+00,6.301799598363202470e+00,7.191293130937021161e+00,8.436584076540366794e+00,1.003767243517323848e+01,1.199455820683563800e+01,1.430724139152756180e+01,1.697572198924901699e+01,2.000000000000000000e+01
5.638822342247220121e+00,5.816120831849106665e+00,6.348016300654764521e+00,7.234508748664196354e+00,8.475598175877399498e+00,1.007128458229437484e+01,1.202156796791512328e+01,1.432644833273964124e+01,1.698592567676793408e+01,2.000000000000000000e+01
5.687275880150293617e+00,5.863976177926215172e+00,6.394077071253982503e+00,7.277578560133593832e+00,8.514480644565050937e+00,1.010478332454835204e+01,1.204848660008349626e+01,1.434559047117048358e+01,1.699609493780932112e+01,2.000000000000000000e+01
5.735565939445184114e+00,5.911670063649564710e+00,6.439982436262705612e+00,7.320503057284608595e+00,8.553231926715270106e+00,1.013816904455469547e+01,1.207531441080288026e+01,1.436466802545982446e+01,1.700622988852553163e+01,2.000000000000000000e+01
5.783693071696474064e+00,5.959203033774294944e+00,6.485732920007759361e+00,7.363282730396866427e+00,8.591852464941615253e+00,1.017144212364200762e+01,1.210205170649804174e+01,1.438368121350971585e+01,1.701633064467703704e+01,2.000000000000000000e+01
5.831657826607809625e+00,6.006575631217589972e+00,6.531329045046930126e+00,7.405918068095831863e+00,8.630342700364291630e+00,1.020460294185231476e+01,1.212869879255989503e+01,1.440263025248703421e+01,1.702639732163373765e+01,2.000000000000000000e+01
5.879460752028173864e+00,6.053788397064862714e+00,6.576771332174930151e+00,7.448409557358377064e+00,8.668703072615201677e+00,1.023765187794540488e+01,1.215525597334898578e+01,1.442151535882594260e+01,1.703643003437628423e+01,2.000000000000000000e+01
5.927102393958150195e+00,6.100841870575950843e+00,6.622060300429352786e+00,7.490757683518356025e+00,8.706934019842959671e+00,1.027058930940316728e+01,1.218172355219897263e+01,1.444033674823037927e+01,1.704642889749738899e+01,2.000000000000000000e+01
5.974583296556154721e+00,6.147736589191263867e+00,6.667196467096591306e+00,7.532962930272137925e+00,8.745035978717901060e+00,1.030341561243388426e+01,1.220810183142008754e+01,1.445909463567650377e+01,1.705639402520314363e+01,2.000000000000000000e+01
6.021904002144655266e+00,6.194473088537931105e+00,6.712180347717758622e+00,7.575025779684138705e+00,8.783009384437068690e+00,1.033613116197655302e+01,1.223439111230258725e+01,1.447778923541517138e+01,1.706632553131430896e+01,2.000000000000000000e+01
6.069065051216369078e+00,6.241051902435920340e+00,6.757012456094572350e+00,7.616946712192328661e+00,8.820854670729184832e+00,1.036873633170514353e+01,1.226059169512020475e+01,1.449642076097436671e+01,1.707622352926763298e+01,2.000000000000000000e+01
6.116066982440422350e+00,6.287473562904120961e+00,6.801693304295215903e+00,7.658726206613708953e+00,8.858572269859598336e+00,1.040123149403288494e+01,1.228670387913356876e+01,1.451498942516164625e+01,1.708608813211712629e+01,2.000000000000000000e+01
6.162910332668520397e+00,6.333738600166440413e+00,6.846223402660198687e+00,7.700364740149796994e+00,8.896162612635233558e+00,1.043361702011650749e+01,1.231272796259362323e+01,1.453349544006657368e+01,1.709591945253536949e+01,2.000000000000000000e+01
6.209595636941065422e+00,6.379847542657842041e+00,6.890603259808172787e+00,7.741862788392058548e+00,8.933626128409496658e+00,1.046589327986048978e+01,1.233866424274503615e+01,1.455193901706313575e+01,1.710571760281479214e+01,2.000000000000000000e+01
6.256123428493274297e+00,6.425800917030394466e+00,6.934833382641754085e+00,7.783220825327354930e+00,8.970963245087194338e+00,1.049806064192127764e+01,1.236451301582959772e+01,1.457032036681215637e+01,1.711548269486895890e+01,2.000000000000000000e+01
6.302494238761271461e+00,6.471599248159280116e+00,6.978914276353306967e+00,7.824439323343352903e+00,9.008174389129415260e+00,1.053011947371149759e+01,1.239027457708959545e+01,1.458863969926371063e+01,1.712521484023384488e+01,2.000000000000000000e+01
6.348708597388150743e+00,6.517243059148790429e+00,7.022846444430711266e+00,7.865518753233912363e+00,9.045259985558391946e+00,1.056207014140415446e+01,1.241594922077119456e+01,1.460689722365951404e+01,1.713491415006911822e+01,2.000000000000000000e+01
6.394767032230035397e+00,6.562732871338306850e+00,7.066630388663119433e+00,7.906459584204476698e+00,9.082220457962375093e+00,1.059391300993681639e+01,1.244153724012779705e+01,1.462509314853532061e+01,1.714458073515939063e+01,2.000000000000000000e+01
6.440670069362097294e+00,6.608069204308244515e+00,7.110266609146685290e+00,7.947262283877420508e+00,9.119056228500447503e+00,1.062564844301577160e+01,1.246703892742338837e+01,1.464322768172329603e+01,1.715421470591549991e+01,2.000000000000000000e+01
6.486418233084572549e+00,6.653252575885996833e+00,7.153755604290272352e+00,7.987927318297398216e+00,9.155767717907373537e+00,1.065727680312019743e+01,1.249245457393587344e+01,1.466130103035439802e+01,1.716381617237577473e+01,2.000000000000000000e+01
6.532012045928745181e+00,6.698283502151847202e+00,7.197097870821153265e+00,8.028455151936663370e+00,9.192355345498375740e+00,1.068879845150629393e+01,1.251778446996041438e+01,1.467931340086073710e+01,1.717338524420726742e+01,2.000000000000000000e+01
6.577452028662920114e+00,6.743162497444859405e+00,7.240293903790676389e+00,8.068846247700374619e+00,9.228819529173946989e+00,1.072021374821140327e+01,1.254302890481273280e+01,1.469726499897794270e+01,1.718292203070703295e+01,2.000000000000000000e+01
6.622738700298369530e+00,6.787890074368760018e+00,7.283344196579931484e+00,8.109101066931884816e+00,9.265160685424618237e+00,1.075152305205813263e+01,1.256818816683242801e+01,1.471515602974750259e+01,1.719242664080336169e+01,2.000000000000000000e+01
6.667872578095255243e+00,6.832466743797782627e+00,7.326249240905365667e+00,8.149220069418005252e+00,9.301379229335697829e+00,1.078272672065844873e+01,1.259326254338625262e+01,1.473298669751911127e+01,1.720189918305703003e+01,2.000000000000000000e+01
6.712854177568548408e+00,6.876893014882516475e+00,7.369009526824421563e+00,8.189203713394265449e+00,9.337475574592044580e+00,1.081382511041776340e+01,1.261825232087141657e+01,1.475075720595300410e+01,1.721133976566253310e+01,2.000000000000000000e+01
6.757684012493907488e+00,6.921169395055710716e+00,7.411625542741121286e+00,8.229052455550139200e+00,9.373450133482766233e+00,1.084481857653899795e+01,1.264315778471883789e+01,1.476846775802228251e+01,1.722074849644933892e+01,2.000000000000000000e+01
6.802362594913553551e+00,6.965296390038077767e+00,7.454097775411649529e+00,8.268766751034270612e+00,9.409303316905937464e+00,1.087570747302665453e+01,1.266797921939641824e+01,1.478611855601522862e+01,1.723012548288308921e+01,2.000000000000000000e+01
6.846890435142112707e+00,7.009274503844061144e+00,7.496426709949909117e+00,8.308347053459655740e+00,9.445035534373300123e+00,1.090649215269084316e+01,1.269271690841228484e+01,1.480370980153762339e+01,1.723947083206686415e+01,2.000000000000000000e+01
6.891268041772447006e+00,7.053104238787601510e+00,7.538612829833066797e+00,8.347793814908841981e+00,9.480647194014926171e+00,1.093717296715132292e+01,1.271737113431802690e+01,1.482124169551503812e+01,1.724878465074236544e+01,2.000000000000000000e+01
6.935495921681466669e+00,7.096786095487868984e+00,7.580656616907073264e+00,8.387107485939083062e+00,9.516138702583893050e+00,1.096775026684150944e+01,1.274194217871192691e+01,1.483871443819514546e+01,1.725806704529117042e+01,2.000000000000000000e+01
6.979574580035916576e+00,7.140320572874979455e+00,7.622558551392167203e+00,8.426288515587481598e+00,9.551510465460921750e+00,1.099822440101248588e+01,1.276643032224217578e+01,1.485612822914998965e+01,1.726731812173593283e+01,2.000000000000000000e+01
7.023504520298146758e+00,7.183708168195701127e+00,7.664319111888361569e+00,8.465337351376131636e+00,9.586762886659006000e+00,1.102859571773699088e+01,1.279083584461008272e+01,1.487348326727827796e+01,1.727653798574158728e+01,2.000000000000000000e+01
7.067286244231862469e+00,7.226949377019123766e+00,7.705938775380906769e+00,8.504254439317211478e+00,9.621896368828037893e+00,1.105886456391338690e+01,1.281515902457325851e+01,1.489077975080764737e+01,1.728572674261656417e+01,2.000000000000000000e+01
7.110920251907857370e+00,7.270044693242327938e+00,7.747418017245740529e+00,8.543040223918096032e+00,9.656911313259392671e+00,1.108903128526963044e+01,1.283940013994880935e+01,1.490801787729692940e+01,1.729488449731399413e+01,2.000000000000000000e+01
7.154407041709718307e+00,7.312994609096017840e+00,7.788757311254917326e+00,8.581695148186415878e+00,9.691808119890513495e+00,1.111909622636721195e+01,1.286355946761651126e+01,1.492519784363840607e+01,1.730401135443290173e+01,2.000000000000000000e+01
7.197747110339531851e+00,7.355799615150155013e+00,7.829957129582023612e+00,8.620219653635139423e+00,9.726587187309501559e+00,1.114905973060511002e+01,1.288763728352196303e+01,1.494231984606006058e+01,1.731310741821940624e+01,2.000000000000000000e+01
7.240940952823544663e+00,7.398460200319550317e+00,7.871017942807566392e+00,8.658614180287596440e+00,9.761248912759633356e+00,1.117892214022368691e+01,1.291163386267974644e+01,1.495938408012781906e+01,1.732217279256790476e+01,2.000000000000000000e+01
7.283989062517816748e+00,7.440976851869448794e+00,7.911940219924344042e+00,8.696879166682503381e+00,9.795793692143927700e+00,1.120868379630861611e+01,1.293554947917656506e+01,1.497639074074777810e+01,1.733120758102225878e+01,2.000000000000000000e+01
7.326891931113872047e+00,7.483350055421108316e+00,7.952724428342817120e+00,8.735015049878999349e+00,9.830221920029650562e+00,1.123834503879477609e+01,1.295938440617437415e+01,1.499334002216844119e+01,1.734021188677698433e+01,2.000000000000000000e+01
7.369650048644298401e+00,7.525580294957331162e+00,7.993371033896431221e+00,8.773022265461598579e+00,9.864533989652832346e+00,1.126790620647013341e+01,1.298313891591350000e+01,1.501023211798293033e+01,1.734918581267843152e+01,2.000000000000000000e+01
7.412263903488347516e+00,7.567668052827997371e+00,8.033880500846947825e+00,8.810901247545197990e+00,9.898730292922747864e+00,1.129736763697959745e+01,1.300681327971574852e+01,1.502706722113119753e+01,1.735812946122594980e+01,2.000000000000000000e+01
7.454733982377518942e+00,7.609613809755574110e+00,8.074253291889739614e+00,8.848652428780017232e+00,9.932811220426405185e+00,1.132672966682890348e+01,1.303040776798751210e+01,1.504384552390222751e+01,1.736704293457306036e+01,2.000000000000000000e+01
7.497060770401122731e+00,7.651418044840615273e+00,8.114489868159092012e+00,8.886276240356554723e+00,9.966777161433000742e+00,1.135599263138843185e+01,1.305392265022284626e+01,1.506056721793624398e+01,1.737592633452862856e+01,2.000000000000000000e+01
7.539244751011802137e+00,7.693081235567211351e+00,8.154590689233440770e+00,8.923773112010490394e+00,1.000062850389835845e+01,1.138515686489704848e+01,1.307735819500655694e+01,1.507723249422688383e+01,1.738477976255803270e+01,2.000000000000000000e+01
7.581286406031075842e+00,7.734603857808469485e+00,8.194556213140652190e+00,8.961143472027622181e+00,1.003436563446938123e+01,1.141422270046592935e+01,1.310071467001726475e+01,1.509384154312338566e+01,1.739360331978430096e+01,2.000000000000000000e+01
7.623186215654831344e+00,7.775986385831932246e+00,8.234386896363233177e+00,8.998387747248738577e+00,1.006798893848844401e+01,1.144319047008235302e+01,1.312399234203046205e+01,1.511039455433277112e+01,1.740239710698928377e+01,2.000000000000000000e+01
7.664944658458809457e+00,7.817229292304997301e+00,8.274083193843559059e+00,9.035506363074498282e+00,1.010149879999780964e+01,1.147206050461349847e+01,1.314719147692156120e+01,1.512689171692199785e+01,1.741116122461481197e+01,2.000000000000000000e+01
7.706562211404072826e+00,7.858333048300319312e+00,8.313645558989056994e+00,9.072499743470288536e+00,1.013489560174400950e+01,1.150083313381022521e+01,1.317031233966892856e+01,1.514333321932012666e+01,1.741989577276381596e+01,2.000000000000000000e+01
7.748039349842452239e+00,7.899298123301187857e+00,8.353074443677392935e+00,9.109368310971069249e+00,1.016817972518221502e+01,1.152950868631083203e+01,1.319335519435691850e+01,1.515971924932047443e+01,1.742860085120150160e+01,2.000000000000000000e+01
7.789376547521982275e+00,7.940124985206895580e+00,8.392370298261637274e+00,9.146112486686206466e+00,1.020135155048060227e+01,1.155808748964482646e+01,1.321632030417887904e+01,1.517604999408275646e+01,1.743727655935646581e+01,2.000000000000000000e+01
7.830574276592299654e+00,7.980814100338073480e+00,8.431533571575394959e+00,9.182732690304266754e+00,1.023441145652468443e+01,1.158656987023665152e+01,1.323920793144016628e+01,1.519232564013522691e+01,1.744592299632184051e+01,2.000000000000000000e+01
7.871633007610046029e+00,8.021365933442019980e+00,8.470564710937944497e+00,9.219229340097818692e+00,1.026735982092164079e+01,1.161495615340941612e+01,1.326201833756113757e+01,1.520854637337680693e+01,1.745454026085642951e+01,2.000000000000000000e+01
7.912553209544244126e+00,8.061780947698018451e+00,8.509464162159343203e+00,9.255602852928216606e+00,1.030019702000464044e+01,1.164324666338861292e+01,1.328475178308013582e+01,1.522471237907920560e+01,1.746312845138582759e+01,2.000000000000000000e+01
7.953335349781644581e+00,8.102059604722612107e+00,8.548232369545512910e+00,9.291853644250352318e+00,1.033292342883712323e+01,1.167144172330582919e+01,1.330740852765647020e+01,1.524082384188904271e+01,1.747168766600355383e+01,2.000000000000000000e+01
7.993979894132077213e+00,8.142202364574890439e+00,8.586869775903331004e+00,9.327982128117401572e+00,1.036553942121709859e+01,1.169954165520242384e+01,1.332998883007337554e+01,1.525688094582995546e+01,1.748021800247216362e+01,2.000000000000000000e+01
8.034487306833755227e+00,8.182209685761732132e+00,8.625376822545668176e+00,9.363988717185559807e+00,1.039804536968140880e+01,1.172754678003321516e+01,1.335249294824097532e+01,1.527288387430469285e+01,1.748871955822436774e+01,2.000000000000000000e+01
8.074858050558592737e+00,8.222082025243054204e+00,8.663753949296440382e+00,9.399873822718749494e+00,1.043044164550998332e+01,1.175545741767014007e+01,1.337492113919921977e+01,1.528883281009722062e+01,1.749719243036414795e+01,2.000000000000000000e+01
8.115092586417487652e+00,8.261819838437023833e+00,8.702001594495635928e+00,9.435637854593322160e+00,1.046272861873008253e+01,1.178327388690591704e+01,1.339727365912082746e+01,1.530472793537480847e+01,1.750563671566786894e+01,2.000000000000000000e+01
8.155191373965568147e+00,8.301423579225252425e+00,8.740120195004305259e+00,9.471281221302728426e+00,1.049490665812051837e+01,1.181099650545767688e+01,1.341955076331420571e+01,1.532056943169009955e+01,1.751405251058536550e+01,2.000000000000000000e+01
8.195154871207481762e+00,8.340893699958005669e+00,8.778110186209580945e+00,9.506804329962207589e+00,1.052697613121588027e+01,1.183862558997060432e+01,1.344175270622637797e+01,1.533635747998320120e+01,1.752243991124107581e+01,2.000000000000000000e+01
8.234983534602577038e+00,8.380230651459335434e+00,8.815972002029610621e+00,9.542207586313402601e+00,1.055893740431071137e+01,1.186616145602153694e+01,1.346387974144587574e+01,1.535209226058373311e+01,1.753079901343510727e+01,2.000000000000000000e+01
8.274677819070166862e+00,8.419434883032261396e+00,8.853706074918552105e+00,9.577491394729037211e+00,1.059079084246371494e+01,1.189360441812258529e+01,1.348593212170564826e+01,1.536777395321290385e+01,1.753912991264435561e+01,2.000000000000000000e+01
8.314238177994679901e+00,8.458506842463879849e+00,8.891312835871485021e+00,9.612656158217493640e+00,1.062253680950190216e+01,1.192095478972471767e+01,1.350791009888593308e+01,1.538340273698555194e+01,1.754743270402357425e+01,2.000000000000000000e+01
8.353665063230874210e+00,8.497446976030492038e+00,8.928792714429349076e+00,9.647702278427445322e+00,1.065417566802477722e+01,1.194821288322134656e+01,1.352981392401715333e+01,1.539897879041219575e+01,1.755570748240647916e+01,2.000000000000000000e+01
8.392958925108978008e+00,8.536255728502693430e+00,8.966146138683843247e+00,9.682630155652425685e+00,1.068570777940843897e+01,1.197537900995188664e+01,1.355164384728276517e+01,1.541450229140107631e+01,1.756395434230682184e+01,2.000000000000000000e+01
8.432120212439834006e+00,8.574933543150450532e+00,9.003373535282310769e+00,9.717440188835407611e+00,1.071713350380974283e+01,1.200245348020531821e+01,1.357340011802212842e+01,1.542997341726017879e+01,1.757217337791946932e+01,2.000000000000000000e+01
8.471149372520041965e+00,8.613480861748188389e+00,9.040475329432631213e+00,9.752132775573370438e+00,1.074845320017040251e+01,1.202943660322373276e+01,1.359508298473335586e+01,1.544539234469927358e+01,1.758036468312149125e+01,2.000000000000000000e+01
8.510046851137044399e+00,8.651898124579796345e+00,9.077451944908055737e+00,9.786708312121817244e+00,1.077966722622108620e+01,1.205632868720585904e+01,1.361669269507613578e+01,1.546075924983191818e+01,1.758852835147320803e+01,2.000000000000000000e+01
8.548813092574246042e+00,8.690185770443697777e+00,9.114303804052060087e+00,9.821167193399329420e+00,1.081077593848550578e+01,1.208313003931058915e+01,1.363822949587458133e+01,1.547607430817747876e+01,1.759666447621928498e+01,2.000000000000000000e+01
8.587448539616053367e+00,8.728344236657829214e+00,9.151031327783162084e+00,9.855509812992048424e+00,1.084177969228448646e+01,1.210984096566048152e+01,1.365969363312003004e+01,1.549133769466313026e+01,1.760477315028978751e+01,2.000000000000000000e+01
8.625953633552967403e+00,8.766373959064658550e+00,9.187634935599735542e+00,9.889736563158194826e+00,1.087267884174003640e+01,1.213646177134526205e+01,1.368108535197386999e+01,1.550654958362586200e+01,1.761285446630123985e+01,2.000000000000000000e+01
8.664328814186600169e+00,8.804275372036146408e+00,9.224115045584792227e+00,9.923847834832532300e+00,1.090347373977936840e+01,1.216299276042530408e+01,1.370240489677033224e+01,1.552171014881445821e+01,1.762090851655768020e+01,2.000000000000000000e+01
8.702574519834705313e+00,8.842048908478719937e+00,9.260472074410767362e+00,9.957844017630849365e+00,1.093416473813896062e+01,1.218943423593510467e+01,1.372365251101928152e+01,1.553681956339148762e+01,1.762893539305172652e+01,2.000000000000000000e+01
8.740691187336190993e+00,8.879694999838212865e+00,9.296706437344280261e+00,9.991725499854393178e+00,1.096475218736854984e+01,1.221578649988675025e+01,1.374482843740899440e+01,1.555187799993528408e+01,1.763693518746562106e+01,2.000000000000000000e+01
8.778679252056097226e+00,8.917214076104786002e+00,9.332818548250855883e+00,1.002549266849430865e+01,1.099523643683513896e+01,1.224204985327335038e+01,1.376593291780894290e+01,1.556688563044191298e+01,1.764490799117226771e+01,2.000000000000000000e+01
8.816539147890580352e+00,8.954606565817856634e+00,9.368808819599689031e+00,1.005914590923607221e+01,1.102561783472700796e+01,1.226822459607249982e+01,1.378696619327254425e+01,1.558184262632714123e+01,1.765285389523629433e+01,2.000000000000000000e+01
8.854271307271861957e+00,8.991872896070972843e+00,9.404677662468312604e+00,1.009268560646387769e+01,1.105589672805766632e+01,1.229431102724968206e+01,1.380792850403992311e+01,1.559674915842838772e+01,1.766077299041508297e+01,2.000000000000000000e+01
8.891876161173165372e+00,9.029013492516703820e+00,9.440425486547329825e+00,1.012611214326503628e+01,1.108607346266982319e+01,1.232030944476169410e+01,1.382882008954064723e+01,1.561160539700668082e+01,1.766866536715980018e+01,2.000000000000000000e+01
8.929354139113648614e+00,9.066028779371503532e+00,9.476052700145071839e+00,1.015942590143435353e+01,1.111614838323934684e+01,1.234622014556005354e+01,1.384964118839647185e+01,1.562641151174859999e+01,1.767653111561644508e+01,2.000000000000000000e+01
8.966705669163300030e+00,9.102919179420542406e+00,9.511559710192273087e+00,1.019262726147848852e+01,1.114612183327919048e+01,1.237204342559438075e+01,1.387039203842405577e+01,1.564116767176821554e+01,1.768437032562686539e+01,2.000000000000000000e+01
9.003931177947833930e+00,9.139685114022551460e+00,9.546946922246707601e+00,1.022571660262029880e+01,1.117599415514332506e+01,1.239777957981578638e+01,1.389107287663768631e+01,1.565587404560901952e+01,1.769218308672979134e+01,2.000000000000000000e+01
9.041031090653564917e+00,9.176327003114629122e+00,9.582214740497832395e+00,1.025869430280316763e+01,1.120576569003063838e+01,1.242342890218024110e+01,1.391168393925197933e+01,1.567053080124585129e+01,1.769996948816185878e+01,2.000000000000000000e+01
9.078005831032250228e+00,9.212845265217035617e+00,9.617363567771398891e+00,1.029156073869533472e+01,1.123543677798884133e+01,1.244899168565192582e+01,1.393222546168458464e+01,1.568513810608681425e+01,1.770772961885861818e+01,2.000000000000000000e+01
9.114855821405951630e+00,9.249240317437974923e+00,9.652393805534053683e+00,1.032431628569418081e+01,1.126500775791835629e+01,1.247446822220658547e+01,1.395269767855886300e+01,1.569969612697518890e+01,1.771546356745556849e+01,2.000000000000000000e+01
9.151581482671842238e+00,9.285512575478360731e+00,9.687305853897925090e+00,1.035696131793052643e+01,1.129447896757616832e+01,1.249985880283485429e+01,1.397310082370657902e+01,1.571420503019134429e+01,1.772317142228915188e+01,2.000000000000000000e+01
9.188183234307022218e+00,9.321662453636562873e+00,9.722100111625191943e+00,1.038949620827290943e+01,1.132385074357970822e+01,1.252516371754559543e+01,1.399343513017056750e+01,1.572866498145462444e+01,1.773085327139776979e+01,2.000000000000000000e+01
9.224661494373302517e+00,9.357690364813137762e+00,9.756776976132645274e+00,1.042192132833182683e+01,1.135312342141067532e+01,1.255038325536919785e+01,1.401370083020739088e+01,1.574307614592525439e+01,1.773850920252279195e+01,2.000000000000000000e+01
9.261016679521992145e+00,9.393596720515546394e+00,9.791336843496214470e+00,1.045423704846399460e+01,1.138229733541888322e+01,1.257551770436088390e+01,1.403389815528999662e+01,1.575743868820621785e+01,1.774613930310955467e+01,2.000000000000000000e+01
9.297249204998642824e+00,9.429381930862856365e+00,9.825780108455500539e+00,1.048644373777657179e+01,1.141137281882607191e+01,1.260056735160400088e+01,1.405402733611035870e+01,1.577175277234514184e+01,1.775374366030835560e+01,2.000000000000000000e+01
9.333359484647802518e+00,9.465046404590420792e+00,9.860107164418280945e+00,1.051854176413138120e+01,1.144035020372971800e+01,1.262553248321329669e+01,1.407408860258211192e+01,1.578601856183616725e+01,1.776132236097546269e+01,2.000000000000000000e+01
9.369347930917742318e+00,9.500590549054559020e+00,9.894318403465014455e+00,1.055053149414910507e+01,1.146922982110682909e+01,1.265041338433819362e+01,1.409408218384318978e+01,1.580023621962182290e+01,1.776887549167409475e+01,2.000000000000000000e+01
9.405214954865153132e+00,9.536014770237187577e+00,9.928414216353292687e+00,1.058241329321347024e+01,1.149801200081771668e+01,1.267521033916603201e+01,1.411400830825841979e+01,1.581440590809487468e+01,1.777640313867540200e+01,2.000000000000000000e+01
9.440960966159861911e+00,9.571319472750479562e+00,9.962394992522337844e+00,1.061418752547543320e+01,1.152669707160976564e+01,1.269992363092533694e+01,1.413386720342214531e+01,1.582852778910019076e+01,1.778390538795947506e+01,2.000000000000000000e+01
9.476586373089492810e+00,9.606505059841472516e+00,9.996261120097418740e+00,1.064585455385732615e+01,1.155528536112119653e+01,1.272455354188903343e+01,1.415365909616082973e+01,1.584260202393658901e+01,1.779138232521631124e+01,2.000000000000000000e+01
9.512091582564146108e+00,9.641571933396686944e+00,1.003001298589431300e+01,1.067741474005702074e+01,1.158377719588480836e+01,1.274910035337768122e+01,1.417338421253563752e+01,1.585662877335867371e+01,1.779883403584679513e+01,2.000000000000000000e+01
9.547477000121029178e+00,9.676520493946695112e+00,1.006365097542369469e+01,1.070886844455202791e+01,1.161217290133168945e+01,1.277356434576268640e+01,1.419304277784501700e+01,1.587060819757867769e+01,1.780626060496367202e+01,2.000000000000000000e+01
9.582743029929103429e+00,9.711351140670718252e+00,1.009717547289556805e+01,1.074021602660364749e+01,1.164047280179496013e+01,1.279794579846950420e+01,1.421263501662728146e+01,1.588454045626828659e+01,1.781366211739252847e+01,2.000000000000000000e+01
9.617890074793693955e+00,9.746064271401177592e+00,1.013058686122363383e+01,1.077145784426106090e+01,1.166867722051345879e+01,1.282224498998082574e+01,1.423216115266316351e+01,1.589842570856047033e+01,1.782103865767275153e+01,2.000000000000000000e+01
9.652918536161084972e+00,9.780660282628231172e+00,1.016388552202967333e+01,1.080259425436540965e+01,1.169678647963543838e+01,1.284646219783976306e+01,1.425162140897838015e+01,1.591226411305129140e+01,1.782839031005849861e+01,2.000000000000000000e+01
9.687828814123118804e+00,9.815139569504312433e+00,1.019707183564790043e+01,1.083362561255388457e+01,1.172480090022225596e+01,1.287059769865302172e+01,1.427101600784617830e+01,1.592605582780172568e+01,1.783571715851966744e+01,2.000000000000000000e+01
9.722621307421752235e+00,9.849502525848643941e+00,1.023014618112932084e+01,1.086455227326377937e+01,1.175272080225202487e+01,1.289465176809405200e+01,1.429034517078986255e+01,1.593980101033945651e+01,1.784301928674283744e+01,2.000000000000000000e+01
9.757296413453619977e+00,9.883749544151722688e+00,1.026310893624603438e+01,1.089537458973655148e+01,1.178054650462327402e+01,1.291862468090620553e+01,1.430960911858534423e+01,1.595349981766068836e+01,1.785029677813223969e+01,2.000000000000000000e+01
9.791854528274567926e+00,9.917881015579819604e+00,1.029596047749557641e+01,1.092609291402184013e+01,1.180827832515860365e+01,1.294251671090587408e+01,1.432880807126364964e+01,1.596715240623192678e+01,1.785754971581071260e+01,2.000000000000000000e+01
9.826296046604181100e+00,9.951897329979438211e+00,1.032870118010520954e+01,1.095670759698149510e+01,1.183591658060829488e+01,1.296632813098560710e+01,1.434794224811343355e+01,1.598075893199177422e+01,1.786477818262062911e+01,2.000000000000000000e+01
9.860621361830288478e+00,9.985798875881764403e+00,1.036133141803620106e+01,1.098721898829359134e+01,1.186346158665393524e+01,1.299005921311723810e+01,1.436701186768349459e+01,1.599431955035270647e+01,1.787198226112487376e+01,2.000000000000000000e+01
9.894830866013460735e+00,1.001958604050711976e+01,1.039385156398810395e+01,1.101762743645640796e+01,1.189091365791203536e+01,1.301371022835498437e+01,1.438601714778525675e+01,1.600783441620284719e+01,1.787916203360776279e+01,2.000000000000000000e+01
9.928924949891479557e+00,1.005325920976936160e+01,1.042626198940301308e+01,1.104793328879242864e+01,1.191827310793760830e+01,1.303728144683855561e+01,1.440495830549526701e+01,1.602130368390774251e+01,1.788631758207598921e+01,2.000000000000000000e+01
9.962904002883814059e+00,1.008681876828030965e+01,1.045856306446980000e+01,1.107813689145228153e+01,1.194554024922775248e+01,1.306077313779621818e+01,1.442383555715767507e+01,1.603472750731212315e+01,1.789344898825956420e+01,2.000000000000000000e+01
9.996768413096058126e+00,1.012026509935413010e+01,1.049075515812835135e+01,1.110823858941871833e+01,1.197271539322523104e+01,1.308418556954789125e+01,1.444264911838669896e+01,1.604810603974165062e+01,1.790055633361275156e+01,2.000000000000000000e+01
1.003051856732436242e+01,1.015359858501171431e+01,1.052283863807377529e+01,1.113823872651054359e+01,1.199979885032201921e+01,1.310751900950820215e+01,1.446139920406909063e+01,1.606143943400468643e+01,1.790763969931498778e+01,2.000000000000000000e+01
1.006415485105986463e+01,1.018681960598505043e+01,1.055481387076061139e+01,1.116813764538654752e+01,1.202679092986285525e+01,1.313077372418953814e+01,1.448008602836659264e+01,1.607472784239401875e+01,1.791469916627182357e+01,2.000000000000000000e+01
1.009767764849307881e+01,1.021992854172155951e+01,1.058668122140700163e+01,1.119793568754940338e+01,1.205369194014876832e+01,1.315394997920509290e+01,1.449870980471837711e+01,1.608797141668862452e+01,1.792173481511582978e+01,2.000000000000000000e+01
1.013108734251828480e+01,1.025292577038842978e+01,1.061844105399886473e+01,1.122763319334958609e+01,1.208050218844059920e+01,1.317704803927190227e+01,1.451727074584349353e+01,1.610117030815537120e+01,1.792874672620754239e+01,2.000000000000000000e+01
1.016438431473791759e+01,1.028581166887695453e+01,1.065009373129407066e+01,1.125723050198925890e+01,1.210722198096252633e+01,1.320006816821386941e+01,1.453576906374328814e+01,1.611432466755078252e+01,1.793573497963635077e+01,2.000000000000000000e+01
1.019756894546690518e+01,1.031858661280682021e+01,1.068163961482656532e+01,1.128672795152613872e+01,1.213385162290554220e+01,1.322301062896477575e+01,1.455420496970383581e+01,1.612743464512272595e+01,1.794269965522144972e+01,2.000000000000000000e+01
1.023064161373702063e+01,1.035125097653039106e+01,1.071307906491050232e+01,1.131612587887735444e+01,1.216039141843094384e+01,1.324587568357127410e+01,1.457257867429834519e+01,1.614050039061215358e+01,1.794964083251270637e+01,2.000000000000000000e+01
1.026360269730122177e+01,1.038380513313700781e+01,1.074441244064437129e+01,1.134542461982330863e+01,1.218684167067381985e+01,1.326866359319590671e+01,1.459089038738956745e+01,1.615352205325480384e+01,1.795655859079161587e+01,2.000000000000000000e+01
1.029645257263794278e+01,1.041624945445722616e+01,1.077564009991507987e+01,1.137462450901150390e+01,1.221320268174649648e+01,1.329137461812005938e+01,1.460914031813219083e+01,1.616649978178288904e+01,1.796345300907216114e+01,2.000000000000000000e+01
1.032919161495541616e+01,1.044858431106707641e+01,1.080676239940206074e+01,1.140372587996036913e+01,1.223947475274199981e+01,1.331400901774695456e+01,1.462732867497523159e+01,1.617943372442682914e+01,1.797032416610175432e+01,2.000000000000000000e+01
1.036182019819595013e+01,1.048081007229229478e+01,1.083777969458133583e+01,1.143272906506306796e+01,1.226565818373749117e+01,1.333656705060460723e+01,1.464545566566441792e+01,1.619232402891691791e+01,1.797717214036211431e+01,2.000000000000000000e+01
1.039433869504020080e+01,1.051292710621254400e+01,1.086869233972957360e+01,1.146163439559128960e+01,1.229175327379769200e+01,1.335904897434878080e+01,1.466352149724455600e+01,1.620517084248501760e+01,1.798399701007016560e+01,2.000000000000000000e+01
1.042674747691141945e+01,1.054493577966559847e+01,1.089950068792813909e+01,1.149044220169903952e+01,1.231776032097829976e+01,1.338145504576592160e+01,1.468152637606189970e+01,1.621797431186623939e+01,1.799079885317894067e+01,2.000000000000000000e+01
1.045904691397971220e+01,1.057683645825156660e+01,1.093020509106713334e+01,1.151915281242641242e+01,1.234367962232939853e+01,1.340378552077609697e+01,1.469947050776650599e+01,1.623073458330062735e+01,1.799757774737845750e+01,2.000000000000000000e+01
1.049123737516625354e+01,1.060862950633703861e+01,1.096080589984940090e+01,1.154776655570333688e+01,1.236951147389884476e+01,1.342604065443592987e+01,1.471735409731458510e+01,1.624345180253481402e+01,1.800433377009662195e+01,2.000000000000000000e+01
1.052331922814751053e+01,1.064031528705926810e+01,1.099130346379454437e+01,1.157628375835334111e+01,1.239525617073565655e+01,1.344822070094148891e+01,1.473517734897083997e+01,1.625612611482370795e+01,1.801106699850009463e+01,2.000000000000000000e+01
1.055529283935942786e+01,1.067189416233029675e+01,1.102169813124291053e+01,1.160470474609726921e+01,1.242091400689336744e+01,1.347032591363120879e+01,1.475294046631079325e+01,1.626875766493211728e+01,1.801777750949518975e+01,2.000000000000000000e+01
1.058715857400163074e+01,1.070336649284111630e+01,1.105199024935957652e+01,1.163302984355700787e+01,1.244648527543340855e+01,1.349235654498878390e+01,1.477064365222312858e+01,1.628134659713644794e+01,1.802446537972873841e+01,2.000000000000000000e+01
1.061891679604159044e+01,1.073473263806576838e+01,1.108218016413830043e+01,1.166125937425919190e+01,1.247197026842843748e+01,1.351431284664603893e+01,1.478828710891199449e+01,1.629389305522630593e+01,1.803113068558897680e+01,2.000000000000000000e+01
1.065056786821877211e+01,1.076599295626545327e+01,1.111226822040550033e+01,1.168939366063890972e+01,1.249736927696568145e+01,1.353619506938581907e+01,1.480587103789931902e+01,1.630639718250618131e+01,1.803777350320640949e+01,2.000000000000000000e+01
1.068211215204879139e+01,1.079714780449263145e+01,1.114225476182415875e+01,1.171743302404336973e+01,1.252268259115026439e+01,1.355800346314484273e+01,1.482339564002710475e+01,1.631885912179705400e+01,1.804439390845468338e+01,2.000000000000000000e+01
1.071355000782753031e+01,1.082819753859508971e+01,1.117214013089777680e+01,1.174537778473558447e+01,1.254791050010851272e+01,1.357973827701656333e+01,1.484086111545973807e+01,1.633127901543803517e+01,1.805099197695145818e+01,2.000000000000000000e+01
1.074488179463526372e+01,1.085914251322001256e+01,1.120192466897426087e+01,1.177322826189801219e+01,1.257305329199126120e+01,1.360139975925400968e+01,1.485826766368625762e+01,1.634365700528800502e+01,1.805756778405925189e+01,2.000000000000000000e+01
1.077610787034075912e+01,1.088998308181803232e+01,1.123160871624985546e+01,1.180098477363623033e+01,1.259811125397715159e+01,1.362298815727262280e+01,1.487561548352264396e+01,1.635599323272721151e+01,1.806412140488633256e+01,2.000000000000000000e+01
1.080722859160535521e+01,1.092071959664726322e+01,1.126119261177299080e+01,1.182864763698253796e+01,1.262308467227590292e+01,1.364450371765308567e+01,1.489290477311408623e+01,1.636828783865890458e+01,1.807065291428754250e+01,2.000000000000000000e+01
1.083824431388705101e+01,1.095135240877733374e+01,1.129067669344818370e+01,1.185621716789960089e+01,1.264797383213158355e+01,1.366594668614413521e+01,1.491013572993725056e+01,1.638054096351093136e+01,1.807716238686518295e+01,2.000000000000000000e+01
1.086915539144454534e+01,1.098188186809337630e+01,1.132006129803987449e+01,1.188369368128403991e+01,1.267277901782586902e+01,1.368731730766536359e+01,1.492730855080252539e+01,1.639275274723734910e+01,1.808364989696984182e+01,2.000000000000000000e+01
1.089996217734130468e+01,1.101230832330005249e+01,1.134934676117630303e+01,1.191107749097004742e+01,1.269750051268129454e+01,1.370861582631003728e+01,1.494442343185628097e+01,1.640492332932002029e+01,1.809011551870126056e+01,2.000000000000000000e+01
1.093066502344957946e+01,1.104263212192550903e+01,1.137853341735330304e+01,1.193836890973296150e+01,1.272213859906447730e+01,1.372984248534785756e+01,1.496148056858309872e+01,1.641705284877020432e+01,1.809655932590916905e+01,2.000000000000000000e+01
1.096126428045443291e+01,1.107285361032536386e+01,1.140762159993816383e+01,1.196556824929282925e+01,1.274669355838936013e+01,1.375099752722775648e+01,1.497848015580801828e+01,1.642914144413014554e+01,1.810298139219413827e+01,2.000000000000000000e+01
1.099176029785774134e+01,1.110297313368665684e+01,1.143661164117341045e+01,1.199267582031799506e+01,1.277116567112041068e+01,1.377208119358066085e+01,1.499542238769874558e+01,1.644118925347466131e+01,1.810938179090841516e+01,2.000000000000000000e+01
1.102215342398219278e+01,1.113299103603179319e+01,1.146550387218060152e+01,1.201969193242861778e+01,1.279555521677583307e+01,1.379309372522225630e+01,1.501230745776788567e+01,1.645319641441271585e+01,1.811576059515675752e+01,2.000000000000000000e+01
1.105244400597525001e+01,1.116290766022246750e+01,1.149429862296412708e+01,1.204661689420022341e+01,1.281986247393075651e+01,1.381403536215572814e+01,1.502913555887514008e+01,1.646516306408898700e+01,1.812211787779727246e+01,2.000000000000000000e+01
1.108263238981313847e+01,1.119272334796359303e+01,1.152299622241495669e+01,1.207345101316723301e+01,1.284408772022042022e+01,1.383490634357451654e+01,1.504590688322952197e+01,1.647708933918543650e+01,1.812845371144226192e+01,2.000000000000000000e+01
1.111271892030477915e+01,1.122243843980718658e+01,1.155159699831441955e+01,1.210019459582646917e+01,1.286823123234334076e+01,1.385570690786503256e+01,1.506262162239154279e+01,1.648897537592287321e+01,1.813476816845902562e+01,2.000000000000000000e+01
1.114270394109572848e+01,1.125205327515627296e+01,1.158010127733791350e+01,1.212684794764064833e+01,1.289229328606447389e+01,1.387643729260939196e+01,1.507927996727540432e+01,1.650082131006250918e+01,1.814106132097070656e+01,2.000000000000000000e+01
1.117258779467212193e+01,1.128156819226876095e+01,1.160850938505868157e+01,1.215341137304188734e+01,1.291627415621836938e+01,1.389709773458813302e+01,1.509588210815118003e+01,1.651262727690750509e+01,1.814733324085711175e+01,2.000000000000000000e+01
1.120237082236456239e+01,1.131098352826129450e+01,1.163682164595149615e+01,1.217988517543516735e+01,1.294017411671230278e+01,1.391768846978290775e+01,1.511242823464698048e+01,1.652439341130451567e+01,1.815358399975552572e+01,2.000000000000000000e+01
1.123205336435202817e+01,1.134029961911311268e+01,1.166503838339637156e+01,1.220626965720180479e+01,1.296399344052940528e+01,1.393820973337918012e+01,1.512891853575112577e+01,1.653611984764524578e+01,1.815981366906153482e+01,2.000000000000000000e+01
1.126163575966576680e+01,1.136951679966989204e+01,1.169315991968227308e+01,1.223256511970290461e+01,1.298773239973178839e+01,1.395866175976892620e+01,1.514535319981431627e+01,1.654780671986795682e+01,1.816602231992985139e+01,2.000000000000000000e+01
1.129111834619315502e+01,1.139863540364755856e+01,1.172118657601077629e+01,1.225877186328280288e+01,1.301139126546364189e+01,1.397904478255329153e+01,1.516173241455175358e+01,1.655945416145902271e+01,1.817221002327510604e+01,2.000000000000000000e+01
1.132050146068156238e+01,1.142765576363611046e+01,1.174911867249975472e+01,1.228489018727249871e+01,1.303497030795434064e+01,1.399935903454527875e+01,1.517805636704531302e+01,1.657106230545444348e+01,1.817837684977267187e+01,2.000000000000000000e+01
1.134978543874219703e+01,1.145657821110340358e+01,1.177695652818702499e+01,1.231092038999306482e+01,1.305846979652151596e+01,1.401960474777238375e+01,1.519432524374566640e+01,1.658263128444136214e+01,1.818452286985947453e+01,2.000000000000000000e+01
1.137897061485394445e+01,1.148540307639895630e+01,1.180470046103399540e+01,1.233686276875906174e+01,1.308188999957415355e+01,1.403978215347927083e+01,1.521053923047441359e+01,1.659416123055958181e+01,1.819064815373477728e+01,2.000000000000000000e+01
1.140805732236718129e+01,1.151413068875771017e+01,1.183235078792929684e+01,1.236271761988194129e+01,1.310523118461563996e+01,1.405989148213039819e+01,1.522669851242621242e+01,1.660565227550308265e+01,1.819675277136101244e+01,2.000000000000000000e+01
1.143704589350758205e+01,1.154276137630378329e+01,1.185990782469239235e+01,1.238848523867340745e+01,1.312849361824682504e+01,1.407993296341264866e+01,1.524280327417087832e+01,1.661710455052151403e+01,1.820283679246455222e+01,2.000000000000000000e+01
1.146593665937992057e+01,1.157129546605424153e+01,1.188737188607720796e+01,1.241416591944881986e+01,1.315167756616907191e+01,1.409990682623796943e+01,1.525885369965551064e+01,1.662851818642169732e+01,1.820890028653652593e+01,2.000000000000000000e+01
1.149472994997184827e+01,1.159973328392281289e+01,1.191474328577570674e+01,1.243975995553053338e+01,1.317478329318728569e+01,1.411981329874597080e+01,1.527484997220658336e+01,1.663989331356912516e+01,1.821494332283359796e+01,2.000000000000000000e+01
1.152342609415765828e+01,1.162807515472361253e+01,1.194202233642147704e+01,1.246526763925125181e+01,1.319781106321293507e+01,1.413965260830653037e+01,1.529079227453203238e+01,1.665123006188944288e+01,1.822096597037876720e+01,2.000000000000000000e+01
1.155202541970204777e+01,1.165632140217486068e+01,1.196920934959330296e+01,1.249068926195737461e+01,1.322076113926707563e+01,1.415942498152240248e+01,1.530668078872336046e+01,1.666252856086994427e+01,1.822696829796215923e+01,2.000000000000000000e+01
1.158052825326386781e+01,1.168447234890258457e+01,1.199630463581873840e+01,1.251602511401232931e+01,1.324363378348335196e+01,1.417913064423180991e+01,1.532251569625770493e+01,1.667378893956103525e+01,1.823295037414180086e+01,2.000000000000000000e+01
1.160893492039983954e+01,1.171252831644428483e+01,1.202330850457762423e+01,1.254127548479985776e+01,1.326642925711098364e+01,1.419876982151100187e+01,1.533829717799991244e+01,1.668501132657771535e+01,1.823891226724440884e+01,2.000000000000000000e+01
1.163724574556828095e+01,1.174048962525262141e+01,1.205022126430564811e+01,1.256644066272736282e+01,1.328914782051775667e+01,1.421834273767683676e+01,1.535402541420459954e+01,1.669619585010104856e+01,1.824485404536618205e+01,2.000000000000000000e+01
1.166546105213281059e+01,1.176835659469907114e+01,1.207704322239785810e+01,1.259152093522916616e+01,1.331178973319299530e+01,1.423784961628935086e+01,1.536970058451822752e+01,1.670734263787962703e+01,1.825077577637355120e+01,2.000000000000000000e+01
1.169358116236604772e+01,1.179612954307757633e+01,1.210377468521216571e+01,1.261651658876981941e+01,1.333435525375053210e+01,1.425729068015430379e+01,1.538532286798113802e+01,1.671845181723103124e+01,1.825667752790398524e+01,2.000000000000000000e+01
1.172160639745328581e+01,1.182380878760818277e+01,1.213041595807287720e+01,1.264142790884736556e+01,1.335684463993164961e+01,1.427666615132572936e+01,1.540089244302960303e+01,1.672952351504327240e+01,1.826255936736673746e+01,2.000000000000000000e+01
1.174953707749615717e+01,1.185139464444064750e+01,1.215696734527412559e+01,1.266625517999658612e+01,1.337925814860802731e+01,1.429597625110845449e+01,1.541640948749786588e+01,1.674055785777625971e+01,1.826842136194363775e+01,2.000000000000000000e+01
1.177737352151630645e+01,1.187888742865807856e+01,1.218342915008340199e+01,1.269099868579227319e+01,1.340159603578469039e+01,1.431522120006065535e+01,1.543187417862016986e+01,1.675155497146323214e+01,1.827426357858984218e+01,2.000000000000000000e+01
1.180511604745900911e+01,1.190628745428050195e+01,1.220980167474498401e+01,1.271565870885245531e+01,1.342385855660290872e+01,1.433440121799635314e+01,1.544728669303278323e+01,1.676251498171220078e+01,1.828008608403460755e+01,2.000000000000000000e+01
1.183276497219683421e+01,1.193359503426847645e+01,1.223608522048341030e+01,1.274023553084163041e+01,1.344604596534313856e+01,1.435351652398793476e+01,1.546264720677601900e+01,1.677343801370739129e+01,1.828588894478205162e+01,2.000000000000000000e+01
1.186032061153323269e+01,1.196081048052664819e+01,1.226228008750689824e+01,1.276472943247398462e+01,1.346815851542790199e+01,1.437256733636865569e+01,1.547795589529624039e+01,1.678432419221065786e+01,1.829167222711191343e+01,2.000000000000000000e+01
1.188778328020616115e+01,1.198793410390731751e+01,1.228838657501079368e+01,1.278914069351658966e+01,1.349019645942469658e+01,1.439155387273512332e+01,1.549321293344786810e+01,1.679517364156292558e+01,1.829743599708030644e+01,2.000000000000000000e+01
1.191515329189167538e+01,1.201496621421399880e+01,1.231440498118097437e+01,1.281346959279260034e+01,1.351216004904887491e+01,1.441047634994980164e+01,1.550841849549537521e+01,1.680598648568560094e+01,1.830318032052047528e+01,2.000000000000000000e+01
1.194243095920751507e+01,1.204190712020495191e+01,1.234033560319726774e+01,1.283771640818445903e+01,1.353404953516652398e+01,1.442933498414346793e+01,1.552357275511528556e+01,1.681676284808197863e+01,1.830890526304355248e+01,2.000000000000000000e+01
1.196961659371666542e+01,1.206875712959670466e+01,1.236617873723682948e+01,1.286188141663703632e+01,1.355586516779732342e+01,1.444812999071769433e+01,1.553867588539814726e+01,1.682750285183868044e+01,1.831461089003930098e+01,2.000000000000000000e+01
1.199671050593092758e+01,1.209551654906758067e+01,1.239193467847754704e+01,1.288596489416082491e+01,1.357760719611741074e+01,1.446686158434730807e+01,1.555372805885051513e+01,1.683820661962703369e+01,1.832029726667686020e+01,2.000000000000000000e+01
1.202371300531444831e+01,1.212218568426118281e+01,1.241760372110138988e+01,1.290996711583506595e+01,1.359927586846221281e+01,1.448552997898282868e+01,1.556872944739691533e+01,1.684887427370447455e+01,1.832596445790550277e+01,2.000000000000000000e+01
1.205062440028727977e+01,1.214876483978990507e+01,1.244318615829778452e+01,1.293388835581091456e+01,1.362087143232929876e+01,1.450413538785293532e+01,1.558368022238182249e+01,1.685950593591596203e+01,1.833161252845535572e+01,2.000000000000000000e+01
1.207744499822887896e+01,1.217525431923839818e+01,1.246868228226695763e+01,1.295772888731455907e+01,1.364239413438119897e+01,1.452267802346687908e+01,1.559858055457159942e+01,1.687010172769535998e+01,1.833724154283816077e+01,2.000000000000000000e+01
1.210417510548162490e+01,1.220165442516703536e+01,1.249409238422327206e+01,1.298148898265033324e+01,1.366384422044821711e+01,1.454115809761692546e+01,1.561343061415645828e+01,1.688066177006681556e+01,1.834285156534799555e+01,2.000000000000000000e+01
1.213081502735433048e+01,1.222796545911538679e+01,1.251941675439856283e+01,1.300516891320384971e+01,1.368522193553125277e+01,1.455957582138077200e+01,1.562823057075240740e+01,1.689118618364615543e+01,1.834844266006201963e+01,2.000000000000000000e+01
1.215736506812571172e+01,1.225418772160563918e+01,1.254465568204543047e+01,1.302876894944507669e+01,1.370652752380458317e+01,1.457793140512394992e+01,1.564298059340317337e+01,1.690167508864225709e+01,1.835401489084119930e+01,2.000000000000000000e+01
1.218382553104787114e+01,1.228032151214604539e+01,1.256980945544056993e+01,1.305228936093144299e+01,1.372776122861866277e+01,1.459622505850223284e+01,1.565768085058215142e+01,1.691212860485841674e+01,1.835956832133103589e+01,2.000000000000000000e+01
1.221019671834976705e+01,1.230636712923433507e+01,1.259487836188804977e+01,1.307573041631090405e+01,1.374892329250289791e+01,1.461445699046403668e+01,1.567233151019431503e+01,1.692254685169373474e+01,1.836510301496229758e+01,2.000000000000000000e+01
1.223647893124065433e+01,1.233232487036113945e+01,1.261986268772259834e+01,1.309909238332502568e+01,1.377001395716842680e+01,1.463262740925279815e+01,1.568693273957814327e+01,1.693292994814445507e+01,1.837061903495174064e+01,2.000000000000000000e+01
1.226267246991353232e+01,1.235819503201336289e+01,1.264476271831286169e+01,1.312237552881202873e+01,1.379103346351085868e+01,1.465073652240935509e+01,1.570148470550751796e+01,1.694327801280534374e+01,1.837611644430283775e+01,2.000000000000000000e+01
1.228877763354857322e+01,1.238397790967760237e+01,1.266957873806469337e+01,1.314558011870984444e+01,1.381198205161305204e+01,1.466878453677432326e+01,1.571598757419365100e+01,1.695359116387103882e+01,1.838159530580649204e+01,2.000000000000000000e+01
1.231479472031653444e+01,1.240967379784349056e+01,1.269431103042435893e+01,1.316870641805914133e+01,1.383285996074783775e+01,1.468677165849044464e+01,1.573044151128696555e+01,1.696386951913739694e+01,1.838705568204174057e+01,2.000000000000000000e+01
1.234072402738217278e+01,1.243528299000708337e+01,1.271895987788181870e+01,1.319175469100637699e+01,1.385366742938075646e+01,1.470469809300495889e+01,1.574484668187898606e+01,1.697411319600283264e+01,1.839249763537650395e+01,2.000000000000000000e+01
1.236656585090762484e+01,1.246080577867419592e+01,1.274352556197391451e+01,1.321472520080677882e+01,1.387440469517278530e+01,1.472256404507193928e+01,1.575920325050423543e+01,1.698432231146967908e+01,1.839792122796826845e+01,2.000000000000000000e+01
1.239232048605580871e+01,1.248624245536375987e+01,1.276800836328762045e+01,1.323761820982738513e+01,1.389507199498305567e+01,1.474036971875463209e+01,1.577351138114211437e+01,1.699449698214550253e+01,1.840332652176480011e+01,2.000000000000000000e+01
1.241798822699377425e+01,1.251159331061113456e+01,1.279240856146321903e+01,1.326043397955002234e+01,1.391566956487154805e+01,1.475811531742779437e+01,1.578777123721876308e+01,1.700463732424445240e+01,1.840871357850486589e+01,2.000000000000000000e+01
1.244356936689608339e+01,1.253685863397143940e+01,1.281672643519750920e+01,1.328317277057429635e+01,1.393619764010179551e+01,1.477580104378000847e+01,1.580198298160893522e+01,1.701474345358857576e+01,1.841408245971893010e+01,2.000000000000000000e+01
1.246906419794814624e+01,1.256203871402285799e+01,1.284096226224700033e+01,1.330583484262057326e+01,1.395665645514357323e+01,1.479342709981600201e+01,1.581614677663785784e+01,1.702481548560914248e+01,1.841943322672985772e+01,2.000000000000000000e+01
1.249447301134955346e+01,1.258713383836992783e+01,1.286511631943105627e+01,1.332842045453293878e+01,1.397704624367556825e+01,1.481099368685895179e+01,1.583026278408308585e+01,1.703485353534797042e+01,1.842476594065361084e+01,2.000000000000000000e+01
1.251979609731742116e+01,1.261214429364683554e+01,1.288918888263507867e+01,1.335092986428215411e+01,1.399736723858805476e+01,1.482850100555278594e+01,1.584433116517634588e+01,1.704485771745873279e+01,1.843008066239995202e+01,2.000000000000000000e+01
1.254503374508969138e+01,1.263707036552068175e+01,1.291318022681365463e+01,1.337336332896861535e+01,1.401761967198555503e+01,1.484594925586447722e+01,1.585835208060538370e+01,1.705482814620827270e+01,1.843537745267314421e+01,2.000000000000000000e+01
1.257018624292843256e+01,1.266191233869474608e+01,1.293709062599369375e+01,1.339572110482527378e+01,1.403780377518948264e+01,1.486333863708632386e+01,1.587232569051579567e+01,1.706476493547789630e+01,1.844065637197263285e+01,2.000000000000000000e+01
1.259525387812314712e+01,1.268667049691174853e+01,1.296092035327755809e+01,1.341800344722057758e+01,1.405791977874079635e+01,1.488066934783822504e+01,1.588625215451286010e+01,1.707466819876469799e+01,1.844591748059374581e+01,2.000000000000000000e+01
1.262023693699403992e+01,1.271134512295707530e+01,1.298466968084618500e+01,1.344021061066137079e+01,1.407796791240262557e+01,1.489794158606995467e+01,1.590013163166335630e+01,1.708453804918283225e+01,1.845116083862837897e+01,2.000000000000000000e+01
