0.000000000000000000e+00,3.125000000000000000e-01,1.250000000000000000e+00,2.812500000000000000e+00,5.000000000000000000e+00,7.812500000000000000e+00,1.125000000000000000e+01,1.531250000000000000e+01,2.000000000000000000e+01
6.747850219221307455e-02,3.789241505954597522e-01,1.313261095805199785e+00,2.870489337821433118e+00,5.050608876644159473e+00,7.853619712273379960e+00,1.127952184470909280e+01,1.532831527395130067e+01,2.000000000000000000e+01
1.347293369715218958e-01,4.451241910813418801e-01,1.376308753410801833e+00,2.928283023959901588e+00,5.101047002728641644e+00,7.894600689717020892e+00,1.130894408492504155e+01,1.534407718835270096e+01,2.000000000000000000e+01
2.017532724707260527e-01,5.111008775883709720e-01,1.439143692941305730e+00,2.985881718529530104e+00,5.151314954353044762e+00,7.935443400411848813e+00,1.133826705670594315e+01,1.535978592323532688e+01,2.000000000000000000e+01
2.685510742310048826e-01,5.768549636961454175e-01,1.501766632091567022e+00,3.043286079417269807e+00,5.201413305673253440e+00,7.976148310859518809e+00,1.136749109497606547e+01,1.537544165802289164e+01,2.000000000000000000e+01
3.351235052106571466e-01,6.423872004417405801e-01,1.564178286134991103e+00,3.100496762290408270e+00,5.251342628907992527e+00,8.016715885987744983e+00,1.139661653352966297e+01,1.539104457153374739e+01,2.000000000000000000e+01
4.014713257938207214e-01,7.076983363282922657e-01,1.626379367931706899e+00,3.157514420604064842e+00,5.301103494345365874e+00,8.057146589155609107e+00,1.142564370503479587e+01,1.540659484198292617e+01,2.000000000000000000e+01
4.675952937991501024e-01,7.727891173335383890e-01,1.688370587936703249e+00,3.214339705608644682e+00,5.350696470349362244e+00,8.097440882158856823e+00,1.145457294103712798e+01,1.542209264698417570e+01,2.000000000000000000e+01
5.334961644884783638e-01,8.376602869183459310e-01,1.750152654207948411e+00,3.270973266357286136e+00,5.400122123366358551e+00,8.137599225235167211e+00,1.148340457196370856e+01,1.543753816355198794e+01,2.000000000000000000e+01
5.991746905754435915e-01,9.023125860352022576e-01,1.811726272414478256e+00,3.327415749713271698e+00,5.449381017931582250e+00,8.177622077069411688e+00,1.151213892712675602e+01,1.545293156810361879e+01,2.000000000000000000e+01
6.646316222340797886e-01,9.667467531366722433e-01,1.873092145844449830e+00,3.383667800357412325e+00,5.498473716675559508e+00,8.217509894798892489e+00,1.154077633472740949e+01,1.546827303646111318e+01,2.000000000000000000e+01
7.298677071073966793e-01,1.030963524183843738e+00,1.934250975413184470e+00,3.439730060795418876e+00,5.547400780330547398e+00,8.257263134018570483e+00,1.156931712185948591e+01,1.548356274385329634e+01,2.000000000000000000e+01
7.948836903159084422e-01,1.094963632654722296e+00,1.995203459671164303e+00,3.495603171365234019e+00,5.596162767736931443e+00,8.296882248786257463e+00,1.159776161451321030e+01,1.549880086491779174e+01,2.000000000000000000e+01
8.596803144661446794e-01,1.158747809552611141e+00,2.055950294812010526e+00,3.551287770244343278e+00,5.644760235849608065e+00,8.336367691627806664e+00,1.162611013757893907e+01,1.551398757370300352e+01,2.000000000000000000e+01
9.242583196591436234e-01,1.222316783414469477e+00,2.116492174680447036e+00,3.606784493457076302e+00,5.693193739744357273e+00,8.375719913542290840e+00,1.165436301485087611e+01,1.552912304367011131e+01,2.000000000000000000e+01
9.886184434988920522e-01,1.285671280319221843e+00,2.176829790780211216e+00,3.662093974881860170e+00,5.741463832624169150e+00,8.414939364007137712e+00,1.168252056903076586e+01,1.554420744769505269e+01,2.000000000000000000e+01
1.052761421100760764e+00,1.348812023896061474e+00,2.236963832281963160e+00,3.717216846258466489e+00,5.789571065825570351e+00,8.454026490983276076e+00,1.171058312173158278e+01,1.555924095807049135e+01,2.000000000000000000e+01
1.116687985099893421e+00,1.411739735332707690e+00,2.296894986031150054e+00,3.772153737195220735e+00,5.837515988824920399e+00,8.492981740920248157e+00,1.173855099348120312e+01,1.557422374650778707e+01,2.000000000000000000e+01
1.180398865659577634e+00,1.474455133383646643e+00,2.356623936555854115e+00,3.826905275176199606e+00,5.885299149244683115e+00,8.531805558761305974e+00,1.176642450372606596e+01,1.558915598413896397e+01,2.000000000000000000e+01
1.243894790479584955e+00,1.536958934378341413e+00,2.416151366074610785e+00,3.881472085568393293e+00,5.932921092859688272e+00,8.570498387948497054e+00,1.179420397083481831e+01,1.560403784151865203e+01,2.000000000000000000e+01
1.307176484804486449e+00,1.599251852229416349e+00,2.475477954504206046e+00,3.935854791628855764e+00,5.980382363603364837e+00,8.609060670427734152e+00,1.182188971210196371e+01,1.561886948862605173e+01,2.000000000000000000e+01
1.370244671431926076e+00,1.661334598440802335e+00,2.534604379467430668e+00,3.990054014511811520e+00,6.027683503573944890e+00,8.647492846653829446e+00,1.184948204375146830e+01,1.563365109486685789e+01,2.000000000000000000e+01
1.433100070720885189e+00,1.723207882115871392e+00,2.593531316300829559e+00,4.044070373275761021e+00,6.074825053040664002e+00,8.685795355595539391e+00,1.187698128094038807e+01,1.564838282907520828e+01,2.000000000000000000e+01
1.495743400599909290e+00,1.784872409965535756e+00,2.652259438062414709e+00,4.097904484890547039e+00,6.121807550449931412e+00,8.723968634740570494e+00,1.190438773776246073e+01,1.566306485951560390e+01,2.000000000000000000e+01
1.558175376575303694e+00,1.846328886316314533e+00,2.710789415539347047e+00,4.151556964244401904e+00,6.168631532431477993e+00,8.762013120100576202e+00,1.193170172725169564e+01,1.567769735388483632e+01,2.000000000000000000e+01
1.620396711739313655e+00,1.907578013118386817e+00,2.769121917255606746e+00,4.205028424150972555e+00,6.215297533804484686e+00,8.799929246216144918e+00,1.195892356138594970e+01,1.569228047931390080e+01,2.000000000000000000e+01
1.682408116778257856e+00,1.968620489953597508e+00,2.827257609479616463e+00,4.258319475356315387e+00,6.261806087583693170e+00,8.837717446161750701e+00,1.198605355109048709e+01,1.570681440236990412e+01,2.000000000000000000e+01
1.744210299980661905e+00,2.029457014043464014e+00,2.885197156231870785e+00,4.311430726545880887e+00,6.308157724985496984e+00,8.875378151550716410e+00,1.201309200624153917e+01,1.572129928905796703e+01,2.000000000000000000e+01
1.805803967245327435e+00,2.090088280257119457e+00,2.942941219292494637e+00,4.364362784351452973e+00,6.354352975433995354e+00,8.912911792540121780e+00,1.204003923566983048e+01,1.573573530482312322e+01,2.000000000000000000e+01
1.867189822089418971e+00,2.150514981119271862e+00,3.000490458208830091e+00,4.417116253358094546e+00,6.400392366567064784e+00,8.950318797835739915e+00,1.206689554716412083e+01,1.575012261455220752e+01,2.000000000000000000e+01
1.928368565656475297e+00,2.210737806818093176e+00,3.057845530302945480e+00,4.469691736111033542e+00,6.446276424242356029e+00,8.987599594696915162e+00,1.209366124747470828e+01,1.576446138257573715e+01,2.000000000000000000e+01
1.989340896724436369e+00,2.270757445213116732e+00,3.115007090679159152e+00,4.522089833122562297e+00,6.492005672543327499e+00,9.024754608941453426e+00,1.212033664231694097e+01,1.577875177266978923e+01,2.000000000000000000e+01
2.050107511713614716e+00,2.330574581843089632e+00,3.171975792231513935e+00,4.574311142878887182e+00,6.537580633785211148e+00,9.061784264950484058e+00,1.214692203637470591e+01,1.579299394805787848e+01,2.000000000000000000e+01
2.110669104694657960e+00,2.390189899933803819e+00,3.228752285651241838e+00,4.626356261846972018e+00,6.583001828520993470e+00,9.098688985673307528e+00,1.217341773330391241e+01,1.580718807141280990e+01,2.000000000000000000e+01
2.171026367396462486e+00,2.449604080405892947e+00,3.285337219434183442e+00,4.678225784481334415e+00,6.628269775547346754e+00,9.135469192632220015e+00,1.219982403573595242e+01,1.582133430485854575e+01,2.000000000000000000e+01
2.231179989214089332e+00,2.508817801882619047e+00,3.341731239888208638e+00,4.729920303230858103e+00,6.673384991910566555e+00,9.172125305927336214e+00,1.222614124528116442e+01,1.583543280997205294e+01,2.000000000000000000e+01
2.291130657216633448e+00,2.567831740697623655e+00,3.397934991140593830e+00,4.781440408545543974e+00,6.718347992912475419e+00,9.208657744241385501e+00,1.225236966253227777e+01,1.584948374778514868e+01,2.000000000000000000e+01
2.350879056155064095e+00,2.626646570902641198e+00,3.453949115145372506e+00,4.832786688883258464e+00,6.763159292116298182e+00,9.245066924844492107e+00,1.227850958706784112e+01,1.586348727878634257e+01,2.000000000000000000e+01
2.410425868470058575e+00,2.685262964275213715e+00,3.509774251690680025e+00,4.883959730716457059e+00,6.807819401352544375e+00,9.281353263598941084e+00,1.230456131745565074e+01,1.587744356292266978e+01,2.000000000000000000e+01
2.469771774299787115e+00,2.743681590326352726e+00,3.565411038406050448e+00,4.934960118538879392e+00,6.852328830724840003e+00,9.317517174963931836e+00,1.233052515125615756e+01,1.589135275960151183e+01,2.000000000000000000e+01
2.528917451487682211e+00,2.801903116308187336e+00,3.620860110769702267e+00,4.985788434872226560e+00,6.896688088615761103e+00,9.353559072000306784e+00,1.235640138502586183e+01,1.590521502769242623e+01,2.000000000000000000e+01
2.587863575590187981e+00,2.859928207221591467e+00,3.676122102115801038e+00,5.036445260272817137e+00,6.940897681692641541e+00,9.389479366375271141e+00,1.238219031432070771e+01,1.591903052552894948e+01,2.000000000000000000e+01
2.646610819884471777e+00,2.917757525823776898e+00,3.731197643641692263e+00,5.086931173338218315e+00,6.984958114913354166e+00,9.425278468367100260e+00,1.240789223369945660e+01,1.593279941091042318e+01,2.000000000000000000e+01
2.705159855376109146e+00,2.975391732635857434e+00,3.786087364415102297e+00,5.137246750713844179e+00,7.028869891532082192e+00,9.460956786869816781e+00,1.243350743672704795e+01,1.594652184110377569e+01,2.000000000000000000e+01
2.763511350806759914e+00,3.032831485950404193e+00,3.840791891381337475e+00,5.187392567099559315e+00,7.072633513105070158e+00,9.496514729397869559e+00,1.245903621597795663e+01,1.596019797284533404e+01,2.000000000000000000e+01
2.821665972661793198e+00,3.090077441838952499e+00,3.895311849370431290e+00,5.237369195256228238e+00,7.116249479496344676e+00,9.531952702090780605e+00,1.248447886303953425e+01,1.597382796234260738e+01,2.000000000000000000e+01
2.879624385177907975e+00,3.147130254159502982e+00,3.949647861104288893e+00,5.287177206012264818e+00,7.159718288883430759e+00,9.567271109717786715e+00,1.250983566851533446e+01,1.598741196527607222e+01,2.000000000000000000e+01
2.937387250350722567e+00,3.203990574563992499e+00,4.003800547203802296e+00,5.336817168270152401e+00,7.203040437763041481e+00,9.602470355682472203e+00,1.253510692202844012e+01,1.600095013680095235e+01,2.000000000000000000e+01
2.994955227942326381e+00,3.260659052505727740e+00,4.057770526195930927e+00,5.386289649012937275e+00,7.246216420956744564e+00,9.637550842027355458e+00,1.256029291222476729e+01,1.601444263154898096e+01,2.000000000000000000e+01
3.052328975488827201e+00,3.317136335246814394e+00,4.111558414520775528e+00,5.435595213310710605e+00,7.289246731616620067e+00,9.672512969438503916e+00,1.258539392677636215e+01,1.602788960363019299e+01,2.000000000000000000e+01
3.109509148307847415e+00,3.373423067865537472e+00,4.165164826538607201e+00,5.484734424327056601e+00,7.332131861230886116e+00,9.707357137250093970e+00,1.261041025238468372e+01,1.604129120663465002e+01,2.000000000000000000e+01
3.166496399506020243e+00,3.429519893263738517e+00,4.218590374536893783e+00,5.533707843325485598e+00,7.374872299629515737e+00,9.742083743448981537e+00,1.263534217478388300e+01,1.605464759363422189e+01,2.000000000000000000e+01
3.223291379986448213e+00,3.485427452174159946e+00,4.271835668737295144e+00,5.582516029675853808e+00,7.417468534989835938e+00,9.776693184679242421e+00,1.266018997874407148e+01,1.606795891718432401e+01,2.000000000000000000e+01
3.279894738456134995e+00,3.541146383167757872e+00,4.324901317302626502e+00,5.631159540860741330e+00,7.459921053842101024e+00,9.811185856246707360e+00,1.268495394807455945e+01,1.608122532932565818e+01,2.000000000000000000e+01
3.336307121433390588e+00,3.596677322660994047e+00,4.377787926343803093e+00,5.679638932481820390e+00,7.502230341075042830e+00,9.845562152123472188e+00,1.270963436562710847e+01,1.609444698158594989e+01,2.000000000000000000e+01
3.392529173255227626e+00,3.652020904923114486e+00,4.430496099926775955e+00,5.727954758266211144e+00,7.544396879941420941e+00,9.879822464952404459e+00,1.273423151329916259e+01,1.610762402498169266e+01,2.000000000000000000e+01
3.448561536084708834e+00,3.707177762083385453e+00,4.483026440079414421e+00,5.776107570072796626e+00,7.586421152063531181e+00,9.913967186051619862e+00,1.275874567203706000e+01,1.612075661001985338e+01,2.000000000000000000e+01
3.504404849918287823e+00,3.762148524138314798e+00,4.535379546798394834e+00,5.824097917898528820e+00,7.628303637438715867e+00,9.947996705418956864e+00,1.278317712183925181e+01,1.613384488669959893e+01,2.000000000000000000e+01
3.560059752593121019e+00,3.816933818958853308e+00,4.587556018056051066e+00,5.871926349884713403e+00,7.670044814444841208e+00,9.981911411736433593e+00,1.280752614175949056e+01,1.614688900451401210e+01,2.000000000000000000e+01
3.615526879794346282e+00,3.871534272297559642e+00,4.639556449807200167e+00,5.919593412323266080e+00,7.711645159845759601e+00,1.001571169237467984e+01,1.283179300991002592e+01,1.615988911245180049e+01,2.000000000000000000e+01
3.670806865062350433e+00,3.925950507795751054e+00,4.691381435995953808e+00,5.967099649662957361e+00,7.753105148796763046e+00,1.004939793339736909e+01,1.285597800346477904e+01,1.617284535899898756e+01,2.000000000000000000e+01
3.725900339799996797e+00,3.980183146990621701e+00,4.743031568562496858e+00,6.014445604515621824e+00,7.794425254849997486e+00,1.008297051956562385e+01,1.288008139866249913e+01,1.618575789214062510e+01,2.000000000000000000e+01
3.780807933279852762e+00,4.034232809322355173e+00,4.794507437449862408e+00,6.061631817662373578e+00,7.835605949959889571e+00,1.011642983434241039e+01,1.290410347080993603e+01,1.619862685936246649e+01,2.000000000000000000e+01
3.835530272651359596e+00,4.088100112141182407e+00,4.845809630610649066e+00,6.108658828059762236e+00,7.876647704488519253e+00,1.014977625989692278e+01,1.292804449428497016e+01,1.621145240765266138e+01,2.000000000000000000e+01
3.890067982948002268e+00,4.141785670714439149e+00,4.896938734013751571e+00,6.155527172845939532e+00,7.917550987211001257e+00,1.018301017710893852e+01,1.295190474253975133e+01,1.622423468350343967e+01,2.000000000000000000e+01
3.944421687094454843e+00,4.195290098233604326e+00,4.947895331651051443e+00,6.202237387346796638e+00,7.958316265320840799e+00,1.021613196557318304e+01,1.297568448810382336e+01,1.623697383291276353e+01,2.000000000000000000e+01
3.998592005913688130e+00,4.248614005821286455e+00,4.998680005544082761e+00,6.248790005082075716e+00,7.998944004435266208e+00,1.024914200360365335e+01,1.299938400258723803e+01,1.624967000138602202e+01,2.000000000000000000e+01
4.052579558134059567e+00,4.301758002538214498e+00,5.049293335750681067e+00,6.295185557771457496e+00,8.039434668600545564e+00,1.028204066823794349e+01,1.302300355668365128e+01,1.626232333393766893e+01,2.000000000000000000e+01
4.106384960396390227e+00,4.354722695390195852e+00,5.099735900371615394e+00,6.341424575340647962e+00,8.079788720297292670e+00,1.031482833524155041e+01,1.304654342017342117e+01,1.627493397509290318e+01,2.000000000000000000e+01
4.160008827260995190e+00,4.407508689335041474e+00,5.150008275557182102e+00,6.387507585927417963e+00,8.120006620445746393e+00,1.034750537911216917e+01,1.307000386192668451e+01,1.628750206888929597e+01,2.000000000000000000e+01
4.213451771214710817e+00,4.460116587289481238e+00,5.200111035513791613e+00,6.433435115887641942e+00,8.160088828411034001e+00,1.038007217308396513e+01,1.309338514990643532e+01,1.630002775887844635e+01,2.000000000000000000e+01
4.266714402677889595e+00,4.512546990136047320e+00,5.250044752510521384e+00,6.479207689801310899e+00,8.200035802008416752e+00,1.041252908913183894e+01,1.311668755117157659e+01,1.631251118812762968e+01,2.000000000000000000e+01
4.319797330011370562e+00,4.564800496729942481e+00,5.299809996885659125e+00,6.524825830478521382e+00,8.239847997508526589e+00,1.044487649797567919e+01,1.313991133187997384e+01,1.632495249922141412e+01,2.000000000000000000e+01
4.372701159523428416e+00,4.616877703905875485e+00,5.349407337053214917e+00,6.570290058965446711e+00,8.279525869642572644e+00,1.047711476908459005e+01,1.316305675729149982e+01,1.633735183426330195e+01,2.000000000000000000e+01
4.425426495476703082e+00,4.668779206484879651e+00,5.398837339509409361e+00,6.615600894550292210e+00,8.319069871607528199e+00,1.050924427068111555e+01,1.318612409177105782e+01,1.634970933487735323e+01,2.000000000000000000e+01
4.477973940095091976e+00,4.720505597281106525e+00,5.448100568839149282e+00,6.660758854769220250e+00,8.358480455071319426e+00,1.054126536974544592e+01,1.320911359879160329e+01,1.636202514220978799e+01,2.000000000000000000e+01
4.530344093570635167e+00,4.772057467108593798e+00,5.497197587722470580e+00,6.705764455412264624e+00,8.397758070177976819e+00,1.057317843201960628e+01,1.323202554093715300e+01,1.637429939693061698e+01,2.000000000000000000e+01
4.582537554070375663e+00,4.823435404788026126e+00,5.546128956940977517e+00,6.750618210529228946e+00,8.436903165552781303e+00,1.060498382201163636e+01,1.325486017990579057e+01,1.638653223923524394e+01,2.000000000000000000e+01
4.634554917743177072e+00,4.874639997153439097e+00,5.594895235384227838e+00,6.795320632435542407e+00,8.475916188307381915e+00,1.063668190299974725e+01,1.327761777651264019e+01,1.639872380884605718e+01,2.000000000000000000e+01
4.686396778726546586e+00,4.925671829058944517e+00,5.643496980056137424e+00,6.839872231718126194e+00,8.514797584044909939e+00,1.066827303703648866e+01,1.330029859069286502e+01,1.641087424501403547e+01,2.000000000000000000e+01
4.738063729153417114e+00,4.976531483385394417e+00,5.691934746081328100e+00,6.884273517241217277e+00,8.553547796865062836e+00,1.069975758495286300e+01,1.332290288150461954e+01,1.642298368652033247e+01,2.000000000000000000e+01
4.789556359158904542e+00,5.027219541047045936e+00,5.740209086711472786e+00,6.928524996152183313e+00,8.592167269369177518e+00,1.073113590636245718e+01,1.334543090713201963e+01,1.643505227167786842e+01,2.000000000000000000e+01
4.840875256887056111e+00,5.077736580998196025e+00,5.788320553331614882e+00,6.972627173887313567e+00,8.630656442665291195e+00,1.076240835966554954e+01,1.336788292488808594e+01,1.644708013833290394e+01,2.000000000000000000e+01
4.892021008497565049e+00,5.128083180239790373e+00,5.836269695466467233e+00,7.016580554177594742e+00,8.669015756373173787e+00,1.079357530205320259e+01,1.339025919121768382e+01,1.645906742386661747e+01,2.000000000000000000e+01
4.942994198172465659e+00,5.178259913826020799e+00,5.884057060786686222e+00,7.060385639054462814e+00,8.707245648629349688e+00,1.082463708951134684e+01,1.341255996170045428e+01,1.647101426519667200e+01,2.000000000000000000e+01
4.993795408122805313e+00,5.228267354870886230e+00,5.931683195115129870e+00,7.104042928855536232e+00,8.745346556092103540e+00,1.085559407682483446e+01,1.343478549105372721e+01,1.648292079877878180e+01,2.000000000000000000e+01
5.044425218595294247e+00,5.278106074554743010e+00,5.979148642433088412e+00,7.147552922230331340e+00,8.783318913946470019e+00,1.088644661758150711e+01,1.345693603313544173e+01,1.649478716060827210e+01,2.000000000000000000e+01
5.094884207878935811e+00,5.327776642130827689e+00,6.026453944886502434e+00,7.190916116145960046e+00,8.821163155909202302e+00,1.091719506417622654e+01,1.347901184094703453e+01,1.650661348622162450e+01,2.000000000000000000e+01
5.145172952311629189e+00,5.377279624931760260e+00,6.073599642792152586e+00,7.234133005892807056e+00,8.858879714233722780e+00,1.094783976781489976e+01,1.350101316663633710e+01,1.651839991069803659e+01,2.000000000000000000e+01
5.195292026286749021e+00,5.426615588376018096e+00,6.120586274643827096e+00,7.277204085090174246e+00,8.896469019715061322e+00,1.097838107851848832e+01,1.352294026150045170e+01,1.653014656866095677e+01,2.000000000000000000e+01
5.245242002259713487e+00,5.475785095974405436e+00,6.167414377118481283e+00,7.320129845691941028e+00,8.933931501694784671e+00,1.100881934512701221e+01,1.354479337598862543e+01,1.654185359427961899e+01,2.000000000000000000e+01
5.295023450754518635e+00,5.524788709336479364e+00,6.214084485082361553e+00,7.362910777992165201e+00,8.971267588065888532e+00,1.103915491530353421e+01,1.356657275970510312e+01,1.655352112127059172e+01,2.000000000000000000e+01
5.344636940370253164e+00,5.573626988176967778e+00,6.260597131597112508e+00,7.405547370630686466e+00,9.008477705277689651e+00,1.106938813553812295e+01,1.358827866141198548e+01,1.656514928289927724e+01,2.000000000000000000e+01
5.394083037787598123e+00,5.622300490322166944e+00,6.306952847925873407e+00,7.448040110598717511e+00,9.045562278340698370e+00,1.109951935115181776e+01,1.360991132903207479e+01,1.657673821198146769e+01,2.000000000000000000e+01
5.443362307775297282e+00,5.670809771716307957e+00,6.353152163539340869e+00,7.490389483244396018e+00,9.082521730831473405e+00,1.112954890630057214e+01,1.363147100965169223e+01,1.658828804088483366e+01,2.000000000000000000e+01
5.492475313196598208e+00,5.719155386427901888e+00,6.399195606121811153e+00,7.532595972278326890e+00,9.119356484897448212e+00,1.115947714397917778e+01,1.365295794952351116e+01,1.659979890153045190e+01,2.000000000000000000e+01
5.541422615015701325e+00,5.767337886656080492e+00,6.445083701577219770e+00,7.574660059779118271e+00,9.156066961261775106e+00,1.118930440602519383e+01,1.367437239406936911e+01,1.661127092539430450e+01,2.000000000000000000e+01
5.590204772304147696e+00,5.815357822736896054e+00,6.490816974035138465e+00,7.616582226198877592e+00,9.192653579228110772e+00,1.121903103312284067e+01,1.369571458788306373e+01,1.662270424350878528e+01,2.000000000000000000e+01
5.638822342247220121e+00,5.863215743149607917e+00,6.536395945856769529e+00,7.658362950368704958e+00,9.229116756685414202e+00,1.124865736480689904e+01,1.371698477473315947e+01,1.663409898646419194e+01,2.000000000000000000e+01
5.687275880150293617e+00,5.910912194522945029e+00,6.581821137640900155e+00,7.700002709504158105e+00,9.265456910112719768e+00,1.127818373946658426e+01,1.373818319756575335e+01,1.664545528441022526e+01,2.000000000000000000e+01
5.735565939445184114e+00,5.958447721641353390e+00,6.627093068229860329e+00,7.741501979210704931e+00,9.301674454583888974e+00,1.130761049434940801e+01,1.375931009850726738e+01,1.665677326705746353e+01,2.000000000000000000e+01
5.783693071696474064e+00,6.005822867451216851e+00,6.672212254715444324e+00,7.782861233489157371e+00,9.337769803772355104e+00,1.133693796556503841e+01,1.378036571886720729e+01,1.666805306367886175e+01,2.000000000000000000e+01
5.831657826607809625e+00,6.053038173067062822e+00,6.717179212444821523e+00,7.824080944741086618e+00,9.373743369955857219e+00,1.136616648808913510e+01,1.380135029914091760e+01,1.667929480311120471e+01,2.000000000000000000e+01
5.879460752028173864e+00,6.100094177777733329e+00,6.761994455026412609e+00,7.865161583774211707e+00,9.409595564021131509e+00,1.139529639576716846e+01,1.382226407901232612e+01,1.669049861375660271e+01,2.000000000000000000e+01
5.927102393958150195e+00,6.146991419052554306e+00,6.806658494335765752e+00,7.906103619807785421e+00,9.445326795468613312e+00,1.142432802131824765e+01,1.384310729735669021e+01,1.670166462358394099e+01,2.000000000000000000e+01
5.974583296556154721e+00,6.193730432547464915e+00,6.851171840521395495e+00,7.946907520477945575e+00,9.480937472417116041e+00,1.145326169633890601e+01,1.386388019224331813e+01,1.671279296013035065e+01,2.000000000000000000e+01
6.021904002144655266e+00,6.240311752111145083e+00,6.895535002010614534e+00,7.987573751843063619e+00,9.516428001608492337e+00,1.148209775130689891e+01,1.388458300093828690e+01,1.672388375050265452e+01,2.000000000000000000e+01
6.069065051216369078e+00,6.286735909791113741e+00,6.939748485515345955e+00,8.028102778389067495e+00,9.551798788412277474e+00,1.151083651558497500e+01,1.390521595990716186e+01,1.673493712137883804e+01,2.000000000000000000e+01
6.116066982440422350e+00,6.333003435839790640e+00,6.983812796037895509e+00,8.068495063034738735e+00,9.587050236830316763e+00,1.153947831742463137e+01,1.392577930481768433e+01,1.674595319900947388e+01,2.000000000000000000e+01
6.162910332668520397e+00,6.379114858720575043e+00,7.027728436876738094e+00,8.108751067137010438e+00,9.622182749501391186e+00,1.156802348396987945e+01,1.394627327054247701e+01,1.675693210921918563e+01,2.000000000000000000e+01
6.209595636941065422e+00,6.425070705113861358e+00,7.071495909632249166e+00,8.148871250496227958e+00,9.657196727705798622e+00,1.159647234126096116e+01,1.396669809116171557e+01,1.676787397740806185e+01,2.000000000000000000e+01
6.256123428493274297e+00,6.470871499923067205e+00,7.115115714212445042e+00,8.188856071361406919e+00,9.692092571369954612e+00,1.162482521423808990e+01,1.398705399996580745e+01,1.677877892855311259e+01,2.000000000000000000e+01
6.302494238761271461e+00,6.516517766280626844e+00,7.158588348838692106e+00,8.228705986435468134e+00,9.726870679070954040e+00,1.165308242674515071e+01,1.400734122945805638e+01,1.678964708720967280e+01,2.000000000000000000e+01
6.348708597388150743e+00,6.562010025553960624e+00,7.201914310051391155e+00,8.268421450880442336e+00,9.761531448041113279e+00,1.168124430153340398e+01,1.402756001135731623e+01,1.680047857751284823e+01,2.000000000000000000e+01
6.394767032230035397e+00,6.607348797351440872e+00,7.245094092715658185e+00,8.308002918322685559e+00,9.796075274172526548e+00,1.170931116026517671e+01,1.404771057660063960e+01,1.681127352317891521e+01,2.000000000000000000e+01
6.440670069362097294e+00,6.652534599528315162e+00,7.288128190026966990e+00,8.347450840858051890e+00,9.830502552021574303e+00,1.173728332351752890e+01,1.406779315534591746e+01,1.682203204750674175e+01,2.000000000000000000e+01
6.486418233084572549e+00,6.697567948192626019e+00,7.331017093516786431e+00,8.386765669057053785e+00,9.864813674813429856e+00,1.176516111078591109e+01,1.408780797697449927e+01,1.683275427337919794e+01,2.000000000000000000e+01
6.532012045928745181e+00,6.742449357711109315e+00,7.373761293058199051e+00,8.425947851970015279e+00,9.899009034446558886e+00,1.179294484048782898e+01,1.410775527009382557e+01,1.684344032326454865e+01,2.000000000000000000e+01
6.577452028662920114e+00,6.787179340715061571e+00,7.416361276871487718e+00,8.464997837132196778e+00,9.933089021497190529e+00,1.182063482996646719e+01,1.412763526254002855e+01,1.685409031921787104e+01,2.000000000000000000e+01
6.622738700298369530e+00,6.831758408106207270e+00,7.458817531529721379e+00,8.503916070568910968e+00,9.967054025223777813e+00,1.184823139549432014e+01,1.414744818138053617e+01,1.686470438288242946e+01,2.000000000000000000e+01
6.667872578095255243e+00,6.876187069062517310e+00,7.501130541964301734e+00,8.542702996800610293e+00,1.000090443357144210e+01,1.187573485227679626e+01,1.416719425291667456e+01,1.687528263549107521e+01,2.000000000000000000e+01
6.712854177568548408e+00,6.920465831044039007e+00,7.543300791470513467e+00,8.581359058847970900e+00,1.003464063317641219e+01,1.190314551445583291e+01,1.418687370268624015e+01,1.688582519786762859e+01,2.000000000000000000e+01
6.757684012493907488e+00,6.964595199798690572e+00,7.585328761713038048e+00,8.619884698236951692e+00,1.006826300937042973e+01,1.193046369511347393e+01,1.420648675546608430e+01,1.689633219042826084e+01,2.000000000000000000e+01
6.802362594913553551e+00,7.008575679368028943e+00,7.627214932731456898e+00,8.658280355003835638e+00,1.010177194618516516e+01,1.195768970627544547e+01,1.422603363527468012e+01,1.690680373318286556e+01,2.000000000000000000e+01
6.846890435142112707e+00,7.052407772093016725e+00,7.668959782945730552e+00,8.696546467700251526e+00,1.013516782635658409e+01,1.198482385891472468e+01,1.424551456537467331e+01,1.691723994573643353e+01,2.000000000000000000e+01
6.891268041772447006e+00,7.096091978619752716e+00,7.710563789161668957e+00,8.734683473398195730e+00,1.016845103132933481e+01,1.201186646295508531e+01,1.426492976827544545e+01,1.692764094729041702e+01,2.000000000000000000e+01
6.935495921681466669e+00,7.139628797905194446e+00,7.752027426576375113e+00,8.772691807695011335e+00,1.020162194126110045e+01,1.203881782727464511e+01,1.428427946573564178e+01,1.693800685664409400e+01,2.000000000000000000e+01
6.979574580035916576e+00,7.183018727222854949e+00,7.793351168783671845e+00,8.810571904718365488e+00,1.023468093502693677e+01,1.206567825970938657e+01,1.430356387876571311e+01,1.694833779219591818e+01,2.000000000000000000e+01
7.023504520298146758e+00,7.226262262168488881e+00,7.834535487779512586e+00,8.848324197131219648e+00,1.026762839022361007e+01,1.209244806705668296e+01,1.432278322763043832e+01,1.695863387194487970e+01,2.000000000000000000e+01
7.067286244231862469e+00,7.269359896665740450e+00,7.875580853967371731e+00,8.885949116136757198e+00,1.030046468317389596e+01,1.211912755507879069e+01,1.434193773185143961e+01,1.696889521349184449e+01,2.000000000000000000e+01
7.110920251907857370e+00,7.312312122971796668e+00,7.916487736163616340e+00,8.923447091483314608e+00,1.033319018893089236e+01,1.214571702850635049e+01,1.436102761020968721e+01,1.697912193404090431e+01,2.000000000000000000e+01
7.154407041709718307e+00,7.355119431683004194e+00,7.957256601602860968e+00,8.960818551469289517e+00,1.036580528128228806e+01,1.217221679104185839e+01,1.438005308074800226e+01,1.698931415040071613e+01,2.000000000000000000e+01
7.197747110339531851e+00,7.397782311740476402e+00,7.997887915943310944e+00,8.998063922948034588e+00,1.039831033275464911e+01,1.219862714536315096e+01,1.439901436077354546e+01,1.699947197898582729e+01,2.000000000000000000e+01
7.240940952823544663e+00,7.440301250435676472e+00,8.038382143272073677e+00,9.035183631332733611e+00,1.043070571461765894e+01,1.222494839312684789e+01,1.441791166686030046e+01,1.700959553581801842e+01,2.000000000000000000e+01
7.283989062517816748e+00,7.482676733415976500e+00,8.078739746110453979e+00,9.072178100601249184e+00,1.046299179688836389e+01,1.225118083497179455e+01,1.443674521485154472e+01,1.701968493652761438e+01,2.000000000000000000e+01
7.326891931113872047e+00,7.524909244690218380e+00,8.118961185419255600e+00,9.109047753300984596e+00,1.049516894833540448e+01,1.227732477052251525e+01,1.445551521986231869e+01,1.702974029635481301e+01,2.000000000000000000e+01
7.369650048644298401e+00,7.566999266634231169e+00,8.159046920604030362e+00,9.145793010553694202e+00,1.052723753648322358e+01,1.230338049839262027e+01,1.447422189628188072e+01,1.703976173015100670e+01,2.000000000000000000e+01
7.412263903488347516e+00,7.608947279996342239e+00,8.198997409520325519e+00,9.182414292060297356e+00,1.055919792761626042e+01,1.232934831618821292e+01,1.449286545777615132e+01,1.704974935238008271e+01,2.000000000000000000e+01
7.454733982377518942e+00,7.650753763902870652e+00,8.238813108478924008e+00,9.218912016105679896e+00,1.059105048678313921e+01,1.235522852051130016e+01,1.451144611729016454e+01,1.705970327711973056e+01,2.000000000000000000e+01
7.497060770401122731e+00,7.692419195863605452e+00,8.278494472251052727e+00,9.255286599563465444e+00,1.062279557780084183e+01,1.238102140696318543e+01,1.452996408705049092e+01,1.706962361806276363e+01,2.000000000000000000e+01
7.539244751011802137e+00,7.733944051777243089e+00,8.318041954073564170e+00,9.291538457900767156e+00,1.065443356325885205e+01,1.240672727014781707e+01,1.454841957856766399e+01,1.707951048851839104e+01,2.000000000000000000e+01
7.581286406031075842e+00,7.775328805936839949e+00,8.357456005654134046e+00,9.327668005182955469e+00,1.068596480452330688e+01,1.243234640367518651e+01,1.456681280263859612e+01,1.708936400141353218e+01,2.000000000000000000e+01
7.623186215654831344e+00,7.816573931035224909e+00,8.396737077176403830e+00,9.363675654078370769e+00,1.071738966174112306e+01,1.245787910016466249e+01,1.458514396934898905e+01,1.709918426929410273e+01,2.000000000000000000e+01
7.664944658458809457e+00,7.857679898170390587e+00,8.435885617305133977e+00,9.399561815863039627e+00,1.074870849384410754e+01,1.248332565124833771e+01,1.460341328807572836e+01,1.710897140432628305e+01,2.000000000000000000e+01
7.706562211404072826e+00,7.898647176850884577e+00,8.474902073191319829e+00,9.435326900425375030e+00,1.077992165855305373e+01,1.250868634757435771e+01,1.462162096748928164e+01,1.711872551829782907e+01,2.000000000000000000e+01
7.748039349842452239e+00,7.939476235001164284e+00,8.513786890477298641e+00,9.470971316270858864e+00,1.081102951238183962e+01,1.253396147881024447e+01,1.463976721555607341e+01,1.712844672261932644e+01,2.000000000000000000e+01
7.789376547521982275e+00,7.980167538966950858e+00,8.552540513301858383e+00,9.506495470526703073e+00,1.084203241064148671e+01,1.255915133364620750e+01,1.465785223954086725e+01,1.713813512832546593e+01,2.000000000000000000e+01
7.830574276592299654e+00,8.020721553520544944e+00,8.591163384305280815e+00,9.541899768946507265e+00,1.087293070744422430e+01,1.258425619979843191e+01,1.467587624600913188e+01,1.714779084607631887e+01,2.000000000000000000e+01
7.871633007610046029e+00,8.061138741866137991e+00,8.629655944634418319e+00,9.577184615914884347e+00,1.090372475570753430e+01,1.260927636401237173e+01,1.469383944082939486e+01,1.715741398615860547e+01,2.000000000000000000e+01
7.912553209544244126e+00,8.101419565645116450e+00,8.668018633947728091e+00,9.612350414452084379e+00,1.093441490715818354e+01,1.263421211206602379e+01,1.471174202917560692e+01,1.716700465848693113e+01,2.000000000000000000e+01
7.953335349781644581e+00,8.141564484941305579e+00,8.706251890420292128e+00,9.647397566218600673e+00,1.096500151233623299e+01,1.265906372877319086e+01,1.472958421552947073e+01,1.717656297260507259e+01,2.000000000000000000e+01
7.993979894132077213e+00,8.181573958286264769e+00,8.744356150748821221e+00,9.682326471519754563e+00,1.099548492059905769e+01,1.268383149798673415e+01,1.474736620368278395e+01,1.718608903768720708e+01,2.000000000000000000e+01
8.034487306833755227e+00,8.221448442664478051e+00,8.782331850156644748e+00,9.717137529310257094e+00,1.102586548012531686e+01,1.270851570260181873e+01,1.476508819673976802e+01,1.719558296253916296e+01,2.000000000000000000e+01
8.074858050558592737e+00,8.261188393518615669e+00,8.820179422398680913e+00,9.751831137198792021e+00,1.105614353791894544e+01,1.273311662455914295e+01,1.478275039711938454e+01,1.720504485559967023e+01,2.000000000000000000e+01
8.115092586417487652e+00,8.300794264754713936e+00,8.857899299766394563e+00,9.786407691452527757e+00,1.108631943981311530e+01,1.275763454484815540e+01,1.480035300655764985e+01,1.721447482494159686e+01,2.000000000000000000e+01
8.155191373965568147e+00,8.340266508747356866e+00,8.895491913092721248e+00,9.820867587001661292e+00,1.111639353047417700e+01,1.278206974351026837e+01,1.481789622610993717e+01,1.722387297827318164e+01,2.000000000000000000e+01
8.195154871207481762e+00,8.379605576344864915e+00,8.932957691757014373e+00,9.855211217443930138e+00,1.114636615340561221e+01,1.280642249964205881e+01,1.483538025615327349e+01,1.723323942293925271e+01,2.000000000000000000e+01
8.234983534602577038e+00,8.418811916874412660e+00,8.970297063689915973e+00,9.889438975049090530e+00,1.117623765095193278e+01,1.283069309139844627e+01,1.485280529638862745e+01,1.724257426592247811e+01,2.000000000000000000e+01
8.274677819070166862e+00,8.457885978147194450e+00,9.007510455378280767e+00,9.923551250763424036e+00,1.120600836430262603e+01,1.285488179599588321e+01,1.487017154584319734e+01,1.725187761384457019e+01,2.000000000000000000e+01
8.314238177994679901e+00,8.496828206463511890e+00,9.044598291870013185e+00,9.957548434214178457e+00,1.123567863349600948e+01,1.287898888971550804e+01,1.488747920287267235e+01,1.726114957296750418e+01,2.000000000000000000e+01
8.353665063230874210e+00,8.535639046617893300e+00,9.081560996778945238e+00,9.991430913714033579e+00,1.126524879742315655e+01,1.290301464790631414e+01,1.490472846516350813e+01,1.727039024919473675e+01,2.000000000000000000e+01
8.392958925108978008e+00,8.574318941904149227e+00,9.118398992289666438e+00,1.002519907626552786e+01,1.129471919383173351e+01,1.292695934498828336e+01,1.492191952973517743e+01,1.727959974807241750e+01,2.000000000000000000e+01
8.432120212439834006e+00,8.612868334120459934e+00,9.155112699162344825e+00,1.005885330756548157e+01,1.132409015932987373e+01,1.295082325445552307e+01,1.493905259294242782e+01,1.728877817479058621e+01,2.000000000000000000e+01
8.471149372520041965e+00,8.651287663574416698e+00,9.191702536737539120e+00,1.009239399200941101e+01,1.135336202939003059e+01,1.297460664887940140e+01,1.495612785047751814e+01,1.729792563418438434e+01,2.000000000000000000e+01
8.510046851137044399e+00,8.689577369088029357e+00,9.228168922940980679e+00,1.012582151269589836e+01,1.138253513835278419e+01,1.299830979991163815e+01,1.497314549737245670e+01,1.730704223073524517e+01,2.000000000000000000e+01
8.548813092574246042e+00,8.727737888002772948e+00,9.264512274288355442e+00,1.015913625143099352e+01,1.141160981943068364e+01,1.302193297828743113e+01,1.499010572800123242e+01,1.731612806857208753e+01,2.000000000000000000e+01
8.587448539616053367e+00,8.765769656184552616e+00,9.300733005890050364e+00,1.019233858873254661e+01,1.144058640471203958e+01,1.304547645382853283e+01,1.500700873608202457e+01,1.732518325147251304e+01,2.000000000000000000e+01
8.625953633552967403e+00,8.803673108028702288e+00,9.336831531455906941e+00,1.022542890383458136e+01,1.146946522516472555e+01,1.306894049544633951e+01,1.502385471467942324e+01,1.733420788286397851e+01,2.000000000000000000e+01
8.664328814186600169e+00,8.841448676464933598e+00,9.372808263299937437e+00,1.025840757469160991e+01,1.149824661063994924e+01,1.309232537114495898e+01,1.504064385620663735e+01,1.734320206582498258e+01,2.000000000000000000e+01
8.702574519834705313e+00,8.879096792962288376e+00,9.408663612345035787e+00,1.029127497798294932e+01,1.152693088987602898e+01,1.311563134802427300e+01,1.505737635242768313e+01,1.735216590308625939e+01,2.000000000000000000e+01
8.740691187336190993e+00,8.916617887534062703e+00,9.444397988127679611e+00,1.032403148911703994e+01,1.155551839050214369e+01,1.313885869228299086e+01,1.507405239445958323e+01,1.736109949703191901e+01,2.000000000000000000e+01
8.778679252056097226e+00,8.954012388742720319e+00,9.480011798802589595e+00,1.035667748223570683e+01,1.158400943904207203e+01,1.316200766922168341e+01,1.509067217277454276e+01,1.737000294970064829e+01,2.000000000000000000e+01
8.816539147890580352e+00,8.991280723704790034e+00,9.515505451147419080e+00,1.038921333021846749e+01,1.161240436091793526e+01,1.318507854324582240e+01,1.510723587720212890e+01,1.737887636278685477e+01,2.000000000000000000e+01
8.854271307271861957e+00,9.028423318095738281e+00,9.550879350567370807e+00,1.042163940468675598e+01,1.164070348045389736e+01,1.320807157786878960e+01,1.512374369693143983e+01,1.738771983764184270e+01,2.000000000000000000e+01
8.891876161173165372e+00,9.065440596154834552e+00,9.586133901099842092e+00,1.045395607600818799e+01,1.166890712087987225e+01,1.323098703571489665e+01,1.514019582051325941e+01,1.739653347527496052e+01,2.000000000000000000e+01
8.929354139113648614e+00,9.102332980689997299e+00,9.621269505419045132e+00,1.048616371330079033e+01,1.169701560433523468e+01,1.325382517852237996e+01,1.515659243586222082e+01,1.740531737635476262e+01,2.000000000000000000e+01
8.966705669163300030e+00,9.139100893082623855e+00,9.656286564840593556e+00,1.051826268443721091e+01,1.172502925187247413e+01,1.327658626714638501e+01,1.517293373025894354e+01,1.741407164121014972e+01,2.000000000000000000e+01
9.003931177947833930e+00,9.175744753292399025e+00,9.691185479326094310e+00,1.055025335604891978e+01,1.175294838346087545e+01,1.329927056156196130e+01,1.518921989035217734e+01,1.742279636983152358e+01,2.000000000000000000e+01
9.041031090653564917e+00,9.212264979862101910e+00,9.725966647487716443e+00,1.058213609353040674e+01,1.178077331799017280e+01,1.332187832086701462e+01,1.520545110216093398e+01,1.743149166187193089e+01,2.000000000000000000e+01
9.078005831032250228e+00,9.248661989922370097e+00,9.760630466592735033e+00,1.061391126104333971e+01,1.180850437327418767e+01,1.334440980328527715e+01,1.522162755107660992e+01,1.744015761664818243e+01,2.000000000000000000e+01
9.114855821405951630e+00,9.284936199196483386e+00,9.795177332568080431e+00,1.064557922152074099e+01,1.183614186605446328e+01,1.336686526616925264e+01,1.523774942186510373e+01,1.744879433314201833e+01,2.000000000000000000e+01
9.151581482671842238e+00,9.321088022005094231e+00,9.829607640004851987e+00,1.067714033667111551e+01,1.186368611200388123e+01,1.338924496600315450e+01,1.525381689866892998e+01,1.745740191000121300e+01,2.000000000000000000e+01
9.188183234307022218e+00,9.357117871270974163e+00,9.863921782162831775e+00,1.070859496698259683e+01,1.189113742573026578e+01,1.341154915840584039e+01,1.526983016500932067e+01,1.746598044554070839e+01,2.000000000000000000e+01
9.224661494373302517e+00,9.393026158523719360e+00,9.898120150974971665e+00,1.073994347172705766e+01,1.191849612077997733e+01,1.343377809813373247e+01,1.528578940378832129e+01,1.747453003774374380e+01,2.000000000000000000e+01
9.261016679521992145e+00,9.428813293904459769e+00,9.932203137051867969e+00,1.077118620896421142e+01,1.194576250964149366e+01,1.345593203908371294e+01,1.530169479729087101e+01,1.748305078426296788e+01,2.000000000000000000e+01
9.297249204998642824e+00,9.464479686170539807e+00,9.966171129686227204e+00,1.080232353554571034e+01,1.197293690374898212e+01,1.347801123429604786e+01,1.531754652718690579e+01,1.749154278242155769e+01,2.000000000000000000e+01
9.333359484647802518e+00,9.500025742700181297e+00,1.000002451685731586e+01,1.083335580711920620e+01,1.200001961348585233e+01,1.350001593595725424e+01,1.533334477453341371e+01,1.750000612921432719e+01,2.000000000000000000e+01
9.369347930917742318e+00,9.535451869497151733e+00,1.003376368523538353e+01,1.086428337813243417e+01,1.202701094818830541e+01,1.352194639540299903e+01,1.534908971977651149e+01,1.750844092130884633e+01,2.000000000000000000e+01
9.405214954865153132e+00,9.570758471195384587e+00,1.006738902018608073e+01,1.089510660183724156e+01,1.205391121614886529e+01,1.354380286312095194e+01,1.536478154275350505e+01,1.751684725504652107e+01,2.000000000000000000e+01
9.440960966159861911e+00,9.605945951063613819e+00,1.010090090577486954e+01,1.092582583029363086e+01,1.208072072461989599e+01,1.356558558875366671e+01,1.538042042269493948e+01,1.752522522644371605e+01,2.000000000000000000e+01
9.476586373089492810e+00,9.641014711009969318e+00,1.013429972477139884e+01,1.095644141437378316e+01,1.210743977981712050e+01,1.358729482110140907e+01,1.539600653822665421e+01,1.753357493119284882e+01,2.000000000000000000e+01
9.512091582564146108e+00,9.675965151586581214e+00,1.016758585865388653e+01,1.098695370376606384e+01,1.213406868692310958e+01,1.360893080812502731e+01,1.541154006737181348e+01,1.754189646466347341e+01,2.000000000000000000e+01
9.547477000121029178e+00,9.710797671994138014e+00,1.020075968761346452e+01,1.101736304697901048e+01,1.216060775009077233e+01,1.363049379694875185e+01,1.542702118755295082e+01,1.755018992190336746e+01,2.000000000000000000e+01
9.582743029929103429e+00,9.745512670086462492e+00,1.023382159055853435e+01,1.104766979134532434e+01,1.218705727244682890e+01,1.365198403386304804e+01,1.544245007559398175e+01,1.755845539763963359e+01,2.000000000000000000e+01
9.617890074793693955e+00,9.780110542375041405e+00,1.026677194511908731e+01,1.107787428302582988e+01,1.221341755609526913e+01,1.367340176432740684e+01,1.545782690772224122e+01,1.756669298627977227e+01,2.000000000000000000e+01
9.652918536161084972e+00,9.814591684033569408e+00,1.029961112765101738e+01,1.110797686701343245e+01,1.223968890212081462e+01,1.369474723297316210e+01,1.547315185957047490e+01,1.757490278191275479e+01,2.000000000000000000e+01
9.687828814123118804e+00,9.848956488902445017e+00,1.033233951324042366e+01,1.113797788713705472e+01,1.226587161059233821e+01,1.371602068360627413e+01,1.548842510617886425e+01,1.758308487831010680e+01,2.000000000000000000e+01
9.722621307421752235e+00,9.883205349493287883e+00,1.036495747570789305e+01,1.116787768606556952e+01,1.229196598056631373e+01,1.373722235921012924e+01,1.550364682199701605e+01,1.759123936892697415e+01,2.000000000000000000e+01
9.757296413453619977e+00,9.917338656993406332e+00,1.039746538761276895e+01,1.119767660531170428e+01,1.231797231009021587e+01,1.375835250194829840e+01,1.551881718088595896e+01,1.759936634690319224e+01,2.000000000000000000e+01
9.791854528274567926e+00,9.951356801270279107e+00,1.042986362025740732e+01,1.122737498523595789e+01,1.234389089620592728e+01,1.377941135316731547e+01,1.553393635612012247e+01,1.760746590506435183e+01,2.000000000000000000e+01
9.826296046604181100e+00,9.985260170875990937e+00,1.046215254369142045e+01,1.125697316505046786e+01,1.236972203495313494e+01,1.380039915339942347e+01,1.554900452038932812e+01,1.761553813592285422e+01,2.000000000000000000e+01
9.860621361830288478e+00,1.001904915305168942e+01,1.049433252671589578e+01,1.128647148282290402e+01,1.239546602137271591e+01,1.382131614236533323e+01,1.556402184580075243e+01,1.762358313167897350e+01,2.000000000000000000e+01
9.894830866013460735e+00,1.005272413373199925e+01,1.052640393688761833e+01,1.131587027548031621e+01,1.242112314951009466e+01,1.384216255897695191e+01,1.557898850388088974e+01,1.763160098422190458e+01,2.000000000000000000e+01
9.928924949891479557e+00,1.008628549754942583e+01,1.055836714052326286e+01,1.134516987881299066e+01,1.244669371241861100e+01,1.386293864134012033e+01,1.559390466557752220e+01,1.763959178513081483e+01,2.000000000000000000e+01
9.962904002883814059e+00,1.011973362783875530e+01,1.059022250270357546e+01,1.137437062747827810e+01,1.247217800216285966e+01,1.388364462675732369e+01,1.560877050126166843e+01,1.764755562567589209e+01,2.000000000000000000e+01
9.996768413096058126e+00,1.015306890664143147e+01,1.062197038727755327e+01,1.140347285500442531e+01,1.249757630982204404e+01,1.390428075173041123e+01,1.562358618072952510e+01,1.765549259681938921e+01,2.000000000000000000e+01
1.003051856732436242e+01,1.018629171470991857e+01,1.065361115686659055e+01,1.143247689379437482e+01,1.252288892549327137e+01,1.392484725196328377e+01,1.563835187320440845e+01,1.766340278921664719e+01,2.000000000000000000e+01
1.006415485105986463e+01,1.021940243151205507e+01,1.068514517286862464e+01,1.146138307512957155e+01,1.254811613829489936e+01,1.394534436236460451e+01,1.565306774733869233e+01,1.767128629321715749e+01,2.000000000000000000e+01
1.009767764849307881e+01,1.025240143523537562e+01,1.071657279546226249e+01,1.149019172917374121e+01,1.257325823636980999e+01,1.396577231705047062e+01,1.566773397121572131e+01,1.767914319886556740e+01,2.000000000000000000e+01
1.013108734251828480e+01,1.028528910279143815e+01,1.074789438361089289e+01,1.151890318497665255e+01,1.259831550688871360e+01,1.398613134934707958e+01,1.568235071235174871e+01,1.768697359590272455e+01,2.000000000000000000e+01
1.016438431473791759e+01,1.031806580982013699e+01,1.077911029506679697e+01,1.154751777047789751e+01,1.262328823605343864e+01,1.400642169179341856e+01,1.569691813769783906e+01,1.769477757376670013e+01,2.000000000000000000e+01
1.019756894546690518e+01,1.035073193069398556e+01,1.081022088637522494e+01,1.157603581251062153e+01,1.264817670910018066e+01,1.402664357614389701e+01,1.571143641364177057e+01,1.770255522159380490e+01,2.000000000000000000e+01
1.023064161373702063e+01,1.038328783852237969e+01,1.084122651287845684e+01,1.160445763680525211e+01,1.267298121030276548e+01,1.404679723337099873e+01,1.572590570600994653e+01,1.771030662821961243e+01,2.000000000000000000e+01
1.026360269730122177e+01,1.041573390515589104e+01,1.087212752871989530e+01,1.163278356799323809e+01,1.269770202297591588e+01,1.406688289366793221e+01,1.574032618006928530e+01,1.771803188217997516e+01,2.000000000000000000e+01
1.029645257263794278e+01,1.044807050119047354e+01,1.090292428684807113e+01,1.166101392961073202e+01,1.272233942947845620e+01,1.408690078645124544e+01,1.575469800052909974e+01,1.772573107171201912e+01,2.000000000000000000e+01
1.032919161495541616e+01,1.048029799597173728e+01,1.093361713902070242e+01,1.168914904410230982e+01,1.274689371121656123e+01,1.410685114036345666e+01,1.576902133154299435e+01,1.773340428475517427e+01,2.000000000000000000e+01
1.036182019819595013e+01,1.051241675759913896e+01,1.096420643580870369e+01,1.171718923282464431e+01,1.277136514864696260e+01,1.412673418327565678e+01,1.578329633671072862e+01,1.774105160895217637e+01,2.000000000000000000e+01
1.039433869504020080e+01,1.054442715293019894e+01,1.099469252660018981e+01,1.174513481605017340e+01,1.279575402128015149e+01,1.414655014229012409e+01,1.579752317908008763e+01,1.774867313165004745e+01,2.000000000000000000e+01
1.042674747691141945e+01,1.057632954758467925e+01,1.102507575960445685e+01,1.177298611297075226e+01,1.282006060768356548e+01,1.416629924374289651e+01,1.581170202114874712e+01,1.775626893990111554e+01,2.000000000000000000e+01
1.045904691397971220e+01,1.060812430594877931e+01,1.105535648185598063e+01,1.180074344170131617e+01,1.284428518548478415e+01,1.418598171320638812e+01,1.582583302486612453e+01,1.776383912046399516e+01,2.000000000000000000e+01
1.049123737516625354e+01,1.063981179117928022e+01,1.108553503921836203e+01,1.182840711928349897e+01,1.286842803137469105e+01,1.420559777549193470e+01,1.583991635163523526e+01,1.777138375980458918e+01,2.000000000000000000e+01
1.052331922814751053e+01,1.067139236520770496e+01,1.111561177638829001e+01,1.185597746168926570e+01,1.289248942111063201e+01,1.422514765465238895e+01,1.585395216231453475e+01,1.777890294409707295e+01,2.000000000000000000e+01
1.055529283935942786e+01,1.070286638874443597e+01,1.114558703689946206e+01,1.188345478382450793e+01,1.291646962951957001e+01,1.424463157398465185e+01,1.586794061721974813e+01,1.778639675922486418e+01,2.000000000000000000e+01
1.058715857400163074e+01,1.073423422128285587e+01,1.117546116312652948e+01,1.191083939953265158e+01,1.294036893050122394e+01,1.426404975603224301e+01,1.588188187612571411e+01,1.779386529078163193e+01,2.000000000000000000e+01
1.061891679604159044e+01,1.076549622110344018e+01,1.120523449628899115e+01,1.193813162159824159e+01,1.296418759703119328e+01,1.428340242258784443e+01,1.589577609826819682e+01,1.780130862407224868e+01,2.000000000000000000e+01
1.065056786821877211e+01,1.079665274527785357e+01,1.123490737645509796e+01,1.196533176175050706e+01,1.298792590116407908e+01,1.430268979469581403e+01,1.590962344234571191e+01,1.780872684411377449e+01,2.000000000000000000e+01
1.068211215204879139e+01,1.082770414967302841e+01,1.126448014254574126e+01,1.199244013066692993e+01,1.301158411403659265e+01,1.432191209265473120e+01,1.592342406652134557e+01,1.781612003563643398e+01,2.000000000000000000e+01
1.071355000782753031e+01,1.085865078895522551e+01,1.129395313233830933e+01,1.201945703797678355e+01,1.303516250587064818e+01,1.434106953601990142e+01,1.593717812842454506e+01,1.782348828308457911e+01,2.000000000000000000e+01
1.074488179463526372e+01,1.088949301659408775e+01,1.132332668247055985e+01,1.204638279226468001e+01,1.305866134597644823e+01,1.436016234360586452e+01,1.595088578515292710e+01,1.783083167061764129e+01,2.000000000000000000e+01
1.077610787034075912e+01,1.092023118486668487e+01,1.135260112844446212e+01,1.207321770107408909e+01,1.308208090275556934e+01,1.437919073348890109e+01,1.596454719327408256e+01,1.783815028211111553e+01,2.000000000000000000e+01
1.080722859160535521e+01,1.095086564486152270e+01,1.138177680463002162e+01,1.209996207091085196e+01,1.310542144370401729e+01,1.439815492300951405e+01,1.597816250882734224e+01,1.784544420115750540e+01,2.000000000000000000e+01
1.083824431388705101e+01,1.098139674648256658e+01,1.141085404426910976e+01,1.212661620724668410e+01,1.312868323541528781e+01,1.441705512877492268e+01,1.599173188732558515e+01,1.785271351106727877e+01,2.000000000000000000e+01
1.086915539144454534e+01,1.101182483845322402e+01,1.143983317947926004e+01,1.215318041452265518e+01,1.315186654358340945e+01,1.443589156666151929e+01,1.600525548375699003e+01,1.785995829486981634e+01,2.000000000000000000e+01
1.089996217734130468e+01,1.104215026832034674e+01,1.146871454125747292e+01,1.217965499615268321e+01,1.317497163300597762e+01,1.445466445181735793e+01,1.601873345258682235e+01,1.786717863531436734e+01,2.000000000000000000e+01
1.093066502344957946e+01,1.107237338245817959e+01,1.149749845948397997e+01,1.220604025452698238e+01,1.319799876758718504e+01,1.447337399866458796e+01,1.603216594775918935e+01,1.787437461487099455e+01,2.000000000000000000e+01
1.096126428045443291e+01,1.110249452607233245e+01,1.152618526292603107e+01,1.223233649101552878e+01,1.322094821034082379e+01,1.449202042090191966e+01,1.604555312269881284e+01,1.788154631573150866e+01,2.000000000000000000e+01
1.099176029785774134e+01,1.113251404320371485e+01,1.155477527924163361e+01,1.225854400597149763e+01,1.324382022339330689e+01,1.451060393150706140e+01,1.605889513031276294e+01,1.788869381981040974e+01,2.000000000000000000e+01
1.102215342398219278e+01,1.116243227673247063e+01,1.158326883498330595e+01,1.228466309873469697e+01,1.326661506798664547e+01,1.452912474273914967e+01,1.607219212299220956e+01,1.789581720874582516e+01,2.000000000000000000e+01
1.105244400597525001e+01,1.119224956838188767e+01,1.161166625560179710e+01,1.231069406763498009e+01,1.328933300448143839e+01,1.454758306614116847e+01,1.608544425261417388e+01,1.790291656390044750e+01,2.000000000000000000e+01
1.108263238981313847e+01,1.122196625872230769e+01,1.163996786544981710e+01,1.233663720999566671e+01,1.331197429235985297e+01,1.456597911254238120e+01,1.609865167054324786e+01,1.790999196636245472e+01,2.000000000000000000e+01
1.111271892030477915e+01,1.125158268717501642e+01,1.166817398778573001e+01,1.236249282213691814e+01,1.333453919022858436e+01,1.458431309206072513e+01,1.611181452763334221e+01,1.791704349694643383e+01,2.000000000000000000e+01
1.114270394109572848e+01,1.128109919201610722e+01,1.169628494477724523e+01,1.238826119937914250e+01,1.335702795582179547e+01,1.460258521410520949e+01,1.612493297422938099e+01,1.792407123619431175e+01,2.000000000000000000e+01
1.117258779467212193e+01,1.131051611038036953e+01,1.172430105750511409e+01,1.241394263604635562e+01,1.337944084600409056e+01,1.462079568737832425e+01,1.613800716016905312e+01,1.793107526437627897e+01,2.000000000000000000e+01
1.120237082236456239e+01,1.133983377826511685e+01,1.175222264596677668e+01,1.243953742546954544e+01,1.340177811677342135e+01,1.463894471987840618e+01,1.615103723478449638e+01,1.793805566149169550e+01,2.000000000000000000e+01
1.123205336435202817e+01,1.136905253053402731e+01,1.178005002908002652e+01,1.246504585999002401e+01,1.342404002326402157e+01,1.465703251890201742e+01,1.616402334690401332e+01,1.794501250727000752e+01,2.000000000000000000e+01
1.126163575966576680e+01,1.139817270092098944e+01,1.180778352468665560e+01,1.249046823096276881e+01,1.344622681974932554e+01,1.467505929104632756e+01,1.617696564485377309e+01,1.795194588117166390e+01,2.000000000000000000e+01
1.129111834619315502e+01,1.142719462203388581e+01,1.183542344955608172e+01,1.251580482875974099e+01,1.346833875964486538e+01,1.469302524221145312e+01,1.618986427645950599e+01,1.795885586238902221e+01,2.000000000000000000e+01
1.132050146068156238e+01,1.145611862535841219e+01,1.186297011938896517e+01,1.254105594277321778e+01,1.349037609551117178e+01,1.471093057760282719e+01,1.620271938904818398e+01,1.796574252984724041e+01,2.000000000000000000e+01
1.134978543874219703e+01,1.148494504126185056e+01,1.189042384882080938e+01,1.256622186141907527e+01,1.351233907905664822e+01,1.472877550173352645e+01,1.621553112944971176e+01,1.797260596220520057e+01,2.000000000000000000e+01
1.137897061485394445e+01,1.151367419899685274e+01,1.191778495142557404e+01,1.259130287214010835e+01,1.353422796114045923e+01,1.474656021842662312e+01,1.622829964399860003e+01,1.797944623785639351e+01,2.000000000000000000e+01
1.140805732236718129e+01,1.154230642670519558e+01,1.194505373971923312e+01,1.261629926140929747e+01,1.355604299177538685e+01,1.476428493081750126e+01,1.624102507853564248e+01,1.798626343492980695e+01,2.000000000000000000e+01
1.143704589350758205e+01,1.157084205142152733e+01,1.197223052516335784e+01,1.264121131473307891e+01,1.357778442013068698e+01,1.478194984135618384e+01,1.625370757840956770e+01,1.799305763129083857e+01,2.000000000000000000e+01
1.146593665937992057e+01,1.159928139907710865e+01,1.199931561816867642e+01,1.266603931665461857e+01,1.359945249453494043e+01,1.479955515180963843e+01,1.626634728847871614e+01,1.799982890454216999e+01,2.000000000000000000e+01
1.149472994997184827e+01,1.162762479450353936e+01,1.202630932809860909e+01,1.269078355075705744e+01,1.362104746247888620e+01,1.481710106326409537e+01,1.627894435311268495e+01,1.800657733202465138e+01,2.000000000000000000e+01
1.152342609415765828e+01,1.165587256143644446e+01,1.205321196327280475e+01,1.271544429966673739e+01,1.364256957061824416e+01,1.483458777612732327e+01,1.629149891619397650e+01,1.801330299081820030e+01,2.000000000000000000e+01
1.155202541970204777e+01,1.168402502251920261e+01,1.208002383097067067e+01,1.274002184505644664e+01,1.366401906477653583e+01,1.485201549013093469e+01,1.630401112111964679e+01,1.802000595774266856e+01,2.000000000000000000e+01
1.158052825326386781e+01,1.171208249930662149e+01,1.210674523743487718e+01,1.276451646764863668e+01,1.368539618994790175e+01,1.486938440433267061e+01,1.631648111080294328e+01,1.802668630935871974e+01,2.000000000000000000e+01
1.160893492039983954e+01,1.174004531226859349e+01,1.213337648787485001e+01,1.278892844721861266e+01,1.370670119029987966e+01,1.488669471711865278e+01,1.632890902767493202e+01,1.803334412196871384e+01,2.000000000000000000e+01
1.163724574556828095e+01,1.176791378079377637e+01,1.215991788647026262e+01,1.281325806259774147e+01,1.372793430917621116e+01,1.490394662620566990e+01,1.634129501368612125e+01,1.803997947161756699e+01,2.000000000000000000e+01
1.166546105213281059e+01,1.179568822319323473e+01,1.218636973637451071e+01,1.283750559167663496e+01,1.374909578909960750e+01,1.492114032864343187e+01,1.635363921030810275e+01,1.804659243409362901e+01,2.000000000000000000e+01
1.169358116236604772e+01,1.182336895670407806e+01,1.221273233971816907e+01,1.286167131140832076e+01,1.377018587177453490e+01,1.493827602081680972e+01,1.636594175853514344e+01,1.805318308492954316e+01,2.000000000000000000e+01
1.172160639745328581e+01,1.185095629749307733e+01,1.223900599761245545e+01,1.288575549781141660e+01,1.379120479808996436e+01,1.495535389844809515e+01,1.637820279888581254e+01,1.805975149940311297e+01,2.000000000000000000e+01
1.174953707749615717e+01,1.187845056066027993e+01,1.226519101015264823e+01,1.290975842597326029e+01,1.381215280812211788e+01,1.497237415659922100e+01,1.639042247140456965e+01,1.806629775253816206e+01,2.000000000000000000e+01
1.177737352151630645e+01,1.190585206024261389e+01,1.229128767642153619e+01,1.293368037005307514e+01,1.383303014113722895e+01,1.498933698967399764e+01,1.640260091566338474e+01,1.807282191910538316e+01,2.000000000000000000e+01
1.180511604745900911e+01,1.193316110921746365e+01,1.231729629449282193e+01,1.295752160328508751e+01,1.385383703559425683e+01,1.500624259142033523e+01,1.641473827076331560e+01,1.807932407362320504e+01,2.000000000000000000e+01
1.183276497219683421e+01,1.196037801950625834e+01,1.234321716143453251e+01,1.298128239798165495e+01,1.387457372914762566e+01,1.502309115493244462e+01,1.642683467533611719e+01,1.808580429035863446e+01,2.000000000000000000e+01
1.186032061153323269e+01,1.198750310197802627e+01,1.236905057331240521e+01,1.300496302553637129e+01,1.389524045864992452e+01,1.503988287265306312e+01,1.643889026754578708e+01,1.809226264332810175e+01,2.000000000000000000e+01
1.188778328020616115e+01,1.201453666645294049e+01,1.239479682519327675e+01,1.302856375642716991e+01,1.391583746015461998e+01,1.505661793637563051e+01,1.645090518509019617e+01,1.809869920629832052e+01,2.000000000000000000e+01
1.191515329189167538e+01,1.204147902170586804e+01,1.242045621114844600e+01,1.305208486021940928e+01,1.393636496891875609e+01,1.507329653724648999e+01,1.646287956520260920e+01,1.810511405278711194e+01,2.000000000000000000e+01
1.194243095920751507e+01,1.206833047546989768e+01,1.244602902425704549e+01,1.307552660556895852e+01,1.395682321940563675e+01,1.508991886576707842e+01,1.647481354465328707e+01,1.811150725606426093e+01,2.000000000000000000e+01
1.196961659371666542e+01,1.209509133443984297e+01,1.247151555660937383e+01,1.309888926022525979e+01,1.397721244528749907e+01,1.510648511179609343e+01,1.648670725975104290e+01,1.811787888915234390e+01,2.000000000000000000e+01
1.199671050593092758e+01,1.212176190427575762e+01,1.249691609931024416e+01,1.312217309103439078e+01,1.399753287944819569e+01,1.512299546455165888e+01,1.649856084634478037e+01,1.812422902482756015e+01,2.000000000000000000e+01
1.202371300531444831e+01,1.214834248960641006e+01,1.252223094248229529e+01,1.314537836394210402e+01,1.401778475398583623e+01,1.513945011261349194e+01,1.651037443982507114e+01,1.813055773562057382e+01,2.000000000000000000e+01
1.205062440028727977e+01,1.217483339403279174e+01,1.254746037526932412e+01,1.316850534399688044e+01,1.403796830021546072e+01,1.515584924392506139e+01,1.652214817512568601e+01,1.813686509381733103e+01,2.000000000000000000e+01
1.207744499822887896e+01,1.220123492013155264e+01,1.257260468583957369e+01,1.319155429535294211e+01,1.405808374867165966e+01,1.517219304579572281e+01,1.653388218672513332e+01,1.814315117145989475e+01,2.000000000000000000e+01
1.210417510548162490e+01,1.222754736945847398e+01,1.259766416138902301e+01,1.321452548127327198e+01,1.407813132911121912e+01,1.518848170490286620e+01,1.654557660864821145e+01,1.814941604034725486e+01,2.000000000000000000e+01
1.213081502735433048e+01,1.225377104255191973e+01,1.262263908814468572e+01,1.323741916413262842e+01,1.409811127051574786e+01,1.520471540729404580e+01,1.655723157446751870e+01,1.815565977203617010e+01,2.000000000000000000e+01
1.215736506812571172e+01,1.227990623893624722e+01,1.264752975136785551e+01,1.326023560542053303e+01,1.411802380109428334e+01,1.522089433838910466e+01,1.656884721730499876e+01,1.816188243784196388e+01,2.000000000000000000e+01
1.218382553104787114e+01,1.230595325712524790e+01,1.267233643535737997e+01,1.328297506574426379e+01,1.413786914828590291e+01,1.523701868298229556e+01,1.658042366983344351e+01,1.816808410883934499e+01,2.000000000000000000e+01
1.221019671834976705e+01,1.233191239462555089e+01,1.269705942345290595e+01,1.330563780483183045e+01,1.415764753876232440e+01,1.525308862524438780e+01,1.659196106427802420e+01,1.817426485586322826e+01,2.000000000000000000e+01
1.223647893124065433e+01,1.235778394794001933e+01,1.272169899803811433e+01,1.332822408153493754e+01,1.417735919843049075e+01,1.526910434872477396e+01,1.660345953241778716e+01,1.818042474950952681e+01,2.000000000000000000e+01
1.226267246991353232e+01,1.238356821257113261e+01,1.274625544054393522e+01,1.335073415383194195e+01,1.419700435243514924e+01,1.528506603635355887e+01,1.661491920558717084e+01,1.818656386013598336e+01,2.000000000000000000e+01
1.228877763354857322e+01,1.240926548302437737e+01,1.277072903145178806e+01,1.337316827883080528e+01,1.421658322516142903e+01,1.530097387044366286e+01,1.662634021467750145e+01,1.819268225786294835e+01,2.000000000000000000e+01
1.231479472031653444e+01,1.243487605281158892e+01,1.279512005029675237e+01,1.339552671277202300e+01,1.423609604023740083e+01,1.531682803269288939e+01,1.663772269013848515e+01,1.819878001257418987e+01,2.000000000000000000e+01
1.234072402738217278e+01,1.246040021445432622e+01,1.281942877567078654e+01,1.341780971103155551e+01,1.425554302053662958e+01,1.533262870418601054e+01,1.664906676197970015e+01,1.820485719391769663e+01,2.000000000000000000e+01
1.236656585090762484e+01,1.248583825948719372e+01,1.284365548522589862e+01,1.344001752812373951e+01,1.427492438818071818e+01,1.534837606539683463e+01,1.666037255977208531e+01,1.821091387130647377e+01,2.000000000000000000e+01
1.239232048605580871e+01,1.251119047846118626e+01,1.286780045567732067e+01,1.346215041770421017e+01,1.429424036454185654e+01,1.536407029619025799e+01,1.667164021264941454e+01,1.821695011391933150e+01,2.000000000000000000e+01
1.241798822699377425e+01,1.253645716094699658e+01,1.289186396280666358e+01,1.348420863257277524e+01,1.431349117024533157e+01,1.537971157582433079e+01,1.668286984930977468e+01,1.822296599070166678e+01,2.000000000000000000e+01
1.244356936689608339e+01,1.256163859553833184e+01,1.291584628146507896e+01,1.350619242467632120e+01,1.433267702517206210e+01,1.539530008295229990e+01,1.669406159801703637e+01,1.822896157036626974e+01,2.000000000000000000e+01
1.246906419794814624e+01,1.258673506985520518e+01,1.293974768557638555e+01,1.352810204511168735e+01,1.435179814846110880e+01,1.541083599562465167e+01,1.670521558660231420e+01,1.823493692139409461e+01,2.000000000000000000e+01
1.249447301134955346e+01,1.261174687054721666e+01,1.296356844814020626e+01,1.354993774412852225e+01,1.437085475851216465e+01,1.542631949129113522e+01,1.671633194246543042e+01,1.824089211203505201e+01,2.000000000000000000e+01
1.251979609731742116e+01,1.263667428329683773e+01,1.298730884123508211e+01,1.357169977113215964e+01,1.438984707298806676e+01,1.544175074680280346e+01,1.672741079257637153e+01,1.824682721030876920e+01,2.000000000000000000e+01
1.254503374508969138e+01,1.266151759282266376e+01,1.301096913602158445e+01,1.359338837468645345e+01,1.440877530881726898e+01,1.545712993841403105e+01,1.673845226347673787e+01,1.825274228400539656e+01,2.000000000000000000e+01
1.257018624292843256e+01,1.268627708288267542e+01,1.303454960274540397e+01,1.361500380251662179e+01,1.442763968219632353e+01,1.547245724178451276e+01,1.674945648128118947e+01,1.825863740068635011e+01,2.000000000000000000e+01
1.259525387812314712e+01,1.271095303627747342e+01,1.305805051074045053e+01,1.363654630151208025e+01,1.444644040859236078e+01,1.548773283198129391e+01,1.676042357167887786e+01,1.826451262768511441e+01,2.000000000000000000e+01
1.262023693699403992e+01,1.273554573485350794e+01,1.308147212843191198e+01,1.365801611772925384e+01,1.446517770274552994e+01,1.550295688348074208e+01,1.677135365993489202e+01,1.827036803210797800e+01,2.000000000000000000e+01
