0.000000000000000000e+00,2.000000000000000389e-01,8.000000000000001554e-01,1.800000000000000488e+00,3.200000000000000622e+00,5.000000000000000000e+00,7.200000000000001954e+00,9.800000000000002487e+00,1.280000000000000249e+01,1.620000000000000284e+01,2.000000000000000000e+01
1.347293369715218958e-01,3.333820436018067324e-01,9.293401634926611310e-01,1.922603696644085369e+00,3.313172643056078837e+00,5.101047002728641644e+00,7.286226775661775790e+00,9.868711961855478165e+00,1.284850256130975055e+01,1.622559857402459116e+01,2.000000000000000000e+01
2.685510742310048826e-01,4.658655634886949004e-01,1.057809031261764954e+00,2.044381477550214932e+00,3.425582902354044723e+00,5.201413305673253440e+00,7.371872687507845079e+00,9.936961047857815643e+00,1.289667838672316336e+01,1.625102470410389444e+01,2.000000000000000000e+01
4.014713257938207214e-01,5.974566125358825586e-01,1.185412472762068070e+00,2.165338906472377367e+00,3.537235913666810116e+00,5.301103494345365874e+00,7.456941648508046860e+00,1.000475037615485085e+01,1.294452967728577875e+01,1.627627955190082787e+01,2.000000000000000000e+01
5.334961644884783638e-01,7.281612028435936468e-01,1.312156317908939496e+00,2.285481509684515800e+00,3.648136778170322447e+00,5.400122123366358551e+00,7.541437545272628107e+00,1.007208304388912623e+01,1.299205861921585381e+01,1.630136427125281529e+01,2.000000000000000000e+01
6.646316222340797886e-01,8.579853060117390573e-01,1.438046357344716863e+00,2.404814776233012985e+00,3.758290562676627644e+00,5.498473716675559508e+00,7.625364238229813019e+00,1.013896212733938285e+01,1.303926738400427077e+01,1.632628000822447945e+01,2.000000000000000000e+01
7.948836903159084422e-01,9.869348534127494466e-01,1.563088342703272238e+00,2.523344158187477149e+00,3.867702299865363624e+00,5.596162767736931443e+00,7.708725561802182824e+00,1.020539068206111644e+01,1.308615812851372873e+01,1.635102790116002680e+01,2.000000000000000000e+01
9.242583196591436234e-01,1.115015736462552143e+00,1.687287986872778145e+00,2.641075070889820964e+00,3.976376988513681265e+00,5.693193739744357273e+00,7.791525324581853873e+00,1.027137174302616529e+01,1.313273299507729419e+01,1.637560908073524146e+01,2.000000000000000000e+01
1.052761421100760764e+00,1.242233806889753156e+00,1.810650964256730333e+00,2.758012893201692961e+00,4.084319593724639930e+00,5.789571065825570351e+00,7.873767309504488665e+00,1.033690832476139043e+01,1.317899411159627654e+01,1.640002467000914876e+01,2.000000000000000000e+01
1.180398865659577634e+00,1.368594877002981880e+00,1.933182911033194618e+00,2.874162967750216069e+00,4.191535047154046012e+00,5.885299149244683115e+00,7.955455274022131817e+00,1.040200342148638768e+01,1.322494359163744981e+01,1.642427578447532355e+01,2.000000000000000000e+01
1.307176484804486449e+00,1.494104719956441674e+00,2.054889425412306903e+00,2.989530601172083024e+00,4.298028247235769150e+00,5.980382363603364837e+00,8.036592950274872749e+00,1.046666000725029022e+01,1.327058353452961725e+01,1.644836353211285385e+01,2.000000000000000000e+01
1.433100070720885189e+00,1.618769070013676314e+00,2.175776067892049692e+00,3.104121064356005988e+00,4.403804059405544535e+00,6.074825053040664002e+00,8.117184045261367942e+00,1.053088103606765458e+01,1.331591602545952036e+01,1.647228901343697061e+01,2.000000000000000000e+01
1.558175376575303694e+00,1.742593622809550657e+00,2.295848361512291547e+00,3.217939592683526584e+00,4.508867316323255992e+00,6.168631532431477993e+00,8.197232241008196141e+00,1.059466944205340688e+01,1.336094313556711199e+01,1.649605332154931148e+01,2.000000000000000000e+01
1.682408116778257856e+00,1.865584035610475366e+00,2.415111792107127453e+00,3.330991386268214782e+00,4.613222818093737132e+00,6.261806087583693170e+00,8.276741194738086449e+00,1.065802813955691342e+01,1.340566692204017585e+01,1.651965754218787197e+01,2.000000000000000000e+01
1.805803967245327435e+00,1.987745927572874161e+00,2.533571808555514338e+00,3.443281610193248632e+00,4.716875332486075934e+00,6.354352975433995354e+00,8.355714539037011335e+00,1.072096002329511855e+01,1.345008942820832054e+01,1.654310275377661554e+01,2.000000000000000000e+01
1.928368565656475297e+00,2.109084879999910900e+00,2.651233823030216374e+00,3.554815394747392610e+00,4.819829595151439605e+00,6.446276424242356029e+00,8.434155882020146322e+00,1.078346796848480516e+01,1.349421268363633253e+01,1.656639002747473199e+01,2.000000000000000000e+01
2.050107511713614716e+00,2.229606436596478947e+00,2.768103211245070305e+00,3.665597835659389681e+00,4.922090309839436628e+00,6.537580633785211148e+00,8.512068807496714129e+00,1.084555483097394557e+01,1.353803870421690370e+01,1.658952042722559028e+01,2.000000000000000000e+01
2.171026367396462486e+00,2.349316103722498106e+00,2.884185312700604076e+00,3.775633994330781285e+00,5.023662148613029288e+00,6.628269775547346754e+00,8.589456875133738123e+00,1.090722344737219807e+01,1.358156949226272836e+01,1.661249500980532900e+01,2.000000000000000000e+01
2.291130657216633448e+00,2.468219350644467180e+00,2.999485430927968377e+00,3.884928898067136593e+00,5.124549752061972718e+00,6.718347992912475419e+00,8.666323620618646473e+00,1.096847663518048499e+01,1.362480703659799097e+01,1.663531482487116264e+01,2.000000000000000000e+01
2.410425868470058575e+00,2.586321609785358078e+00,3.114008833731256587e+00,3.993487540307754102e+00,5.224757729514849736e+00,6.807819401352544375e+00,8.742672555820838909e+00,1.102931719291973245e+01,1.366775331264922322e+01,1.665798091500931477e+01,2.000000000000000000e+01
2.528917451487682211e+00,2.703628276972805722e+00,3.227760753428174922e+00,4.101314880853791145e+00,5.324290659249653501e+00,6.896688088615761103e+00,8.818507168952118391e+00,1.108974790025872004e+01,1.371041028253556782e+01,1.668049431578266351e+01,2.000000000000000000e+01
2.646610819884471777e+00,2.820144711685627303e+00,3.340746387089092995e+00,4.208415846094869295e+00,5.423153088702957092e+00,6.984958114913354166e+00,8.893830924726064069e+00,1.114977151814108325e+01,1.375277989515841170e+01,1.670285605577805299e+01,2.000000000000000000e+01
2.763511350806759914e+00,2.935876237298692626e+00,3.452970896774489873e+00,4.314795329234152099e+00,5.521349534677678861e+00,7.072633513105070158e+00,8.968647264516327766e+00,1.120939078891144902e+01,1.379486408629043481e+01,1.672506715665328869e+01,2.000000000000000000e+01
2.879624385177907975e+00,3.050828141326129117e+00,3.564439409770791656e+00,4.420458190511896923e+00,5.618884483549443587e+00,7.159718288883430759e+00,9.042959606513862880e+00,1.126860843644073462e+01,1.383666477866404954e+01,1.674712863318380585e+01,2.000000000000000000e+01
2.994955227942326381e+00,3.165005675662903251e+00,3.675157018824633415e+00,4.525409257427517318e+00,5.715762391471555404e+00,7.246216420956744564e+00,9.116771345883091016e+00,1.132742716625058854e+01,1.387818388205923981e+01,1.676904149330904303e+01,2.000000000000000000e+01
3.109509148307847415e+00,3.278414056824769052e+00,3.785128782375533518e+00,4.629653324960141703e+00,5.811987684578593161e+00,7.332131861230886116e+00,9.190085854917024122e+00,1.138584966563700362e+01,1.391942329339082640e+01,1.679080673817849245e+01,2.000000000000000000e+01
3.223291379986448213e+00,3.391058466186584130e+00,3.894359724786990551e+00,4.733195155787668362e+00,5.907564759188616677e+00,7.417468534989835938e+00,9.262906483191327922e+00,1.144387860379308997e+01,1.396038489679512296e+01,1.681242536219742689e+01,2.000000000000000000e+01
3.336307121433390588e+00,3.502944050219057193e+00,4.002854836576054787e+00,4.836039480504386034e+00,6.002497982004048716e+00,7.502230341075042830e+00,9.335236557717371042e+00,1.150151663193103069e+01,1.400107056371602354e+01,1.683389835307234605e+01,2.000000000000000000e+01
3.448561536084708834e+00,3.614075920723862190e+00,4.110619074641320481e+00,4.938190997837085483e+00,6.096791690311156309e+00,7.586421152063531181e+00,9.407079383094215430e+00,1.155876638340320284e+01,1.404148215299049696e+01,1.685522669185609601e+01,2.000000000000000000e+01
3.560059752593121019e+00,3.724459155067190164e+00,4.217657362489395823e+00,5.039654374859740216e+00,6.190450192178222011e+00,7.670044814444841208e+00,9.478438241659599583e+00,1.161563047382249358e+01,1.408162151093352499e+01,1.687641135299269735e+01,2.000000000000000000e+01
3.670806865062350433e+00,3.834098796411727239e+00,4.323974590459856771e+00,5.140434247206739471e+00,6.283477766652374896e+00,7.753105148796763046e+00,9.549316393639905698e+00,1.167211150118180107e+01,1.412149047142244740e+01,1.689745330436185000e+01,2.000000000000000000e+01
3.780807933279852762e+00,3.942999853947054767e+00,4.429575615948658118e+00,5.240535219284666368e+00,6.375878663955077741e+00,7.835605949959889571e+00,9.619717077299107189e+00,1.172821204597272704e+01,1.416109085598074913e+01,1.691835350732317522e+01,2.000000000000000000e+01
3.890067982948002268e+00,4.051167303118522689e+00,4.534465263630082177e+00,5.339961864482682508e+00,6.467657105676322793e+00,7.917550987211001257e+00,9.689643509086723228e+00,1.178393467130348249e+01,1.420042447386128259e+01,1.693911291676012354e+01,2.000000000000000000e+01
3.998592005913688130e+00,4.158606085854551715e+00,4.638648325677140249e+00,5.438718725381456842e+00,6.558817284967498829e+00,7.998944004435266208e+00,9.759098883784762535e+00,1.183928192301598337e+01,1.423949312212893048e+01,1.695973248112360210e+01,2.000000000000000000e+01
4.106384960396390227e+00,4.265321110792426040e+00,4.742129561980534369e+00,5.536810313960715213e+00,6.649363366732968572e+00,8.079788720297292670e+00,9.828086374653690171e+00,1.189425632980216108e+01,1.427829858574270183e+01,1.698021314247531777e+01,2.000000000000000000e+01
4.213451771214710817e+00,4.371317253502564171e+00,4.844913700366122455e+00,5.634241111805387447e+00,6.739299487820358259e+00,8.160088828411034001e+00,9.896609133577417339e+00,1.194886040331950383e+01,1.431684263763729703e+01,1.700055583653079694e+01,2.000000000000000000e+01
4.319797330011370562e+00,4.476599356711256306e+00,4.947005436810915313e+00,5.731015570310347584e+00,6.828629757209551343e+00,8.239847997508526589e+00,9.964670291207278652e+00,1.200309663830580043e+01,1.435512703880409546e+01,1.702076149270216376e+01,2.000000000000000000e+01
4.425426495476703082e+00,4.581172230521936228e+00,5.048409435657634781e+00,5.827138110883800515e+00,6.917358256200431654e+00,8.319069871607528199e+00,1.003227295710509104e+01,1.205696751269312017e+01,1.439315353837161560e+01,1.704083103414057732e+01,2.000000000000000000e+01
4.530344093570635167e+00,4.685040652634929081e+00,5.149130329827809049e+00,5.922613125149278623e+00,7.005489038599334251e+00,8.397758070177976819e+00,1.009942021988520722e+01,1.211047548772102544e+01,1.443092387368542973e+01,1.706076537777842361e+01,2.000000000000000000e+01
4.634554917743177072e+00,4.788209368565745194e+00,5.249172721033449562e+00,6.017444975146291064e+00,7.093026130904268811e+00,8.475916188307381915e+00,1.016611514735563482e+01,1.216362300804902219e+01,1.446843977038754581e+01,1.708056543437120567e+01,2.000000000000000000e+01
4.738063729153417114e+00,4.890683091861882659e+00,5.348541179987279293e+00,6.111637993529609680e+00,7.179973532488871157e+00,8.553547796865062836e+00,1.023236078665818738e+01,1.221641250186824479e+01,1.450570294249523151e+01,1.710023210853915288e+01,2.000000000000000000e+01
4.840875256887056111e+00,4.992466504318185727e+00,5.447240246611573689e+00,6.205196483767221771e+00,7.266335215785128199e+00,8.630656442665291195e+00,1.029816016440771698e+01,1.226884638101240022e+01,1.454271509247934269e+01,1.711976629880854262e+01,2.000000000000000000e+01
4.942994198172465659e+00,5.093564256190741268e+00,5.545274430245566322e+00,6.298124720336944371e+00,7.352115126464871864e+00,8.707245648629349688e+00,1.036351628683037873e+01,1.232092704106795900e+01,1.457947791134208870e+01,1.713916889765276963e+01,2.000000000000000000e+01
5.044425218595294247e+00,5.193980966409341704e+00,5.642648209851482299e+00,6.390426948921718697e+00,7.437317183620047345e+00,8.783318913946470019e+00,1.042843213990098938e+01,1.237265686148360189e+01,1.461599307869430753e+01,1.715844079153310986e+01,2.000000000000000000e+01
5.145172952311629189e+00,5.293721222788513536e+00,5.739366034219163915e+00,6.482107386603583876e+00,7.521945279941769869e+00,8.858879714233722780e+00,1.049291068947944439e+01,1.242403820567893291e+01,1.465226226283218836e+01,1.717758286093921072e+01,2.000000000000000000e+01
5.245242002259713487e+00,5.392789582237116797e+00,5.835432322169324948e+00,6.573170222056339718e+00,7.606003281898159329e+00,8.933931501694784671e+00,1.055695488144621841e+01,1.247507342115245521e+01,1.468828712081349863e+01,1.719659598042934689e+01,2.000000000000000000e+01
5.344636940370253164e+00,5.491190570966550943e+00,5.930851462755442505e+00,6.663619615736930513e+00,7.689495029911013191e+00,9.008477705277689651e+00,1.062056764183696345e+01,1.252576483958883102e+01,1.472406929853329238e+01,1.721548101867034930e+01,2.000000000000000000e+01
5.443362307775297282e+00,5.588928684697544114e+00,6.025627815464284609e+00,6.753459700075520544e+00,7.772424338531250143e+00,9.082521730831473405e+00,1.068375187697619211e+01,1.257611477696540270e+01,1.475961043079910873e+01,1.723423883847731020e+01,2.000000000000000000e+01
5.541422615015701325e+00,5.686008388865544383e+00,6.119765710415072668e+00,6.842694579664287957e+00,7.854794996613190250e+00,9.156066961261775106e+00,1.074651047361004963e+01,1.262612553365800849e+01,1.479491214140565347e+01,1.725287029685298634e+01,2.000000000000000000e+01
5.638822342247220121e+00,5.782434118824748559e+00,6.213269448557331209e+00,6.931328331444971624e+00,7.936610767487666251e+00,9.229116756685414202e+00,1.080884629903822258e+01,1.267579939454608429e+01,1.482997604320900109e+01,1.727137624502697477e+01,2.000000000000000000e+01
5.735565939445184114e+00,5.878210280050732983e+00,6.306143301867376039e+00,7.019365004895117721e+00,8.017875389133955366e+00,9.301674454583888974e+00,1.087076220124491854e+01,1.272513862911704585e+01,1.486480373820026912e+01,1.728975752849458658e+01,2.000000000000000000e+01
5.831657826607809625e+00,5.973341248341732523e+00,6.398391513543497666e+00,7.106808622213107718e+00,8.098592574350561790e+00,9.373743369955857219e+00,1.093226100902900022e+01,1.277414549156998547e+01,1.489939681757881296e+01,1.730801498705548624e+01,2.000000000000000000e+01
5.927102393958150195e+00,6.067831370018568649e+00,6.490018298199824009e+00,7.193663178501917166e+00,8.178766010924846341e+00,9.445326795468613312e+00,1.099334553213321719e+01,1.282282222091865798e+01,1.493375686182493567e+01,1.732614945485205027e+01,2.000000000000000000e+01
6.021904002144655266e+00,6.161684962123209708e+00,6.581027842058869481e+00,7.279932641951637251e+00,8.258399361801512129e+00,9.516428001608492337e+00,1.105401856137257965e+01,1.287117104109377586e+01,1.496788544077207739e+01,1.734416176040748780e+01,2.000000000000000000e+01
6.116066982440422350e+00,6.254906312616018482e+00,6.671424303142805101e+00,7.365620954020784872e+00,8.337496265249955130e+00,9.587050236830316763e+00,1.111428286876187244e+01,1.291919416104461682e+01,1.500178411367855347e+01,1.736205272666368415e+01,2.000000000000000000e+01
6.209595636941065422e+00,6.347499680571655034e+00,6.761211811463422094e+00,7.450732029616370156e+00,8.416060335030495665e+00,9.657196727705798622e+00,1.117414120764228258e+01,1.296689377483994576e+01,1.503545442929878462e+01,1.737982317101880625e+01,2.000000000000000000e+01
6.302494238761271461e+00,6.439469296373658835e+00,6.850394469210820070e+00,7.535269757272757829e+00,8.494095160559469448e+00,9.726870679070954040e+00,1.123359631280721516e+01,1.301427206176824924e+01,1.506889792595405986e+01,1.739747390536464522e+01,2.000000000000000000e+01
6.394767032230035397e+00,6.530819361907735043e+00,6.938976350940833981e+00,7.619237999329333100e+00,8.571604307073229734e+00,9.796075274172526548e+00,1.129265090062722265e+01,1.306133118643731983e+01,1.510211613160281452e+01,1.741500573612371028e+01,2.000000000000000000e+01
6.486418233084572549e+00,6.621554050753727161e+00,7.026961503761189221e+00,7.702640592106961392e+00,8.648591315791041012e+00,9.864813674813429856e+00,1.135130766917412615e+01,1.310807329887313344e+01,1.513511056391044818e+01,1.743241946428607037e+01,2.000000000000000000e+01
6.577452028662920114e+00,6.711677508376291179e+00,7.114353947516402599e+00,7.785481346083257925e+00,8.725059704076853606e+00,9.933089021497190529e+00,1.140956929834426958e+01,1.315450053461809077e+01,1.516788273031865231e+01,1.744971588544595775e+01,2.000000000000000000e+01
6.667872578095255243e+00,6.801193852314303179e+00,7.201157674971444322e+00,7.867764046066683115e+00,8.801012965600016003e+00,1.000090443357144210e+01,1.146743844998096407e+01,1.320061501482858191e+01,1.520043412811429384e+01,1.746689578983810165e+01,2.000000000000000000e+01
6.757684012493907488e+00,6.890107172368968413e+00,7.287376651994151189e+00,7.949492451369456703e+00,8.876454570494882290e+00,1.006826300937042973e+01,1.152491776799610079e+01,1.324641884637189548e+01,1.523276624449780847e+01,1.748395996237384509e+01,2.000000000000000000e+01
6.846890435142112707e+00,6.978421530790691385e+00,7.373014817736427418e+00,8.030670295979321693e+00,8.951387965519375101e+00,1.013516782635658409e+01,1.158200987849095398e+01,1.329191412192247945e+01,1.526488055665116228e+01,1.750090918267700246e+01,2.000000000000000000e+01
6.935495921681466669e+00,7.066140962464652731e+00,7.458076084814208251e+00,8.111301288730135894e+00,9.025816574212432997e+00,1.020162194126110045e+01,1.163871738987614002e+01,1.333710292005754994e+01,1.529677853180533020e+01,1.751774422511948259e+01,2.000000000000000000e+01
7.023504520298146758e+00,7.153269475095165753e+00,7.542564339486220959e+00,8.191389113471313266e+00,9.099743797050445338e+00,1.026762839022361007e+01,1.169504289299081634e+01,1.338198730535205705e+01,1.532846162730733397e+01,1.753446585885664888e+01,2.000000000000000000e+01
7.110920251907857370e+00,7.239811049388778841e+00,7.626483441831542365e+00,8.270937429236150606e+00,9.173173011602601790e+00,1.033319018893089236e+01,1.175098896122102943e+01,1.342656932847300943e+01,1.535993129068683061e+01,1.755107484786249472e+01,2.000000000000000000e+01
7.197747110339531851e+00,7.325769639236137110e+00,7.709837225925950221e+00,8.349949870408973851e+00,9.246107572685207998e+00,1.039831033275464911e+01,1.180655815061730252e+01,1.347085102627316289e+01,1.539118895972223200e+01,1.756757195096451341e+01,2.000000000000000000e+01
7.283989062517816748e+00,7.411149171892639664e+00,7.792629500017103972e+00,8.428430046891213223e+00,9.318550812514967419e+00,1.046299179688836389e+01,1.186175300001140442e+01,1.351483442188408901e+01,1.542223606250641588e+01,1.758395792187838680e+01,2.000000000000000000e+01
7.369650048644298401e+00,7.495953548157856083e+00,7.874864046698526465e+00,8.506381544266311323e+00,9.390506040861211545e+00,1.052723753648322358e+01,1.191657603113235098e+01,1.355852152480859374e+01,1.545307401751194831e+01,1.760023350924241825e+01,2.000000000000000000e+01
7.454733982377518942e+00,7.580186642553744747e+00,7.956544623082418610e+00,8.583807923963542308e+00,9.461976545197117616e+00,1.059105048678313921e+01,1.197102974872161241e+01,1.360191433101253722e+01,1.548370423365590831e+01,1.761639945665173101e+01,2.000000000000000000e+01
7.539244751011802137e+00,7.663852303501684560e+00,8.037674960971330052e+00,8.660712723420740389e+00,9.532965590849915571e+00,1.065443356325885205e+01,1.202511664064755337e+01,1.364501482301601953e+01,1.551412811036425055e+01,1.763245650269224640e+01,2.000000000000000000e+01
7.623186215654831344e+00,7.746954353498283652e+00,8.118258767028638800e+00,8.737099456245896789e+00,9.603476421150059394e+00,1.071738966174112306e+01,1.207883917801909313e+01,1.368782496998396603e+01,1.554434703763574177e+01,1.764840538097442035e+01,2.000000000000000000e+01
7.706562211404072826e+00,7.829496589290032560e+00,8.198299722947909984e+00,8.812971612377706876e+00,9.673512257579423235e+00,1.077992165855305373e+01,1.213219981529860902e+01,1.373034672781607846e+01,1.557436239610546735e+01,1.766424682016677750e+01,2.000000000000000000e+01
7.789376547521982275e+00,7.911482782046762807e+00,8.277801485621102628e+00,8.888332658245003515e+00,9.743076299918465466e+00,1.084203241064148671e+01,1.218520099041407079e+01,1.377258203923621238e+01,1.560417555710791504e+01,1.767998154402917876e+01,2.000000000000000000e+01
7.871633007610046029e+00,7.992916677533946412e+00,8.356767687305644898e+00,8.963186036925142375e+00,9.812171726392438842e+00,1.090372475570753430e+01,1.223784512487043052e+01,1.381453283388112396e+01,1.563378788273961817e+01,1.769561027144591137e+01,2.000000000000000000e+01
7.953335349781644581e+00,8.073801996283828331e+00,8.435201935790379579e+00,9.037535168301296551e+00,9.880801693816582798e+00,1.096500151233623299e+01,1.229013462386025424e+01,1.385620102838863943e+01,1.566320072592139390e+01,1.771113371645851586e+01,2.000000000000000000e+01
8.034487306833755227e+00,8.154142433765418474e+00,8.513107814560404663e+00,9.111383449218717345e+00,9.948969337740354746e+00,1.102586548012531686e+01,1.234207187637360548e+01,1.389758852648521703e+01,1.569241543046015330e+01,1.772655258829841429e+01,2.000000000000000000e+01
8.115092586417487652e+00,8.233941660553311337e+00,8.590488882960787720e+00,9.184734253639913248e+00,1.001667777259068970e+01,1.108631943981311530e+01,1.239365925530719181e+01,1.393869721907292103e+01,1.572143333111029762e+01,1.774186759141932512e+01,2.000000000000000000e+01
8.195154871207481762e+00,8.313203322495406056e+00,8.667348676359182491e+00,9.257590932798807515e+00,1.008393009181428646e+01,1.114636615340561221e+01,1.244489911757278833e+01,1.397952898431581659e+01,1.575025575363469521e+01,1.775707942552942242e+01,2.000000000000000000e+01
8.274677819070166862e+00,8.391931040879464732e+00,8.743690706307360117e+00,9.329956815353851241e+00,1.015072936801893988e+01,1.120600836430262603e+01,1.249579380420490793e+01,1.402008568772578556e+01,1.577888401486526071e+01,1.777218878562333515e+01,2.000000000000000000e+01
8.353665063230874210e+00,8.470128412598565859e+00,8.819518460701640805e+00,9.401835207540095496e+00,1.021707865311393526e+01,1.126524879742315655e+01,1.254634564046776113e+01,1.406036918224774723e+01,1.580731942276311663e+01,1.778719636201386933e+01,2.000000000000000000e+01
8.432120212439834006e+00,8.547799010315435098e+00,8.894835403942240148e+00,9.473229393320247382e+00,1.028298097844946035e+01,1.132409015932987373e+01,1.259655693596149462e+01,1.410038130834431591e+01,1.583556327647834117e+01,1.780210284036357038e+01,2.000000000000000000e+01
8.510046851137044399e+00,8.624946382625674701e+00,8.969644977091563831e+00,9.544142634534711789e+00,1.034843935495511857e+01,1.138253513835278419e+01,1.264642998472771040e+01,1.414012389407989545e+01,1.586361686640933755e+01,1.781690890171604025e+01,2.000000000000000000e+01
8.587448539616053367e+00,8.701574054219893384e+00,9.043950598031411658e+00,9.614578171050608191e+00,1.041345677327748653e+01,1.144058640471203958e+01,1.269596706535427444e+01,1.417959875520418933e+01,1.589148147426178070e+01,1.783161522252705211e+01,2.000000000000000000e+01
8.664328814186600169e+00,8.777685526044733066e+00,9.117755661619135310e+00,9.684539220909805124e+00,1.047803620391674428e+01,1.149824661063994924e+01,1.274517044107942354e+01,1.421880769523516719e+01,1.591915837310717663e+01,1.784622247469545542e+01,2.000000000000000000e+01
8.740691187336190993e+00,8.853284275462829811e+00,9.191063539842744490e+00,9.754028980475935029e+00,1.054218059736240143e+01,1.155551839050214369e+01,1.279404235989516359e+01,1.425775250554145934e+01,1.594664882744103096e+01,1.786073132559387844e+01,2.000000000000000000e+01
8.816539147890580352e+00,8.928373756411675188e+00,9.263877581974957920e+00,9.823050624580428547e+00,1.060589288422808885e+01,1.161240436091793526e+01,1.284258505464997313e+01,1.429643496542419712e+01,1.597395409324061077e+01,1.787514243809921410e+01,2.000000000000000000e+01
8.891876161173165372e+00,9.002957399561433149e+00,9.336201114726238259e+00,9.891607306667580701e+00,1.066917597538545870e+01,1.166890712087987225e+01,1.289080074315082669e+01,1.433485684219831491e+01,1.600107541802233868e+01,1.788945647062290334e+01,2.000000000000000000e+01
8.966705669163300030e+00,9.077038612471666212e+00,9.408037442396768313e+00,9.959702158938602778e+00,1.073203276209717316e+01,1.172502925187247413e+01,1.293869162826451280e+01,1.437301989127328383e+01,1.602801404089878901e+01,1.790367407714103010e+01,2.000000000000000000e+01
9.041031090653564917e+00,9.150620779747027811e+00,9.479389847027421823e+00,1.002733829249474340e+01,1.079446611614899432e+01,1.178077331799017280e+01,1.298625989801828240e+01,1.441092585623331956e+01,1.605477119263528607e+01,1.791779590722417836e+01,2.000000000000000000e+01
9.114855821405951630e+00,9.223707263191892380e+00,9.550261588549714631e+00,1.009451879747941661e+01,1.085647888998100008e+01,1.183614186605446328e+01,1.303350772569980975e+01,1.444857646891703595e+01,1.608134809570614365e+01,1.793182260606713285e+01,2.000000000000000000e+01
9.188183234307022218e+00,9.296301401963951605e+00,9.620655904934741542e+00,1.016124674321939025e+01,1.091807391681789952e+01,1.189113742573026578e+01,1.308043726995649436e+01,1.448597344949658350e+01,1.610774596435052786e+01,1.794575481451833809e+01,2.000000000000000000e+01
9.261016679521992145e+00,9.368406512726771496e+00,9.690576012341113099e+00,1.022752517836501340e+01,1.097925401079847418e+01,1.194576250964149366e+01,1.312705067489407540e+01,1.452311850655621583e+01,1.613396600462791852e+01,1.795959316910917991e+01,2.000000000000000000e+01
9.333359484647802518e+00,9.440025889801324510e+00,9.760025105261890488e+00,1.029335713102950045e+01,1.104002196710415618e+01,1.200001961348585233e+01,1.317335007017459425e+01,1.456001333717038193e+01,1.616000941447321182e+01,1.797333830208308569e+01,2.000000000000000000e+01
9.405214954865153132e+00,9.511162805316502045e+00,9.829006356670547007e+00,1.035874560892728979e+01,1.110038056208673041e+01,1.205391121614886529e+01,1.321933757111369800e+01,1.459665962698122854e+01,1.618587738375145690e+01,1.798699084142438309e+01,2.000000000000000000e+01
9.476586373089492810e+00,9.581820509358596638e+00,9.897522918165913453e+00,1.042369359951143970e+01,1.116033255339517538e+01,1.210743977981712050e+01,1.326501527877727682e+01,1.463305905027564258e+01,1.621157109431221954e+01,1.800055141088700594e+01,2.000000000000000000e+01
9.547477000121029178e+00,9.652002230119819615e+00,9.965577920116189148e+00,1.048820407011013778e+01,1.121988068010166550e+01,1.216060775009077233e+01,1.331038528007745825e+01,1.466921327006172682e+01,1.623709172004357271e+01,1.801402063002299769e+01,2.000000000000000000e+01
9.617890074793693955e+00,9.721711174045756465e+00,1.003317447180194577e+01,1.055227996806226187e+01,1.127902766282670477e+01,1.221341755609526913e+01,1.335544964786796385e+01,1.470512393814478536e+01,1.626244042692573188e+01,1.802739911421080521e+01,2.000000000000000000e+01
9.687828814123118804e+00,9.790950525981886088e+00,1.010031566155819327e+01,1.061592422085203857e+01,1.133777620386342022e+01,1.226587161059233821e+01,1.340021044103879611e+01,1.474079269520279212e+01,1.628761837308432447e+01,1.804068747468339495e+01,2.000000000000000000e+01
9.757296413453619977e+00,9.859723449319083954e+00,1.016700455691547589e+01,1.067913973624279400e+01,1.139612898730104185e+01,1.231797231009021587e+01,1.344466970461031607e+01,1.477622117086134779e+01,1.631262670884330390e+01,1.805388631855619153e+01,2.000000000000000000e+01
9.826296046604181100e+00,9.928033086138139396e+00,1.023324420474001428e+01,1.074192940240980576e+01,1.145408867914751383e+01,1.236972203495313494e+01,1.348882946982667619e+01,1.481141098376813403e+01,1.633746657677750846e+01,1.806699624885479594e+01,2.000000000000000000e+01
9.894830866013460735e+00,9.995882557353324316e+00,1.029903763137292216e+01,1.080429608807224895e+01,1.151165792745130823e+01,1.242112314951009466e+01,1.353269175424861359e+01,1.484636374166686679e+01,1.636213911176484714e+01,1.808001786454255821e+01,2.000000000000000000e+01
9.962904002883814059e+00,1.006327496285497602e+01,1.036438784276846192e+01,1.086624264262427175e+01,1.156883936242240551e+01,1.247217800216285966e+01,1.357625856184564128e+01,1.488108104147074684e+01,1.638664544103817633e+01,1.809295176054792620e+01,2.000000000000000000e+01
1.003051856732436242e+01,1.013021338165111906e+01,1.042929782463138899e+01,1.092777189626517043e+01,1.162563559655246515e+01,1.252288892549327137e+01,1.361953188308759266e+01,1.491556446933542546e+01,1.641098668423677154e+01,1.810579852779163090e+01,2.000000000000000000e+01
1.009767764849307881e+01,1.019670087200814912e+01,1.049377054255335651e+01,1.098888666012870274e+01,1.168204922473418783e+01,1.257325823636980999e+01,1.366251369503557100e+01,1.494981560073147264e+01,1.643516395345751135e+01,1.811855875321368714e+01,2.000000000000000000e+01
1.016438431473791759e+01,1.026274047159053815e+01,1.055780894214840160e+01,1.104958972641150616e+01,1.173808282437985184e+01,1.262328823605343864e+01,1.370520596143226655e+01,1.498383600051633913e+01,1.645917835330565282e+01,1.813123301980020585e+01,2.000000000000000000e+01
1.023064161373702063e+01,1.032833519759965135e+01,1.062141594918754173e+01,1.110988386850068999e+01,1.179373895553909968e+01,1.267298121030276548e+01,1.374761063279169448e+01,1.501762722300588138e+01,1.648303098094532970e+01,1.814382190661003591e+01,2.000000000000000000e+01
1.029645257263794278e+01,1.039348804691156225e+01,1.068459446973242422e+01,1.116977184110052690e+01,1.184902016101587208e+01,1.272233942947845620e+01,1.378972964648828281e+01,1.505119081204535192e+01,1.650672292614965997e+01,1.815632598880121051e+01,2.000000000000000000e+01
1.036182019819595013e+01,1.045820199621399027e+01,1.074734739026811248e+01,1.122925638035831497e+01,1.190392896648459953e+01,1.277136514864696260e+01,1.383156492684540950e+01,1.508452830107993492e+01,1.653025527135054418e+01,1.816874583765723372e+01,2.000000000000000000e+01
1.042674747691141945e+01,1.052248000214230572e+01,1.080967757783496275e+01,1.128834020398939231e+01,1.195846788060559440e+01,1.282006060768356548e+01,1.387311838522330909e+01,1.511764121322482524e+01,1.655362909168811214e+01,1.818108202061317158e+01,2.000000000000000000e+01
1.049123737516625354e+01,1.058632500141459154e+01,1.087158788015960376e+01,1.134702601140129019e+01,1.201263939513965440e+01,1.286842803137469105e+01,1.391439192010640369e+01,1.515053106133479055e+01,1.657684545505985341e+01,1.819333510128159048e+01,2.000000000000000000e+01
1.055529283935942786e+01,1.064973991096583283e+01,1.093308112578504954e+01,1.140531648381707974e+01,1.206644598506191990e+01,1.291646962951957001e+01,1.395538741719003362e+01,1.518319934807330895e+01,1.659990542216939602e+01,1.820550563947829303e+01,2.000000000000000000e+01
1.061891679604159044e+01,1.071272762808117385e+01,1.099416012419992761e+01,1.146321428439784817e+01,1.211989010867493732e+01,1.296418759703119328e+01,1.399610674946661959e+01,1.521564756598121271e+01,1.662281004657497263e+01,1.821759419124790469e+01,2.000000000000000000e+01
1.068211215204879139e+01,1.077529103052830273e+01,1.105482766596683852e+01,1.152072205836440055e+01,1.217297420772098526e+01,1.301158411403659265e+01,1.403655177731122627e+01,1.524787719754488435e+01,1.664556037473756689e+01,1.822960130888927210e+01,2.000000000000000000e+01
1.074488179463526372e+01,1.083743297668891081e+01,1.111508652284985388e+01,1.157784243311809114e+01,1.222570070749362259e+01,1.305866134597644823e+01,1.407672434856656807e+01,1.527988971526398565e+01,1.666815744606869742e+01,1.824152754098070162e+01,2.000000000000000000e+01
1.080722859160535521e+01,1.089915630568930105e+01,1.117493944794114213e+01,1.163457801836087313e+01,1.227807201694849937e+01,1.310542144370401729e+01,1.411662629862742691e+01,1.531168658171873176e+01,1.669060229297792830e+01,1.825337343240502008e+01,2.000000000000000000e+01
1.086915539144454534e+01,1.096046383753009934e+01,1.123438917578676310e+01,1.169093140621453664e+01,1.233009052881341994e+01,1.315186654358340945e+01,1.415625945052450874e+01,1.534326924963671956e+01,1.671289594092003838e+01,1.826513952437446520e+01,2.000000000000000000e+01
1.093066502344957946e+01,1.102135837321508305e+01,1.129343842251159735e+01,1.174690517133911705e+01,1.238175861969764746e+01,1.319799876758718504e+01,1.419562561500773157e+01,1.537463916195928704e+01,1.673503940844184967e+01,1.827682635445542303e+01,2.000000000000000000e+01
1.099176029785774134e+01,1.108184269487916396e+01,1.135208988594343360e+01,1.180250187105054493e+01,1.243307865020050507e+01,1.324382022339330689e+01,1.423472659062895573e+01,1.540579775190744982e+01,1.675703370722878915e+01,1.828843445659297373e+01,2.000000000000000000e+01
1.105244400597525001e+01,1.114191956591549726e+01,1.141034624573624079e+01,1.185772404543747882e+01,1.248405296501921136e+01,1.328933300448143839e+01,1.427356416382416171e+01,1.543674644304737953e+01,1.677887984215109185e+01,1.829996436113529867e+01,2.000000000000000000e+01
1.111271892030477915e+01,1.120159173110173079e+01,1.146821016349258748e+01,1.191257421747734924e+01,1.253468389305601605e+01,1.333453919022858436e+01,1.431214010899505951e+01,1.546748664935543793e+01,1.680057881130971964e+01,1.831141659485790996e+01,2.000000000000000000e+01
1.117258779467212193e+01,1.126086191672539982e+01,1.152568428288523705e+01,1.196705489315163184e+01,1.258497374752458420e+01,1.337944084600409056e+01,1.435045618859015804e+01,1.549801977528278307e+01,1.682213160608196389e+01,1.832279168098770583e+01,2.000000000000000000e+01
1.123205336435202817e+01,1.131973283070850833e+01,1.158277122977794704e+01,1.202116856156034608e+01,1.263492482605570544e+01,1.342404002326402157e+01,1.438851415318529803e+01,1.552834721581953659e+01,1.684353921116673192e+01,1.833409013922688757e+01,2.000000000000000000e+01
1.129111834619315502e+01,1.137820716273122201e+01,1.163947361234542832e+01,1.207491769503577039e+01,1.268453941080225178e+01,1.346833875964486538e+01,1.442631574156362007e+01,1.555847035655850874e+01,1.686480260462953851e+01,1.834531248577670226e+01,2.000000000000000000e+01
1.134978543874219703e+01,1.143628758435477444e+01,1.169579402119251021e+01,1.212830474925539903e+01,1.273381976854344622e+01,1.351233907905664822e+01,1.446386268079500681e+01,1.558839057375852200e+01,1.688592275794719200e+01,1.835645923336101859e+01,2.000000000000000000e+01
1.140805732236718129e+01,1.149397674914350986e+01,1.175173502947249560e+01,1.218133216335413671e+01,1.278276815078843498e+01,1.355604299177538685e+01,1.450115668631499588e+01,1.561810923440726384e+01,1.690690063605218540e+01,1.836753089124976768e+01,2.000000000000000000e+01
1.146593665937992057e+01,1.155127729278612136e+01,1.180729919300472375e+01,1.223400236003572772e+01,1.283138679387913506e+01,1.359945249453494043e+01,1.453819946200314916e+01,1.564762769628375949e+01,1.692773719737677141e+01,1.837852796528218846e+01,2.000000000000000000e+01
1.152342609415765828e+01,1.160819183321608072e+01,1.186248905039135160e+01,1.228631774568346913e+01,1.287967791909243509e+01,1.364256957061824416e+01,1.457499270026090166e+01,1.567694730802040581e+01,1.694843339389675663e+01,1.838945095788995587e+01,2.000000000000000000e+01
1.158052825326386781e+01,1.166472297073122988e+01,1.191730712313331431e+01,1.233828071047012109e+01,1.292764373274165202e+01,1.368539618994790175e+01,1.461153808208887739e+01,1.570606940916457361e+01,1.696899017117499398e+01,1.840030036812013847e+01,2.000000000000000000e+01
1.163724574556828095e+01,1.172087328811259788e+01,1.197175591574555042e+01,1.238989362846713682e+01,1.297528642627735707e+01,1.372793430917621116e+01,1.464783727716369910e+01,1.573499533023982444e+01,1.698940846840458363e+01,1.841107669165797489e+01,2.000000000000000000e+01
1.169358116236604772e+01,1.177664535074238650e+01,1.202583791587140460e+01,1.244115885775310204e+01,1.302260817638748058e+01,1.377018587177453490e+01,1.468389194391427033e+01,1.576372639280668508e+01,1.700968921845177917e+01,1.842178042084955081e+01,2.000000000000000000e+01
1.174953707749615717e+01,1.183204170672119560e+01,1.207955559439631088e+01,1.249207874052150302e+01,1.306961114509677380e+01,1.381215280812211788e+01,1.471970372959754059e+01,1.579226390952304016e+01,1.702983334789861658e+01,1.843241204472427341e+01,2.000000000000000000e+01
1.180511604745900911e+01,1.188706488698441888e+01,1.213291140556064995e+01,1.254265560318769879e+01,1.311629747986557071e+01,1.385383703559425683e+01,1.475527427037376782e+01,1.582060918420409479e+01,1.704984177708524484e+01,1.844297204901721443e+01,2.000000000000000000e+01
1.186032061153323269e+01,1.194171740541790072e+01,1.218590778707190303e+01,1.259289175649524140e+01,1.316266931368791759e+01,1.389524045864992452e+01,1.479060519138126928e+01,1.584876351188195009e+01,1.706971542015196519e+01,1.845346091619131812e+01,2.000000000000000000e+01
1.191515329189167538e+01,1.199600175897275811e+01,1.223854716021600986e+01,1.264278949562142529e+01,1.320872876518900974e+01,1.393636496891875609e+01,1.482569810681067324e+01,1.587672817886475585e+01,1.708945518508100392e+01,1.846387912545942100e+01,2.000000000000000000e+01
1.196961659371666542e+01,1.204992042777949912e+01,1.229083192996799845e+01,1.269235110028216518e+01,1.325447793872200108e+01,1.397721244528749907e+01,1.486055461997866622e+01,1.590450446279550079e+01,1.710906197373800097e+01,1.847422715280616856e+01,2.000000000000000000e+01
1.202371300531444831e+01,1.210347587526130475e+01,1.234276448510187230e+01,1.274157883483614917e+01,1.329991892446413893e+01,1.401778475398583623e+01,1.489517632340124820e+01,1.593209363271036949e+01,1.712853668191320367e+01,1.848450547100974717e+01,2.000000000000000000e+01
1.207744499822887896e+01,1.215667054824658955e+01,1.239434719829972487e+01,1.279047494838827959e+01,1.334505379851225904e+01,1.405808374867165966e+01,1.492956479886648324e+01,1.595949694909672800e+01,1.714788019936239749e+01,1.849471454966348816e+01,2.000000000000000000e+01
1.213081502735433048e+01,1.220950687708078775e+01,1.244558242626015776e+01,1.283904167489244230e+01,1.338988462297763959e+01,1.409811127051574786e+01,1.496372161750677243e+01,1.598671566395070975e+01,1.716709340984755983e+01,1.850485485519732620e+01,2.000000000000000000e+01
1.218382553104787114e+01,1.226198727573739333e+01,1.249647250980595636e+01,1.288728123325356378e+01,1.343441344608021382e+01,1.413786914828590291e+01,1.499764833987063817e+01,1.601375102083441604e+01,1.718617719117723652e+01,1.851492685089909784e+01,2.000000000000000000e+01
1.223647893124065433e+01,1.231411414192824871e+01,1.254701977399103008e+01,1.293519582742899665e+01,1.347864230224215198e+01,1.417735919843049075e+01,1.503134651599402005e+01,1.604060425493273456e+01,1.720513241524663783e+01,1.852493099693572631e+01,2.000000000000000000e+01
1.228877763354857322e+01,1.236588985721308731e+01,1.259722652820663136e+01,1.298278764652920181e+01,1.352257321218080222e+01,1.421658322516142903e+01,1.506481768547108757e+01,1.606727659310977430e+01,1.722395994807748565e+01,1.853486775037423229e+01,2.000000000000000000e+01
1.234072402738217278e+01,1.241731678710835141e+01,1.264709506628688551e+01,1.303005886491777687e+01,1.356620818300102727e+01,1.425554302053662958e+01,1.509806337752459093e+01,1.609376925396490776e+01,1.724266064985758362e+01,1.854473756520261674e+01,2.000000000000000000e+01
1.239232048605580871e+01,1.246839728119524970e+01,1.269662766661357622e+01,1.307701164231078472e+01,1.360954920828688053e+01,1.429424036454185654e+01,1.513108511107571630e+01,1.612008344788846159e+01,1.726123537498009242e+01,1.855454089235060522e+01,2.000000000000000000e+01
1.244356936689608339e+01,1.251913367322712212e+01,1.274582659222024006e+01,1.312364812387543545e+01,1.365259826819271183e+01,1.433267702517206210e+01,1.516388439481349337e+01,1.614622037711700386e+01,1.727968497208259180e+01,1.856427817971025718e+01,2.000000000000000000e+01
1.249447301134955346e+01,1.256952828123605848e+01,1.279469409089557175e+01,1.316997044032809505e+01,1.369535732953362661e+01,1.437085475851216465e+01,1.519646272726371450e+01,1.617218123578827260e+01,1.729801028408584074e+01,1.857394987215641891e+01,2.000000000000000000e+01
1.254503374508969138e+01,1.261958340763879427e+01,1.284323239528610294e+01,1.321598070803161917e+01,1.373782834587534118e+01,1.440877530881726898e+01,1.522882159685740078e+01,1.619796720999574546e+01,1.731621214823228883e+01,1.858355641156704507e+01,2.000000000000000000e+01
1.259525387812314712e+01,1.266930133934191538e+01,1.289144372299822194e+01,1.326168102909206326e+01,1.378001325762344464e+01,1.444644040859236078e+01,1.526096248199881344e+01,1.622357947784280441e+01,1.733429139612433545e+01,1.859309823684339946e+01,2.000000000000000000e+01
