0.000000000000000000e+00,5.540166204986148729e-02,2.216066481994459492e-01,4.986149584487534203e-01,8.864265927977837967e-01,1.385041551246537272e+00,1.994459833795013681e+00,2.714681440443213134e+00,3.545706371191135187e+00,4.487534626038780061e+00,5.540166204986149090e+00,6.703601108033241829e+00,7.977839335180054725e+00,9.362880886426589555e+00,1.085872576177285254e+01,1.246537396121883745e+01,1.418282548476454075e+01,1.601108033240996775e+01,1.795013850415512024e+01,2.000000000000000000e+01
1.307176484804486449e+00,1.358957159361814826e+00,1.514299183033799512e+00,1.773202555820440951e+00,2.135667277721739143e+00,2.601693348737693867e+00,3.171280768868304900e+00,3.844429538113572242e+00,4.621139656473497226e+00,5.501411123948077631e+00,6.485243940537315233e+00,7.572638106241210920e+00,8.763593621059760252e+00,1.005811048499296412e+01,1.145618869804083140e+01,1.295782826020335321e+01,1.456302917148052778e+01,1.627179143187235866e+01,1.808411504137884762e+01,2.000000000000000000e+01
2.528917451487682211e+00,2.577313802037577872e+00,2.722502853687264412e+00,2.964484606436742720e+00,3.303259060286012350e+00,3.738826215235072858e+00,4.271186071283924690e+00,4.900338628432566956e+00,5.626283886681001434e+00,6.449021846029226346e+00,7.368552506477243469e+00,8.384875868025051915e+00,9.497991930672650795e+00,1.070790069442003833e+01,1.201460215926722341e+01,1.341809632521419715e+01,1.491838319226095777e+01,1.651546276040751238e+01,1.820933502965385742e+01,2.000000000000000000e+01
3.670806865062350433e+00,3.716040087042787210e+00,3.851739752984097098e+00,4.077905862886280097e+00,4.394538416749337983e+00,4.801637414573267648e+00,5.299202856358071756e+00,5.887234742103748530e+00,6.565733071810299748e+00,7.334697845477721856e+00,8.194129063106020183e+00,9.144026724695191177e+00,1.018439083024523484e+01,1.131522137975615117e+01,1.253651837322794371e+01,1.384828181066060893e+01,1.525051169205414503e+01,1.674320801740855202e+01,1.832637078672383879e+01,2.000000000000000000e+01
4.738063729153417114e+00,4.780340560928615368e+00,4.907171056254209240e+00,5.118555215130200509e+00,5.414493037556589172e+00,5.794984523533374343e+00,6.260029673060555133e+00,6.809628486138132430e+00,7.443780962766107123e+00,8.162487102944478323e+00,8.965746906673246031e+00,9.853560373952410245e+00,1.082592750478197097e+01,1.188284829916192464e+01,1.302432275709228193e+01,1.425035087857303395e+01,1.556093266360417715e+01,1.695606811218571863e+01,1.843575722431765840e+01,2.000000000000000000e+01
5.735565939445184114e+00,5.775079607202954435e+00,5.893620610476261845e+00,6.091188949265109898e+00,6.367784623569496816e+00,6.723407633389423488e+00,7.158057978724889026e+00,7.671735659575892541e+00,8.264440675942436698e+00,8.936173027824519721e+00,9.686932715222141610e+00,1.051671973813530414e+01,1.142553409656400198e+01,1.241337579050824047e+01,1.348024481996801960e+01,1.462614118494333937e+01,1.585106488543419268e+01,1.715501592144058662e+01,1.853799429296252299e+01,2.000000000000000000e+01
6.667872578095255243e+00,6.704803678986959170e+00,6.815596981662065623e+00,7.000252486120580819e+00,7.258770192362501206e+00,7.591150100387827671e+00,7.997392210196559326e+00,8.477496521788696171e+00,9.031463035164239983e+00,9.659291750323188097e+00,1.036098266726554407e+01,1.113653578599130611e+01,1.198595110650047246e+01,1.290922862879304134e+01,1.390636835286902162e+01,1.497737027872840798e+01,1.612223440637119509e+01,1.734096073579738828e+01,1.863354926700699110e+01,2.000000000000000000e+01
7.539244751011802137e+00,7.573762078571327550e+00,7.677314061249897570e+00,7.849900699047518415e+00,8.091521991964187421e+00,8.402177939999903700e+00,8.781868543154670803e+00,9.230593801428481626e+00,9.748353714821345051e+00,1.033514828333325397e+01,1.099097750696421016e+01,1.171584138571421718e+01,1.250973991958327147e+01,1.337267310857137304e+01,1.430464095267852365e+01,1.530564345190472331e+01,1.637568060624996846e+01,1.751475241571426267e+01,1.872285888029760414e+01,2.000000000000000000e+01
8.353665063230874210e+00,8.385926378845194762e+00,8.482710325688149311e+00,8.644016903759744963e+00,8.869846113059978165e+00,9.160197953588847142e+00,9.515072425346355445e+00,9.934469528332499522e+00,1.041838926254728470e+01,1.096683162799070566e+01,1.157979662466276594e+01,1.225728425256346199e+01,1.299929451169279737e+01,1.380582740205076853e+01,1.467688292363738078e+01,1.561246107645262882e+01,1.661256186049651262e+01,1.767718527576903753e+01,1.880633132227019644e+01,2.000000000000000000e+01
9.114855821405951630e+00,9.145008575363277714e+00,9.235466837235247084e+00,9.386230607021868622e+00,9.597299884723140551e+00,9.868674670339057542e+00,1.020035496386962492e+01,1.059234076531483737e+01,1.104463207467470376e+01,1.155722889194921521e+01,1.213013121713837350e+01,1.276333905024218396e+01,1.345685239126064126e+01,1.421067124019374539e+01,1.502479559704149992e+01,1.589922546180390484e+01,1.683396083448095482e+01,1.782900171507265341e+01,1.888434810357900062e+01,2.000000000000000000e+01
9.826296046604181100e+00,9.854478052015251066e+00,9.939024068248455634e+00,1.007993409530380013e+01,1.027720813318128279e+01,1.053084618188090005e+01,1.084084824140265724e+01,1.120721431174654903e+01,1.162994439291258253e+01,1.210903848490075063e+01,1.264449658771105689e+01,1.323631870134349953e+01,1.388450482579808209e+01,1.458905496107479749e+01,1.534996910717365637e+01,1.616724726409465163e+01,1.704088943183777971e+01,1.797089561040304773e+01,1.895726579979045212e+01,2.000000000000000000e+01
1.049123737516625354e+01,1.051757743783892352e+01,1.059659762585693166e+01,1.072829793922027974e+01,1.091267837792896955e+01,1.114973894198299575e+01,1.143947963138236190e+01,1.178190044612706622e+01,1.217700138621711226e+01,1.262478245165249469e+01,1.312524364243321884e+01,1.367838495855928294e+01,1.428420640003068343e+01,1.494270796684742386e+01,1.565388965900950602e+01,1.641775147651692635e+01,1.723429341936968484e+01,1.810351548756778328e+01,1.902541768111121812e+01,2.000000000000000000e+01
1.111271892030477915e+01,1.113733742745074906e+01,1.121119294888865703e+01,1.133428548461850838e+01,1.150661503464030133e+01,1.172818159895403234e+01,1.199898517755970495e+01,1.231902577045731384e+01,1.268830337764686789e+01,1.310681799912835999e+01,1.357456963490179191e+01,1.409155828496716722e+01,1.465778394932447881e+01,1.527324662797373023e+01,1.593794632091492502e+01,1.665188302814805965e+01,1.741505674967313411e+01,1.822746748549014839e+01,1.908911523559910250e+01,2.000000000000000000e+01
1.169358116236604772e+01,1.171659063283040858e+01,1.178561904422348583e+01,1.190066639654528480e+01,1.206173268979580726e+01,1.226881792397504611e+01,1.252192209908300669e+01,1.282104521511968542e+01,1.316618727208508588e+01,1.355734826997920450e+01,1.399452820880204484e+01,1.447772708855360513e+01,1.500694490923388358e+01,1.558218167084288197e+01,1.620343737338060208e+01,1.687071201684704391e+01,1.758400560124220036e+01,1.834331812656607852e+01,1.914864959281867840e+01,2.000000000000000000e+01
1.223647893124065433e+01,1.225798452976907527e+01,1.232250132535433096e+01,1.243002931799642674e+01,1.258056850769536439e+01,1.277411889445113680e+01,1.301068047826374929e+01,1.329025325913319655e+01,1.361283723705948745e+01,1.397843241204261311e+01,1.438703878408257708e+01,1.483865635317938292e+01,1.533328511933302529e+01,1.587092508254350420e+01,1.645157624281082676e+01,1.707523860013498407e+01,1.774191215451597969e+01,1.845159690595381363e+01,1.920429285444848588e+01,2.000000000000000000e+01
