6.196182717738918377e-02,2.613261577747489350e-01,8.594191495668281888e-01,1.856240818643484669e+00,3.251791235399859925e+00,5.046070724966702059e+00,7.239080810380125186e+00,9.830828701609226172e+00,1.282134881058585485e+01,1.621080645163689837e+01,2.000000000000000000e+01
1.241446569148415141e-01,3.228730912394585650e-01,9.190583942133097040e-01,1.912700723616302056e+00,3.303800682291361923e+00,5.092360642173966667e+00,7.278389766019567553e+00,9.861922163145763420e+00,1.284307627232734461e+01,1.622220754788849106e+01,2.000000000000000000e+01
1.865158412107538466e-01,3.846083695275531178e-01,9.788859544779509037e-01,1.969349329622250400e+00,3.356000934156439630e+00,5.138848895390601079e+00,7.317918920930813975e+00,9.893285754190607406e+00,1.286513836788476794e+01,1.623385225431603018e+01,2.000000000000000000e+01
2.490453271044875960e-01,4.465022381999305123e-01,1.038872971486259233e+00,2.026159708537143889e+00,3.408368776624553398e+00,5.185518078355762839e+00,7.357654381615422956e+00,9.924886594546476815e+00,1.288743079126720303e+01,1.624564268692460445e+01,2.000000000000000000e+01
3.117056889666294794e-01,5.085276385154863243e-01,1.098993487162056804e+00,2.083107982060745655e+00,3.460883251034515773e+00,5.232348852254485649e+00,7.397570307727675321e+00,9.956676522379867222e+00,1.290988808850137204e+01,1.625752855683199272e+01,2.000000000000000000e+01
3.744721115421525970e-01,5.706601046492317808e-01,1.159224083970469277e+00,2.140172276998659306e+00,3.513523516252457846e+00,5.279318283022410796e+00,7.437635518407092583e+00,9.988613161576239463e+00,1.293246467494059537e+01,1.626947976725290701e+01,2.000000000000000000e+01
4.373221664023128619e-01,6.328774409942968804e-01,1.219543264770248880e+00,2.197331718900347397e+00,3.566268099448135054e+00,5.326401624484564223e+00,7.477819411639265113e+00,1.002066102223855104e+01,1.295512731782558191e+01,1.628147609739688306e+01,2.000000000000000000e+01
5.002353789694957698e-01,6.951592498783804031e-01,1.279930862605034303e+00,2.254565957958032385e+00,3.619095291699107264e+00,5.373574253463276662e+00,7.518093870772029952e+00,1.005279067831197359e+01,1.297785072551691243e+01,1.629350296912616614e+01,2.000000000000000000e+01
5.631927435148688099e-01,7.574864756026035151e-01,1.340367671865807520e+00,2.311855150425820682e+00,3.671983788686000061e+00,5.420812743116655952e+00,7.558433769283804615e+00,1.008497761553451078e+01,1.300061502291197790e+01,1.630554934414457335e+01,2.000000000000000000e+01
6.261763433338519702e-01,8.198410817922208160e-01,1.400835297167327242e+00,2.369180123123546089e+00,3.724913181678532137e+00,5.468095366596725349e+00,7.598816908500118927e+00,1.011720124704961776e+01,1.302340420133266541e+01,1.631760656664339493e+01,2.000000000000000000e+01
6.891691290494984523e-01,8.822058804269015120e-01,1.461316134559110580e+00,2.426522555353472388e+00,3.777864258798584451e+00,5.515402268053949619e+00,7.639223760720559753e+00,1.014944413867590534e+01,1.304620511786514037e+01,1.632966767110285033e+01,2.000000000000000000e+01
7.521548274351607111e-01,9.445644734407688814e-01,1.521793411457593725e+00,2.483865119086987594e+00,3.830819155017716415e+00,5.562715457094754790e+00,7.679637163825388413e+00,1.018169141167588521e+01,1.306900681959425370e+01,1.634172694126963066e+01,2.000000000000000000e+01
8.151179303203207605e-01,1.006901258012516953e+00,1.582251241089105642e+00,2.541191566003044411e+00,3.883761399296223882e+00,5.610018715657978383e+00,7.720042024540597403e+00,1.021393028161343608e+01,1.309180006956515996e+01,1.635377961452853413e+01,2.000000000000000000e+01
8.780437207253358745e-01,1.069201457776759900e+00,1.642674668931031867e+00,2.598486767733543257e+00,3.936675897310343508e+00,5.657297466334106240e+00,7.760425050413993553e+00,1.024614969898922290e+01,1.311457700330406162e+01,1.636582167535435417e+01,2.000000000000000000e+01
9.409183080399081689e-01,1.131451156507265132e+00,1.703049701909336244e+00,2.655736720009028051e+00,3.989548876481189943e+00,5.704538628404455913e+00,7.800774515321372782e+00,1.027834006587214510e+01,1.313733087297099189e+01,1.637784970595854972e+01,2.000000000000000000e+01
1.003728656772268524e+00,1.193637322169655679e+00,1.763363318361816923e+00,2.712928520866599857e+00,4.042367810710100429e+00,5.751730475218009175e+00,7.841080057256311520e+00,1.031049300972247806e+01,1.316005585223676100e+01,1.638986077513917650e+01,2.000000000000000000e+01
1.066462602093866119e+00,1.255747816656487270e+00,1.823603460344350280e+00,2.770050331188314008e+00,4.095121335738290291e+00,5.798862499538441462e+00,7.881332505000417932e+00,1.034260120075042266e+01,1.318274688443527687e+01,1.640185235352756266e+01,2.000000000000000000e+01
1.129108850590871960e+00,1.317771390775033691e+00,1.883759011327518662e+00,2.827091323870699391e+00,4.147799161785767907e+00,5.845925289684323012e+00,7.921523729769043065e+00,1.037465820283010132e+01,1.320539956232695644e+01,1.641382224761639819e+01,2.000000000000000000e+01
1.191656967362157316e+00,1.379697666191510352e+00,1.943819762679569907e+00,2.884041626269334024e+00,4.200391987409409111e+00,5.892910417251406408e+00,7.961646518100662817e+00,1.040665835059589739e+01,1.322801003145913512e+01,1.642576854749600201e+01,2.000000000000000000e+01
1.254097351800737448e+00,1.441517106882457933e+00,2.003776372127619165e+00,2.940892259271889575e+00,4.252891416822355275e+00,5.939810336162364202e+00,8.001694462675494890e+00,1.043859664720529601e+01,1.325057491147892463e+01,1.643768958482062459e+01,2.000000000000000000e+01
1.316421204719937510e+00,1.503220982777603520e+00,2.063620316950601552e+00,2.997635075381364533e+00,4.305289881867993884e+00,5.986618292294364707e+00,8.041661868222846010e+00,1.047046867858951735e+01,1.327309123133307622e+01,1.644958389855824521e+01,2.000000000000000000e+01
1.378620489356956691e+00,1.564801328056345975e+00,2.123343844154513604e+00,3.054262697470802479e+00,4.357580569200296239e+00,6.033328242738690506e+00,8.081543670127764756e+00,1.050227054098790802e+01,1.329555637536770973e+01,1.646145020676316761e+01,2.000000000000000000e+01
1.440687888455020271e+00,1.626250896190658768e+00,2.182939919397574258e+00,3.110768459340686576e+00,4.409757352834289712e+00,6.079934783708465851e+00,8.121335363746958080e+00,1.053399877928226580e+01,1.331796803809357854e+01,1.647328738307797025e+01,2.000000000000000000e+01
1.502616759230517296e+00,1.687563113424680461e+00,2.242402176007169956e+00,3.167146348821920920e+00,4.461814731999822037e+00,6.126433086151523710e+00,8.161032942784190780e+00,1.056565033418600308e+01,1.334032418591957558e+01,1.648509443699769506e+01,2.000000000000000000e+01
1.564401087645761024e+00,1.748732032002721093e+00,2.301724865073600856e+00,3.223390953884112342e+00,4.513747774098449739e+00,6.172818838201972191e+00,8.200632845359670853e+00,1.059722249675095362e+01,1.336262302454711026e+01,1.649687049716127873e+01,2.000000000000000000e+01
1.626035443064469677e+00,1.809752284127460031e+00,2.360902807316431318e+00,3.279497412003561152e+00,4.565552062490398022e+00,6.219088193692560829e+00,8.240131906642185200e+00,1.062871286896681688e+01,1.338486297100613598e+01,1.650861479710404822e+01,2.000000000000000000e+01
1.687514934077319895e+00,1.870619037355705228e+00,2.419931347190861004e+00,3.335461362897786053e+00,4.617223648802888825e+00,6.265237726038443533e+00,8.279527317105022988e+00,1.066011932946909191e+01,1.340704262952973735e+01,1.652032666302977759e+01,2.000000000000000000e+01
1.748835166049332868e+00,1.931327951918193842e+00,2.478806309524777429e+00,3.391278904628702850e+00,4.668759009438559815e+00,6.311264386885493849e+00,8.318816585623496351e+00,1.069144000355931112e+01,1.342916077062821856e+01,1.653200550325412621e+01,2.000000000000000000e+01
1.809992200754373615e+00,1.991875140276539780e+00,2.537523958843038052e+00,3.446946553003677138e+00,4.720155005964088879e+00,6.357165468990671364e+00,8.357997506759996753e+00,1.072267323688851626e+01,1.345121631284978925e+01,1.654365079904231450e+01,2.000000000000000000e+01
1.870982518317762855e+00,2.052257129097245336e+00,2.596080961435693002e+00,3.502461204154380781e+00,4.771408849069080027e+00,6.402938572867504341e+00,8.397068131686996395e+00,1.075381757227146551e+01,1.347320830681270998e+01,1.655526209661850956e+01,2.000000000000000000e+01
1.931802981578567113e+00,2.112470823722448099e+00,2.654474350154090612e+00,3.557820100141517727e+00,4.822518065799927811e+00,6.448581576786975411e+00,8.436026742284038704e+00,1.078487172919166603e+01,1.349513592117044425e+01,1.656683900016660971e+01,2.000000000000000000e+01
1.992450802901906348e+00,2.172513475143229567e+00,2.712701491867199444e+00,3.613020797414467467e+00,4.873480469790797187e+00,6.494092609773678859e+00,8.474871828014935105e+00,1.081583458563130939e+01,1.351699843023168235e+01,1.657838116567529951e+01,2.000000000000000000e+01
2.052923513412631795e+00,2.232382649428256816e+00,2.770760057475132321e+00,3.668061137945187067e+00,4.924294134232296116e+00,6.539470027280071207e+00,8.513602065249273210e+00,1.084670516192005607e+01,1.353879520300518635e+01,1.658988829550653321e+01,2.000000000000000000e+01
2.113218934580189501e+00,2.292076199523604974e+00,2.828647994353851836e+00,3.722939222852790220e+00,4.974957367337223602e+00,6.584712389258774223e+00,8.552216298740184186e+00,1.087748260634472430e+01,1.356052569347787795e+01,1.660136013358719609e+01,2.000000000000000000e+01
2.173335152056292241e+00,2.351592239315067889e+00,2.886363501091395278e+00,3.777653388337052665e+00,5.025468690081186018e+00,6.629818440385101042e+00,8.590713525010155394e+00,1.090816618230149970e+01,1.358218943196543904e+01,1.661279646114058650e+01,2.000000000000000000e+01
2.233270491649057998e+00,2.410929119829079426e+00,2.943905004369143708e+00,3.832202183744241708e+00,5.075826816013607079e+00,6.674787092209932382e+00,8.629092877429965114e+00,1.093875525680441285e+01,1.360378601739996718e+01,1.662419709288762348e+01,2.000000000000000000e+01
2.293023497306889258e+00,2.470085407440156811e+00,3.001271137839958580e+00,3.886584351596011899e+00,5.126030632951549926e+00,6.719617407047446811e+00,8.667353612803742280e+00,1.096924929019054851e+01,1.362531511043949806e+01,1.663556187365866279e+01,2.000000000000000000e+01
2.352592910980712215e+00,2.529059863949743914e+00,3.058460722856839009e+00,3.940798809420893445e+00,5.176079186384566988e+00,6.764308583423533250e+00,8.705495099296832961e+00,1.099964782688445375e+01,1.364677642730120155e+01,1.664689067536563982e+01,2.000000000000000000e+01
2.411977654232562163e+00,2.587851428401962472e+00,3.115472750910163402e+00,3.994844633237407905e+00,5.225971664433629371e+00,6.808859942929369247e+00,8.743516805563190886e+00,1.102995048710265102e+01,1.366816973423381754e+01,1.665818339429169015e+01,2.000000000000000000e+01
2.471176811460880973e+00,2.646459200505062448e+00,3.172306367637605984e+00,4.048721042547786197e+00,5.275707384220899243e+00,6.853270918341093143e+00,8.781418290946200855e+00,1.106015695939469090e+01,1.368949484255652749e+01,1.666943994866125323e+01,2.000000000000000000e+01
2.530189614617226024e+00,2.704882425532415091e+00,3.228960858277983181e+00,4.102427386711179125e+00,5.325285779519777662e+00,6.897541042881014661e+00,8.819199196641566374e+00,1.109026699393016990e+01,1.371075160420102002e+01,1.668066027645881633e+01,2.000000000000000000e+01
2.589015429294806658e+00,2.763120480583094007e+00,3.285435634447956055e+00,4.155963132575023700e+00,5.374706389566413556e+00,6.941669940508639058e+00,8.856859237723581302e+00,1.112028039645226762e+01,1.373193990770169570e+01,1.669184433346870478e+01,2.000000000000000000e+01
2.647653742075778194e+00,2.821172862088968447e+00,3.341730222128539207e+00,4.209327853252669449e+00,5.423968848924471509e+00,6.985657317141158451e+00,8.894398195947175623e+00,1.115019702282789282e+01,1.375305967458584000e+01,1.670299209151164987e+01,2.000000000000000000e+01
2.706104149031196560e+00,2.879039174462486361e+00,3.397844250756356210e+00,4.262521217944334140e+00,5.473072878304932054e+00,7.029502952713217567e+00,8.931815913247726613e+00,1.118001677413259287e+01,1.377411085612134833e+01,1.671410353685714512e+01,2.000000000000000000e+01
2.764366345274689163e+00,2.936719119786617149e+00,3.453777443322401997e+00,4.315542982706980446e+00,5.522018276251565716e+00,7.073206693994781524e+00,8.969112285868973800e+00,1.120973959221549165e+01,1.379509343038474611e+01,1.672517866879293891e+01,2.000000000000000000e+01
2.822440115477981681e+00,2.994212488455653354e+00,3.509529607388667927e+00,4.368392982086672482e+00,5.570804911611009658e+00,7.116768448094000554e+00,9.006287259056881211e+00,1.123936545569559620e+01,1.381600739961639057e+01,1.673621749833532490e+01,2.000000000000000000e+01
2.880325325263387359e+00,3.051519150682590720e+00,3.565100626940199469e+00,4.421071121534382087e+00,5.619432716713832932e+00,7.160188176579193708e+00,9.043340822263658652e+00,1.126889437634613067e+01,1.383685278783364403e+01,1.674722004706566381e+01,2.000000000000000000e+01
2.938021913395010731e+00,3.108639048795494020e+00,3.620490454996943885e+00,4.473577370533151409e+00,5.667901681199794872e+00,7.203465890160526186e+00,9.080273004812017490e+00,1.129832639582822651e+01,1.385762963867590081e+01,1.675818634608041435e+01,2.000000000000000000e+01
2.995529884696779277e+00,3.165572190251626949e+00,3.675699106916170855e+00,4.525911756370838646e+00,5.716211846426737964e+00,7.246601643877787602e+00,9.117083871974784870e+00,1.132766158273940427e+01,1.387833801345827389e+01,1.676911643504305260e+01,2.000000000000000000e+01
3.052849303631392619e+00,3.222318641304088516e+00,3.730726654322176650e+00,4.578074358498596119e+00,5.764363300408159141e+00,7.289595532745863693e+00,9.153773521429537041e+00,1.135690002994583203e+01,1.389897798941320062e+01,1.678001036132783241e+01,2.000000000000000000e+01
3.109980288479863741e+00,3.278878521261280099e+00,3.785573219605530060e+00,4.630065303420576761e+00,5.812356173229672684e+00,7.332447687814201309e+00,9.190342080051989271e+00,1.138604185217065812e+01,1.391954965810141687e+01,1.679086817924617492e+01,2.000000000000000000e+01
3.166923006066558077e+00,3.335251997284717440e+00,3.840238970939195084e+00,4.681884760065344153e+00,5.860190632899209717e+00,7.375158272600778275e+00,9.226789701015455591e+00,1.141508718381339271e+01,1.394005312397564822e+01,1.680168994934758331e+01,2.000000000000000000e+01
3.223677666979443135e+00,3.391439279675485086e+00,3.894724117763610938e+00,4.733532935593967039e+00,5.907866881590063457e+00,7.417727479864923090e+00,9.263116561166926388e+00,1.144403617697798126e+01,1.396048850308212153e+01,1.681247573778774296e+01,2.000000000000000000e+01
3.280244521239729760e+00,3.447440617604067281e+00,3.949028906697079844e+00,4.785010071603914561e+00,5.955385152239690782e+00,7.460155528686692072e+00,9.299322858653223278e+00,1.147288899968933151e+01,1.398085592188646942e+01,1.682322561575726638e+01,2.000000000000000000e+01
3.336623854379193954e+00,3.503256295242347829e+00,4.003153617831809896e+00,4.836316440691633467e+00,6.002745705470690751e+00,7.502442661823676140e+00,9.335408810773259347e+00,1.150164583428018439e+01,1.400115551621200005e+01,1.683393965896516065e+01,2.000000000000000000e+01
3.392815983887222497e+00,3.558886628260308882e+00,4.057098561379568480e+00,4.887452343340135563e+00,6.049948826803531077e+00,7.544589143318873425e+00,9.371374652034802466e+00,1.153030687593186876e+01,1.402138743027944834e+01,1.684461794717176275e+01,2.000000000000000000e+01
3.448821255993075763e+00,3.614331960653359488e+00,4.110864074634211107e+00,4.938418105101040290e+00,6.096994824133471269e+00,7.586595256335758819e+00,9.407220632396178672e+00,1.155887233135425873e+01,1.404155181583845291e+01,1.685526056376632198e+01,2.000000000000000000e+01
3.504640042752031892e+00,3.669592661869365724e+00,4.164450519221366775e+00,4.989214074043361258e+00,6.143884025446695318e+00,7.628461301198981914e+00,9.442947015675311917e+00,1.158734241759152894e+01,1.406164883138192323e+01,1.686586759538493041e+01,2.000000000000000000e+01
3.560272739406943998e+00,3.724669124207289350e+00,4.217858278608326295e+00,5.039840618443928832e+00,6.190616776753062211e+00,7.670187593621201394e+00,9.478554078110116521e+00,1.161571736094171570e+01,1.408167864143539383e+01,1.687643913156496822e+01,2.000000000000000000e+01
3.615719761999368398e+00,3.779561760461939812e+00,4.271087755849654499e+00,5.090298124696650994e+00,6.237193440214983120e+00,7.711774463098371335e+00,9.514042107055878716e+00,1.164399739597920735e+01,1.410164141591412523e+01,1.688697526443251107e+01,2.000000000000000000e+01
3.670981545206829733e+00,3.834271001791712763e+00,4.324139371546363186e+00,5.140586995420010297e+00,6.283614392453896080e+00,7.753222251457515313e+00,9.549411399806546186e+00,1.167218276467036198e+01,1.412153732954152652e+01,1.689747608841961224e+01,2.000000000000000000e+01
3.726058540384954210e+00,3.888797295788344766e+00,4.377013561998516877e+00,5.190707647744052800e+00,6.329880023017513402e+00,7.794531311542533203e+00,9.584662262528198085e+00,1.170027371557333851e+01,1.414136656132302505e+01,1.690794170000849306e+01,2.000000000000000000e+01
3.780951213795181953e+00,3.943141104729648738e+00,4.429710777533048649e+00,5.240660511759964280e+00,6.375990732992664611e+00,7.835702006024942712e+00,9.619795009294000110e+00,1.172827050311417274e+01,1.416112929407009347e+01,1.691837219750020083e+01,2.000000000000000000e+01
3.835660045000589324e+00,3.997302903998007473e+00,4.482231480990262362e+00,5.290446029116847804e+00,6.421946933749945963e+00,7.876734706327737534e+00,9.654809961211030966e+00,1.175617338693182923e+01,1.418082571396967317e+01,1.692876768080532202e+01,2.000000000000000000e+01
3.890185525413958345e+00,4.051283180648977300e+00,4.534576146354034165e+00,5.340064651751814218e+00,6.467749045807715369e+00,7.917629791651608073e+00,9.689707445630235227e+00,1.178398263128564771e+01,1.420045601019466908e+01,1.693912825125468657e+01,2.000000000000000000e+01
3.944528156983749145e+00,4.105082432115855440e+00,4.586745257512173879e+00,5.389516840740780523e+00,6.513397497804128022e+00,7.958387648093878219e+00,9.724487795431665305e+00,1.181169850451930792e+01,1.422002037455158785e+01,1.694945401142810226e+01,2.000000000000000000e+01
3.998688451004942745e+00,4.158701165037363090e+00,4.638739307134624568e+00,5.438803065258578151e+00,6.558892725566999538e+00,7.999008667851308374e+00,9.759151348377793411e+00,1.183932127857588945e+01,1.423951900116182756e+01,1.695974506499951318e+01,2.000000000000000000e+01
4.052666927042987588e+00,4.212139894196837986e+00,4.690558795658390956e+00,5.487923801638013188e+00,6.604235171272243576e+00,8.039493248498887468e+00,9.793698446528535939e+00,1.186685122855922891e+01,1.425895208617339627e+01,1.697000151659690914e+01,2.000000000000000000e+01
4.106464111960137053e+00,4.265399141562376428e+00,4.742204230369095441e+00,5.536879532518548253e+00,6.649425282682485339e+00,8.079841792337365547e+00,9.828129435712037676e+00,1.189428863233713862e+01,1.427831982750016770e+01,1.698022347167564661e+01,2.000000000000000000e+01
4.160080539034537672e+00,4.318479435418412393e+00,4.793676124570036556e+00,5.585670746076115911e+00,6.694463512458280086e+00,8.120054705803029904e+00,9.862444665046005809e+00,1.192163377018253989e+01,1.429762242458608590e+01,1.699041103640391626e+01,2.000000000000000000e+01
4.213516747163269294e+00,4.371381309580069541e+00,4.844974996830469394e+00,5.634297935326383566e+00,6.739350317535050650e+00,8.160132398933860998e+00,9.896644486504783345e+00,1.194888692444891909e+01,1.431686007819192774e+01,1.700056431755913167e+01,2.000000000000000000e+01
4.266773280141425317e+00,4.424105302682475482e+00,4.896101370305625089e+00,5.682761597494530470e+00,6.784086158559535562e+00,8.200075284886670701e+00,9.930729254527795646e+00,1.197604837927683441e+01,1.433603299020249189e+01,1.701068342243432241e+01,2.000000000000000000e+01
4.319850686010028973e+00,4.476651957537939985e+00,4.947055772121673911e+00,5.731062233445247678e+00,6.828671499380096321e+00,8.239883779500447147e+00,9.964699325665508312e+00,1.200311842032853349e+01,1.435514136345227776e+01,1.702076845875344091e+01,2.000000000000000000e+01
4.372749516466275743e+00,4.529021820554580913e+00,4.997838732819495533e+00,5.779200347167247287e+00,6.873106806585816742e+00,8.279558300901499024e+00,9.998555058259272599e+00,1.203009733454803509e+01,1.437418540156789071e+01,1.703081953459486542e+01,2.000000000000000000e+01
4.425470326330221305e+00,4.581215441210587436e+00,5.048450785851686717e+00,5.827176445307132191e+00,6.917392549089736775e+00,8.319099269146446929e+00,1.003229681215191782e+01,1.205698540994425194e+01,1.439316530882562262e+01,1.704083675832224642e+01,2.000000000000000000e+01
4.478013673062551270e+00,4.633233371578857174e+00,5.098892467127776662e+00,5.874991036747955420e+00,6.961529197752070353e+00,8.358507105899500189e+00,1.006592494842612417e+01,1.208378293539494486e+01,1.441208129002272109e+01,1.705082023852201800e+01,2.000000000000000000e+01
4.530380116328611706e+00,4.685076165897228861e+00,5.149164314603081216e+00,5.922644632228227124e+00,7.005517225039610274e+00,8.397782234140722224e+00,1.009943982916797367e+01,1.211049020046957914e+01,1.443093355036107717e+01,1.706077008394695227e+01,2.000000000000000000e+01
4.582570217604335916e+00,4.736744380180016201e+00,5.199266867907057055e+00,5.970137743997561586e+00,7.049357104717891787e+00,8.436925077902403203e+00,1.013284181725327748e+01,1.213710749526926946e+01,1.444972229534216090e+01,1.707068640346516730e+01,2.000000000000000000e+01
4.634584539820066240e+00,4.788238571866910931e+00,5.249200668007445003e+00,6.017470885505471045e+00,7.093049311573030202e+00,8.475936062030852369e+00,1.016613127615453926e+01,1.216363511028218980e+01,1.446844773067211776e+01,1.708056930601411239e+01,2.000000000000000000e+01
4.686423647038716389e+00,4.839559299505732604e+00,5.298966256906779471e+00,6.064644571120183514e+00,7.136594321160384169e+00,8.514815611971187082e+00,1.019930856976658795e+01,1.219007333625297740e+01,1.448711006217608244e+01,1.709041890055895863e+01,2.000000000000000000e+01
4.738088104165021797e+00,4.890707122465821399e+00,5.348564177368221095e+00,6.111659315874642395e+00,7.179992609577554141e+00,8.553564153572979833e+00,1.023237406224909307e+01,1.221642246406484134e+01,1.450570949572081325e+01,1.710023529605513914e+01,2.000000000000000000e+01
4.789578476682899044e+00,4.941682600679158099e+00,5.397994972667934377e+00,6.158515635237092667e+00,7.223244653259375703e+00,8.592182112914750647e+00,1.026532811788441713e+01,1.224268278463312676e+01,1.452424623714489371e+01,1.711001860141448816e+01,2.000000000000000000e+01
4.840895330418302223e+00,4.992486294406599079e+00,5.447259186371488759e+00,6.205214044903963000e+00,7.266350928792823183e+00,8.630669916145540910e+00,1.029817110094929156e+01,1.226885458880927260e+01,1.454272049219575003e+01,1.711976892547471252e+01,2.000000000000000000e+01
4.892039231325129300e+00,5.043118764026849554e+00,5.496357362132009428e+00,6.251755060612889991e+00,7.309311912749964613e+00,8.669027989341937968e+00,1.033090337559904093e+01,1.229493816729417155e+01,1.456113246647283788e+01,1.712948637697187948e+01,2.000000000000000000e+01
4.943010745291990027e+00,5.093580569845998163e+00,5.545290043508022571e+00,6.298139197974009562e+00,7.352128081537236959e+00,8.707256758379092076e+00,1.036352530576315623e+01,1.232093381056006010e+01,1.457948236537647624e+01,1.713917106451563654e+01,2.000000000000000000e+01
4.993810437967897364e+00,5.143872271925706841e+00,5.594057773799137046e+00,6.344366972317764031e+00,7.394799911259494429e+00,8.745356648814409439e+00,1.039603725505114795e+01,1.234684180878008952e+01,1.459777039406167631e+01,1.714882309656686843e+01,2.000000000000000000e+01
5.044438874605044809e+00,5.193994429928242340e+00,5.642661095897835821e+00,6.390438898557668779e+00,7.437327877597444292e+00,8.783328085782697414e+00,1.042843958666769666e+01,1.237266245176489043e+01,1.461599675739661741e+01,1.715844258141759937e+01,2.000000000000000000e+01
5.094896619917075320e+00,5.243947602976782640e+00,5.691100552155903713e+00,6.436355491066623635e+00,7.479712455697182349e+00,8.821171493901696081e+00,1.046073266333621987e+01,1.239839602890543802e+01,1.463416165992524398e+01,1.716802962717290271e+01,2.000000000000000000e+01
5.145184237951380801e+00,5.293732349529551406e+00,5.739376684264063222e+00,6.482117263565475795e+00,7.521954120070701855e+00,8.858887297187001408e+00,1.049291684723005424e+01,1.242404282912164959e+01,1.465226530583362319e+01,1.717758434173466142e+01,2.000000000000000000e+01
5.195302291974065234e+00,5.343349227266445567e+00,5.787490033143587453e+00,6.527724729022684080e+00,7.564053344506319831e+00,8.896475918975495389e+00,1.052499249991057084e+01,1.244960314081614428e+01,1.467030789891970954e+01,1.718710683278694873e+01,2.000000000000000000e+01
5.245251344366423929e+00,5.392798792987003154e+00,5.835441138848740827e+00,6.573178399564016061e+00,7.606010601988085540e+00,8.933937781856478466e+00,1.055695998227148458e+01,1.247507725183268867e+01,1.468828964256618974e+01,1.719659720778292211e+01,2.000000000000000000e+01
5.295031956531798478e+00,5.442081602518607397e+00,5.883230540479035042e+00,6.618478786391349900e+00,7.647826364623321993e+00,8.971273307609758163e+00,1.058881965448884799e+01,1.250046544941886673e+01,1.470621073971609505e+01,1.720605557393307805e+01,2.000000000000000000e+01
5.344644688811855282e+00,5.491198210633981169e+00,5.930858776100357943e+00,6.663626399709697168e+00,7.689501103577520702e+00,9.008482917150042013e+00,1.062057187597614849e+01,1.252576802019262381e+01,1.472407139285096100e+01,1.721548203819472533e+01,2.000000000000000000e+01
5.394090100411379929e+00,5.540149170977071158e+00,5.978326382674143069e+00,6.708621748661669493e+00,7.731035289015912859e+00,9.045567030477071668e+00,1.065221700534405258e+01,1.255098525011223742e+01,1.474187180397125907e+01,1.722487670726255615e+01,2.000000000000000000e+01
5.443368749330780965e+00,5.588935035996536627e+00,6.025633895993803613e+00,6.753465341268697131e+00,7.772429390051047271e+00,9.082526066630871142e+00,1.068375540036431559e+01,1.257611742444946046e+01,1.475961217457887820e+01,1.723423968756024394e+01,2.000000000000000000e+01
5.492481192305568527e+00,5.637556356886115339e+00,6.072781850627755773e+00,6.798157684378342225e+00,7.813683874695840359e+00,9.119360443651723713e+00,1.071518741793749818e+01,1.260116482776550484e+01,1.477729270566151243e+01,1.724357108523292581e+01,2.000000000000000000e+01
5.541427984752161251e+00,5.686013683531222718e+00,6.119770779868406230e+00,6.842699283617133865e+00,7.854799209821566208e+00,9.156070578544332150e+00,1.074651341406412008e+01,1.262612774388957959e+01,1.479491359767869696e+01,1.725287100614054836e+01,2.000000000000000000e+01
5.590209680719400609e+00,5.734307564461178508e+00,6.166601215686513093e+00,6.887090643348404484e+00,7.895775861120302608e+00,9.192656887245851394e+00,1.077773374381890292e+01,1.265100645589978257e+01,1.481247505054941094e+01,1.726213955585188842e+01,2.000000000000000000e+01
5.638826832845237114e+00,5.782438546806538682e+00,6.213273688690443386e+00,6.931332266634647077e+00,7.936614293071438730e+00,9.229119784597367371e+00,1.080884876132784989e+01,1.267580124610609360e+01,1.482997726364103919e+01,1.727137683963931281e+01,2.000000000000000000e+01
5.687279992318102551e+00,5.830407176261037883e+00,6.259788728089844767e+00,6.975424655203965152e+00,7.977314968911827009e+00,9.265459684318502198e+00,1.083985881974784249e+01,1.270051239603525772e+01,1.484742043575960402e+01,1.728058296247411718e+01,2.000000000000000000e+01
5.735569708842525039e+00,5.878213997047718742e+00,6.306146861663300740e+00,7.019368309420229934e+00,8.017878350609255023e+00,9.301676998984873990e+00,1.087076427124855194e+01,1.272514018641741274e+01,1.486480476514113747e+01,1.728975802902241909e+01,2.000000000000000000e+01
5.783696530608561481e+00,5.925859551888826182e+00,6.352348615729620285e+00,7.063163728256580676e+00,8.058304898838922981e+00,9.337772140008121724e+00,1.090156546699643947e+01,1.274968489717428533e+01,1.488213044944404650e+01,1.729890214364155554e+01,2.000000000000000000e+01
5.831661004264716119e+00,5.973344381979133644e+00,6.398394515122387105e+00,7.106811409271970525e+00,8.098595072962611496e+00,9.373745517618248257e+00,1.093226275714062368e+01,1.277414680740876385e+01,1.489939768574244638e+01,1.730801541037692104e+01,2.000000000000000000e+01
5.879463674893990799e+00,6.020669026962360171e+00,6.444285083167467398e+00,7.150311848590443553e+00,8.138749331010323829e+00,9.409597540848077202e+00,1.096285649080046909e+01,1.279852619539579450e+01,1.491660667052030043e+01,1.731709793295922495e+01,2.000000000000000000e+01
5.927105085992773859e+00,6.067834024910384372e+00,6.490020841663215023e+00,7.193665540882902221e+00,8.178768129664138797e+00,9.445328617519587411e+00,1.099334701605471309e+01,1.282282333857439838e+01,1.493375759966635208e+01,1.732614981480209693e+01,2.000000000000000000e+01
5.974585779452298517e+00,6.114839912304991465e+00,6.535602310863070308e+00,7.236872979351114843e+00,8.218651924244072760e+00,9.480939154231998955e+00,1.102373467993197842e+01,1.284703851354075432e+01,1.495085066846971245e+01,1.733517115900007255e+01,2.000000000000000000e+01
6.021906295542422072e+00,6.161687224021910936e+00,6.581030009460375751e+00,7.279934655713760527e+00,8.258401168695749917e+00,9.516429556351388541e+00,1.105401982840254860e+01,1.287117199604221618e+01,1.496788607161608908e+01,1.734416206832681695e+01,2.000000000000000000e+01
6.069067172897521623e+00,6.208376493316931644e+00,6.626304454575163483e+00,7.322851060194308204e+00,8.298016315579735291e+00,9.551800228001726012e+00,1.108420280637130340e+01,1.289522406097218621e+01,1.498486400318456369e+01,1.735312264523367531e+01,2.000000000000000000e+01
6.116068948504268299e+00,6.254908251813885656e+00,6.671426161742737726e+00,7.365622681510554770e+00,8.337497816062327871e+00,9.587051572057182725e+00,1.111428395767166322e+01,1.291919498236577724e+01,1.500178465664489735e+01,1.736205299184844364e+01,2.000000000000000000e+01
6.162912157691149417e+00,6.301283029494331167e+00,6.716395644903877304e+00,7.408250006865669590e+00,8.376846119907721544e+00,9.622183990135587450e+00,1.114426362506047852e+01,1.294308503339614624e+01,1.501864822485526574e+01,1.737095320997436332e+01,2.000000000000000000e+01
6.209597334119512091e+00,6.347501354688760422e+00,6.761213416396504527e+00,7.450733521940598791e+00,8.416061675471365078e+00,9.657197882592921445e+00,1.117414215021375412e+01,1.296689448637148523e+01,1.503545490006043828e+01,1.737982340108932178e+01,2.000000000000000000e+01
6.256125009776039470e+00,6.393563754069202076e+00,6.805879986948688121e+00,7.493073710887689920e+00,8.455144929694421663e+00,9.692093648518760318e+00,1.120391987372314979e+01,1.299062361273257160e+01,1.505220487389031270e+01,1.738866366634523430e+01,2.000000000000000000e+01
6.302495714966489082e+00,6.439470752643073226e+00,6.850395865672826545e+00,7.535271056325440142e+00,8.494096328099224991e+00,9.726871685732556116e+00,1.123359713509315050e+01,1.301427268305083551e+01,1.506889833735879591e+01,1.739747410656760351e+01,2.000000000000000000e+01
6.348709978310568935e+00,6.485222873748160310e+00,6.894761560060934436e+00,7.577326039334238317e+00,8.532916314785639500e+00,9.761532390780704560e+00,1.126317427273888505e+01,1.303784196702689435e+01,1.508553548086299934e+01,1.740625482225520315e+01,2.000000000000000000e+01
6.394768326737875874e+00,6.530820639048630305e+00,6.938977575980893597e+00,7.619239139453012122e+00,8.571605332428214652e+00,9.796076158934285516e+00,1.129265162398447231e+01,1.306133173348950649e+01,1.510211649418268820e+01,1.741500591357990047e+01,2.000000000000000000e+01
6.440671285484747877e+00,6.576264568531959398e+00,6.983044417673593962e+00,7.661010834676705628e+00,8.610163822274081724e+00,9.830503384187439408e+00,1.132202952506191629e+01,1.308474225039491046e+01,1.511864156647999557e+01,1.742372748038661356e+01,2.000000000000000000e+01
6.486419378091970778e+00,6.621555180506697447e+00,7.026962587750877454e+00,7.702641601454485176e+00,8.648592224141513185e+00,9.864814459256322721e+00,1.135130831111042049e+01,1.310807378482650698e+01,1.513511088629937262e+01,1.743241962219338959e+01,2.000000000000000000e+01
6.532013126403263925e+00,6.666692991600996265e+00,7.070732587194193286e+00,7.744131914688622054e+00,8.686890976419068267e+00,9.899009775578548442e+00,1.138048831617614809e+01,1.313132660299484122e+01,1.515152464156772361e+01,1.744108243819152548e+01,2.000000000000000000e+01
6.577453050564436410e+00,6.711678516761804936e+00,7.114354915353912290e+00,7.785482247733968464e+00,8.725060516065305194e+00,9.933089723313113240e+00,1.140956987321233385e+01,1.315450097023788167e+01,1.516788301959471674e+01,1.744971602724584869e+01,2.000000000000000000e+01
6.622739669023178344e+00,6.756512269254691283e+00,7.157830069949229213e+00,7.826693072398003714e+00,8.763101278608939282e+00,9.967054691340727857e+00,1.143855331407975129e+01,1.317759715102152995e+01,1.518418620707329225e+01,1.745832048789502267e+01,2.000000000000000000e+01
6.667873498529417020e+00,6.801194760664211358e+00,7.201158547068592597e+00,7.867764858941325379e+00,8.801013698149477094e+00,1.000090506726452411e+01,1.146743896954746411e+01,1.320061540894038288e+01,1.520043439008029473e+01,1.746689591835196254e+01,2.000000000000000000e+01
6.712855054136167787e+00,6.845726500894779853e+00,7.244340841170613388e+00,7.908698076078636952e+00,8.838798207358220083e+00,1.003464123741110292e+01,1.149622716929387067e+01,1.322355600671867926e+01,1.521662775407724588e+01,1.747544241650428631e+01,2.000000000000000000e+01
6.757684849200862764e+00,6.890107998171998815e+00,7.287377445085407857e+00,7.949493190980092550e+00,8.876455237479646598e+00,1.006826358683188438e+01,1.152491824190798297e+01,1.324641920621143854e+01,1.523276648391124510e+01,1.748396007991484424e+01,2.000000000000000000e+01
6.802363395387068579e+00,6.934339759044383378e+00,7.330268850016328663e+00,7.990150669273028861e+00,8.913985218333097649e+00,1.010177249930474375e+01,1.155351251489093123e+01,1.326920526840576997e+01,1.524885076381595184e+01,1.749244900582229434e+01,2.000000000000000000e+01
6.846891202666605558e+00,6.978422288385464967e+00,7.373015545542042304e+00,8.030670975044005289e+00,8.951388578314759314e+00,1.013516835733587484e+01,1.158201031465767450e+01,1.329191445342232392e+01,1.526488077741271354e+01,1.750090929114172056e+01,2.000000000000000000e+01
6.891268779321966242e+00,7.022356089396206258e+00,7.415618019618924528e+00,8.071054570841146969e+00,8.988665744399915170e+00,1.016845154216190039e+01,1.161041196653888719e+01,1.331454702051688521e+01,1.528085670771173987e+01,1.750934103246530427e+01,2.000000000000000000e+01
6.935496631949064295e+00,7.066141663607735879e+00,7.458076758583748855e+00,8.111301917676744466e+00,9.025817142145417193e+00,1.020162243375216704e+01,1.163871779478299828e+01,1.333710322808208204e+01,1.529677873711337277e+01,1.751774432606302767e+01,2.000000000000000000e+01
6.979575265460245426e+00,7.109779510884337128e+00,7.500392247156611347e+00,8.151413475030093281e+00,9.062843195692373399e+00,1.023468141081121452e+01,1.166692812255839939e+01,1.335958333364920314e+01,1.531264704740942761e+01,1.752611926788340924e+01,2.000000000000000000e+01
7.023505183087532799e+00,7.153270129426675616e+00,7.542564968444104068e+00,8.191389700850537636e+00,9.099744327769034413e+00,1.026762885078143128e+01,1.169504327195575399e+01,1.338198759389011094e+01,1.532846181978458411e+01,1.753446595355425686e+01,2.000000000000000000e+01
7.067286886386107803e+00,7.196614015775250728e+00,7.584595403942678615e+00,8.231231051560712331e+00,9.136520959693831045e+00,1.030046512984582741e+01,1.172306356399044702e+01,1.340431626461925063e+01,1.534422323481786954e+01,1.754278447838349564e+01,2.000000000000000000e+01
7.110920875237970229e+00,7.239811664814030046e+00,7.626484033542208607e+00,8.270937982059971105e+00,9.173173511378587719e+00,1.033319062293095669e+01,1.175098931860513396e+01,1.342656960079573913e+01,1.535993147248413848e+01,1.755107493735996371e+01,2.000000000000000000e+01
7.154407647855783203e+00,7.282863569774264079e+00,7.668231335529708481e+00,8.310510945727916265e+00,9.209702401331838928e+00,1.036580570370994892e+01,1.177882085467236806e+01,1.344874785652549143e+01,1.537558671215566086e+01,1.755933742515425777e+01,2.000000000000000000e+01
7.197747700786880642e+00,7.325770222238459972e+00,7.709837786593197073e+00,8.349950394428137912e+00,9.246108046662318003e+00,1.039831074460564153e+01,1.180655848999734125e+01,1.347085128506346052e+01,1.539118913260368515e+01,1.756757203611959994e+01,2.000000000000000000e+01
7.240941528917402614e+00,7.368532112144480450e+00,7.751303861825713959e+00,8.389256778512013568e+00,9.282390863082500942e+00,1.043070611679381443e+01,1.183420254132066596e+01,1.349288013881589698e+01,1.540673891200009216e+01,1.757577886429270819e+01,2.000000000000000000e+01
7.283989625476569252e+00,7.411149727789783093e+00,7.792630034729423727e+00,8.428430546822648139e+00,9.318551264912281695e+00,1.046299219020649574e+01,1.186175332432125629e+01,1.351483466934265465e+01,1.542223622791905235e+01,1.758395800339469872e+01,2.000000000000000000e+01
7.326892482041055921e+00,7.453623555835755532e+00,7.833816777219857030e+00,8.467472146698909796e+00,9.354589665082720273e+00,1.049516933353534931e+01,1.188921115361923242e+01,1.353671512735957805e+01,1.543768125733872054e+01,1.759210954683198835e+01,2.000000000000000000e+01
7.369650588539478520e+00,7.495954081312162565e+00,7.874864559630216476e+00,8.506382023979538687e+00,9.390506475139879683e+00,1.052723791423512800e+01,1.191657634277891908e+01,1.355852176274087739e+01,1.545307417664294825e+01,1.760023358769721469e+01,2.000000000000000000e+01
7.412264433256953389e+00,7.538141787621662537e+00,7.915773850715789983e+00,8.545160623007344469e+00,9.426302105248714369e+00,1.055919829852717662e+01,1.194384920431185471e+01,1.358025482452158883e+01,1.546841516162302277e+01,1.760833021877016336e+01,2.000000000000000000e+01
7.454734502839756694e+00,7.580187156544423210e+00,7.956545117658421873e+00,8.583808386633473120e+00,9.461976964197029716e+00,1.059105085140299174e+01,1.197103004967985207e+01,1.360191456090001161e+01,1.548370438747943467e+01,1.761639953251870594e+01,2.000000000000000000e+01
7.497061282300028218e+00,7.622090668242785583e+00,7.997178826071058566e+00,8.622325756221718152e+00,9.497531459399496612e+00,1.062279593662783661e+01,1.199811918929811227e+01,1.362350121924022872e+01,1.549894202882363992e+01,1.762444162109975210e+01,2.000000000000000000e+01
7.539245255020557757e+00,7.663852801266004100e+00,8.037675440002340466e+00,8.660713171652909992e+00,9.532965996901708650e+00,1.065443391674437379e+01,1.202511693253834224e+01,1.364501504607459381e+01,1.551412825967986286e+01,1.763245657636019814e+01,2.000000000000000000e+01
7.581286902759607926e+00,7.705474032555021502e+00,8.078035421941260452e+00,8.698971071329317795e+00,9.568280981384267747e+00,1.068596515307634398e+01,1.205202358773192373e+01,1.366645628710628557e+01,1.552926325348688508e+01,1.764044448983787916e+01,2.000000000000000000e+01
7.623186705655804474e+00,7.746954837447314723e+00,8.118259232821847249e+00,8.737099892179127636e+00,9.603476816166940822e+00,1.071739000573227685e+01,1.207883946217308058e+01,1.368782518721185149e+01,1.554434718309987140e+01,1.764840545276255668e+01,2.000000000000000000e+01
7.664945142233037245e+00,7.788295689681755007e+00,8.158347332027910070e+00,8.775100069660933144e+00,9.638553903212796925e+00,1.074870883360923024e+01,1.210556486212209570e+01,1.370912199044377289e+01,1.555938022079218186e+01,1.765633955605685301e+01,2.000000000000000000e+01
7.706562689405427768e+00,7.829497061403517755e+00,8.198300177397788602e+00,8.812972037768252775e+00,9.673512643132418987e+00,1.077992199439653831e+01,1.213220009280852274e+01,1.373034694003304956e+01,1.557436253825721906e+01,1.766424689033726025e+01,2.000000000000000000e+01
7.748039822482311934e+00,7.870559423169020796e+00,8.238118225229149161e+00,8.850716229034091498e+00,9.708353435188112002e+00,1.081102984457958449e+01,1.215874545843443144e+01,1.375150027839178435e+01,1.558929430661024362e+01,1.767212754591507817e+01,2.000000000000000000e+01
7.789377015173239549e+00,7.911483243950879540e+00,8.277801930283802179e+00,8.888333074535513134e+00,9.743076677298123656e+00,1.084203273944360113e+01,1.218520126217763355e+01,1.377258224711577661e+01,1.560417569639023050e+01,1.767998161279741964e+01,2.000000000000000000e+01
7.830574739593006761e+00,7.952268991142890542e+00,8.317351745792542772e+00,8.925823003898225139e+00,9.777682766040907580e+00,1.087293103307747444e+01,1.221156780619495485e+01,1.379359308698713171e+01,1.561900687756170214e+01,1.768780918068816987e+01,2.000000000000000000e+01
7.871633466266717782e+00,7.992917130565035500e+00,8.356768123459987763e+00,8.963186445301193572e+00,9.812172096659375953e+00,1.090372507837753169e+01,1.223784539162549301e+01,1.381453303797687582e+01,1.563378801951659192e+01,1.769561033898898117e+01,2.000000000000000000e+01
7.912553664134833298e+00,8.033428126468489694e+00,8.396051513469458882e+00,9.000423825481250972e+00,9.846545063065166303e+00,1.093441522705140301e+01,1.226403431859389315e+01,1.383540233924756180e+01,1.564851929107609685e+01,1.770338517680024282e+01,2.000000000000000000e+01
7.953335800558245516e+00,8.073802441540646413e+00,8.435202364487848214e+00,9.037535569737737973e+00,9.880802057842931418e+00,1.096500182962181746e+01,1.229013488621361638e+01,1.385620122915588759e+01,1.566320086049250193e+01,1.771113378292206519e+01,2.000000000000000000e+01
7.993980341323371874e+00,8.114040536910154700e+00,8.474221123670501399e+00,9.074522101937121832e+00,9.914943472254615031e+00,1.099548523543045420e+01,1.231614739259021896e+01,1.387692994525531098e+01,1.567783289545107728e+01,1.771885624585526742e+01,2.000000000000000000e+01
8.034487750647235416e+00,8.154142872151954435e+00,8.513108236666113271e+00,9.111383844517643382e+00,9.948969696243739946e+00,1.102586579264176692e+01,1.234207213482463672e+01,1.389758872429868219e+01,1.569241556307189178e+01,1.772655265380234368e+01,2.000000000000000000e+01
8.074858491182546061e+00,8.194109905292313201e+00,8.551864147621614620e+00,9.148121218493965756e+00,9.982881118439706825e+00,1.105614384824682617e+01,1.236790940901645364e+01,1.391817780224084977e+01,1.570694902991168540e+01,1.773422309466845448e+01,2.000000000000000000e+01
8.115093024022826285e+00,8.233942092813887115e+00,8.590489299187069605e+00,9.184734643461801795e+00,1.001667812616207165e+01,1.108631974806715270e+01,1.239365951026719515e+01,1.393869741424127717e+01,1.572143346196572544e+01,1.774186765606240357e+01,2.000000000000000000e+01
8.155191808707478174e+00,8.273639889660751479e+00,8.628984132520571393e+00,9.221224537602573434e+00,1.005036110542484629e+01,1.111639383675855619e+01,1.241932273268359133e+01,1.395914779466666999e+01,1.573586902466963622e+01,1.774948642529762211e+01,2.000000000000000000e+01
8.195155303226892229e+00,8.313203749243450957e+00,8.667349087293128918e+00,9.257591317688037336e+00,1.008393044094078128e+01,1.114636645781496149e+01,1.244489936938086316e+01,1.397952917709358367e+01,1.575025588290127132e+01,1.775707948939312431e+01,2.000000000000000000e+01
8.234983964027522418e+00,8.352634123444031999e+00,8.705584601693558966e+00,9.293835399084935389e+00,1.011738651612565398e+01,1.117623795357224203e+01,1.247038971248598394e+01,1.399984179431102405e+01,1.576459420098253261e+01,1.776464693507450932e+01,2.000000000000000000e+01
8.274678246017002081e+00,8.391931462621094795e+00,8.743691112433374713e+00,9.329957195759618571e+00,1.015072971310253713e+01,1.120600866521204253e+01,1.249579405314095304e+01,1.402008587832307640e+01,1.577888414268124784e+01,1.777218884877492400e+01,2.000000000000000000e+01
8.314238602569181680e+00,8.431096215614800826e+00,8.781669054751656489e+00,9.365957120282672577e+00,1.018396041270609054e+01,1.123567893276560703e+01,1.252111268150606627e+01,1.404026166035148471e+01,1.579312587121296652e+01,1.777970531663602927e+01,2.000000000000000000e+01
8.353665485529241153e+00,8.470128829751914168e+00,8.819518862419934990e+00,9.401835583833552334e+00,1.021707899448681367e+01,1.126524909511757500e+01,1.254634588676315055e+01,1.406036937083827176e+01,1.580731954924283755e+01,1.778719642450897709e+01,2.000000000000000000e+01
8.392959345218734768e+00,8.509029750850812590e+00,8.857240967747046057e+00,9.437592996205179219e+00,1.025008583671531781e+01,1.129471949000980580e+01,1.257149395711884132e+01,1.408040923944831668e+01,1.582146533888741580e+01,1.779466225795538392e+01,2.000000000000000000e+01
8.432120630440659070e+00,8.547799423226495108e+00,8.894835801584001445e+00,9.473229765808563130e+00,1.028298131638657331e+01,1.132409045404517478e+01,1.259655717980780665e+01,1.410038149507194305e+01,1.583556340171650234e+01,1.780210290224828995e+01,2.000000000000000000e+01
8.471149788484501286e+00,8.586438289695580650e+00,8.932303793328820518e+00,9.508746299677385494e+00,1.031576580922416042e+01,1.135336232269136048e+01,1.262153584109600324e+01,1.412028636582752128e+01,1.584961389875495819e+01,1.780951844237311477e+01,2.000000000000000000e+01
8.510047265131262861e+00,8.624946791581292516e+00,8.969645370931379702e+00,9.544143003472591147e+00,1.034843968968449346e+01,1.138253543028463177e+01,1.264643022628389524e+01,1.414012407906401592e+01,1.586361699048454810e+01,1.781690896302863791e+01,2.000000000000000000e+01
8.548813504658513196e+00,8.663325368718444608e+00,9.006860960898238844e+00,9.579420281486973110e+00,1.038100333096107164e+01,1.141161011003362269e+01,1.267124061970968185e+01,1.415989486136358266e+01,1.587757283684571874e+01,1.782427454862793681e+01,2.000000000000000000e+01
8.587448949845388313e+00,8.701574459458404576e+00,9.043950988297453364e+00,9.614578536649728946e+00,1.041345710498866417e+01,1.144058669402311068e+01,1.269596730475251611e+01,1.417959893854412279e+01,1.589148159723945142e+01,1.783161528329937084e+01,2.000000000000000000e+01
8.625954041977596631e+00,8.739694500674044519e+00,9.080915876763388184e+00,9.649618170531031325e+00,1.044580138244755396e+01,1.146946551321775587e+01,1.272061056383571831e+01,1.419923653566183219e+01,1.590534343052903843e+01,1.783893125088750509e+01,2.000000000000000000e+01
8.664329220852422964e+00,8.777685927764693474e+00,9.117756048501506783e+00,9.684539583346557734e+00,1.047803653276770675e+01,1.149824689746586870e+01,1.274517067842996454e+01,1.421880787701376825e+01,1.591915849504189673e+01,1.784622253495408728e+01,2.000000000000000000e+01
8.702574924783698762e+00,8.815549174661063248e+00,9.154471924293154927e+00,9.719343173962037952e+00,1.051016292413297037e+01,1.152693117550313495e+01,1.276964792905648416e+01,1.423831318614038999e+01,1.593292694857136915e+01,1.785348921877897155e+01,2.000000000000000000e+01
8.740691590606777694e+00,8.853284673830165374e+00,9.191063923500330191e+00,9.754029339897771322e+00,1.054218092348524394e+01,1.155551867495635321e+01,1.279404259529024301e+01,1.425775268582808586e+01,1.594664894837850966e+01,1.786073138536108829e+01,2.000000000000000000e+01
8.778679653683482798e+00,8.890892856280220968e+00,9.227532464070435481e+00,9.788598477333126269e+00,1.057409089652864687e+01,1.158400972234714388e+01,1.281835495576311956e+01,1.427712659811171392e+01,1.596032465119386679e+01,1.786794911741937852e+01,2.000000000000000000e+01
8.816539547907057184e+00,8.928374151565551031e+00,9.263877962541030797e+00,9.823050981111057567e+00,1.060589320773367028e+01,1.161240464309567244e+01,1.284258528816706324e+01,1.429643514427712780e+01,1.597395421321927778e+01,1.787514249739373184e+01,2.000000000000000000e+01
8.854271705707077444e+00,8.965728987791447224e+00,9.300100834044556564e+00,9.857387244742577437e+00,1.063758822034131057e+01,1.164070376152433006e+01,1.286673386925726525e+01,1.431567854486367608e+01,1.598753779012962895e+01,1.788231160744592074e+01,2.000000000000000000e+01
8.891876558054377711e+00,9.002957791619047967e+00,9.336201492313056960e+00,9.891607660411231961e+00,1.066917629636721365e+01,1.166890740086143730e+01,1.289080097485528498e+01,1.433485701966673354e+01,1.600107553707464092e+01,1.788945652946054921e+01,2.000000000000000000e+01
8.929354534465952398e+00,9.040060988270182563e+00,9.372180349682873057e+00,9.925712618977552637e+00,1.070065779660576766e+01,1.169701588324490693e+01,1.291478687985220297e+01,1.435397078774018631e+01,1.601456760868063611e+01,1.789657734504597641e+01,2.000000000000000000e+01
8.966706063009821648e+00,9.077039001532202889e+00,9.408037817099344835e+00,9.959702509983518581e+00,1.073203308063423300e+01,1.172502952972591395e+01,1.293869185821175094e+01,1.437302006739892235e+01,1.602801415905227245e+01,1.790367413553524045e+01,2.000000000000000000e+01
9.003931570309925192e+00,9.113892253762813311e+00,9.443774304121479446e+00,9.993577721656972557e+00,1.076330250681681733e+01,1.175294866027255125e+01,1.296251618297340791e+01,1.439200507622133429e+01,1.604141534177433925e+01,1.791074698198699622e+01,2.000000000000000000e+01
9.041031481550957594e+00,9.150621165894872178e+00,9.479390218926614153e+00,1.002733864091604232e+01,1.079446643230875580e+01,1.178077359377346944e+01,1.298626012625554260e+01,1.441092603105177972e+01,1.605477130991346257e+01,1.791779596518643203e+01,2.000000000000000000e+01
9.078006220483226585e+00,9.187226157441186203e+00,9.514885968315066833e+00,1.006098565337356554e+01,1.082552521306039672e+01,1.180850464804151478e+01,1.300992395925848832e+01,1.442978314800306272e+01,1.606808221601989928e+01,1.792482116564619332e+01,2.000000000000000000e+01
9.114856209427463440e+00,9.223707646499287094e+00,9.550261957714761607e+00,1.009451914334144895e+01,1.085647920382122500e+01,1.183614213981734054e+01,1.303350795226763381e+01,1.444857664245889417e+01,1.608134821212922816e+01,1.793182266360729571e+01,2.000000000000000000e+01
9.151581869279644010e+00,9.260066049756195738e+00,9.585518591185852699e+00,1.012793949383507375e+01,1.088732875814393175e+01,1.186368638477302362e+01,1.305701237465653364e+01,1.446730672907634130e+01,1.609456944976410853e+01,1.793880053904004512e+01,2.000000000000000000e+01
9.188183619515776002e+00,9.296301782493165078e+00,9.620656271425330530e+00,1.016124708657765119e+01,1.091807422838842889e+01,1.189113769751565997e+01,1.308043749488992269e+01,1.448597362178827730e+01,1.610774607993601037e+01,1.794575487164495442e+01,2.000000000000000000e+01
9.224661878196689813e+00,9.332415258590419427e+00,9.655675399771608269e+00,1.019444230200456758e+01,1.094871596572586547e+01,1.191849639159094387e+01,1.310378358052683545e+01,1.450457753380583092e+01,1.612087825314691614e+01,1.795268574085363511e+01,2.000000000000000000e+01
9.261017061972795616e+00,9.368406890531870701e+00,9.690576376209092402e+00,1.022752551926772746e+01,1.097925432014264224e+01,1.194576277948675980e+01,1.312705089822361515e+01,1.452311867762079878e+01,1.613396611939105441e+01,1.795959322582971751e+01,2.000000000000000000e+01
9.297249586088840445e+00,9.404277089409818657e+00,9.725359599372749742e+00,1.026049711623987548e+01,1.100968964044438714e+01,1.197293717263672441e+01,1.315023971373697975e+01,1.454159726500808603e+01,1.614700982815661234e+01,1.796647740546975314e+01,2.000000000000000000e+01
9.333359864388635074e+00,9.440026264929640476e+00,9.760025466552654905e+00,1.029335746951891117e+01,1.104002227425994853e+01,1.200001988142376241e+01,1.317335029192703466e+01,1.456001350702810271e+01,1.616000952842742677e+01,1.797333835840410643e+01,2.000000000000000000e+01
9.369348309319777357e+00,9.475654825414460802e+00,9.794574373698512915e+00,1.032610695443216997e+01,1.107025256804534585e+01,1.202701121518362015e+01,1.319638289676031029e+01,1.457836761402920089e+01,1.617296536868468948e+01,1.798017616299786781e+01,2.000000000000000000e+01
9.405215331938359569e+00,9.511163177809814684e+00,9.829006715424181806e+00,1.035874594504071844e+01,1.110038086708773264e+01,1.205391148220841657e+01,1.321933779131276410e+01,1.459665979565004967e+01,1.618587749690865607e+01,1.798699089735172052e+01,2.000000000000000000e+01
9.440961341913654437e+00,9.546551727688283862e+00,9.863322885012173913e+00,1.039127481414361398e+01,1.113040751550932761e+01,1.208072098975015152e+01,1.324221523777277909e+01,1.461489026082202791e+01,1.619874606058031219e+01,1.799378263930286437e+01,2.000000000000000000e+01
9.476586747532794064e+00,9.581820879254131285e+00,9.897523274418141170e+00,1.042369393328216276e+01,1.116033285627134930e+01,1.210744004402420693e+01,1.326501549744416941e+01,1.463305921777162233e+01,1.621157120668306817e+01,1.800055146642588966e+01,2.000000000000000000e+01
9.512091955705418655e+00,9.616971035347901875e+00,9.931608274275351533e+00,1.045600367274415632e+01,1.119015723117792227e+01,1.213406895021285514e+01,1.328773883074914863e+01,1.465116687402279894e+01,1.622435308170443946e+01,1.800729745603364762e+01,2.000000000000000000e+01
9.547477371968328796e+00,9.652002597451030397e+00,9.965578273899131645e+00,1.048820440156809397e+01,1.121988098087998331e+01,1.216060801246872103e+01,1.331038549723130515e+01,1.466921343639936559e+01,1.623709183163771286e+01,1.801402068517815636e+01,2.000000000000000000e+01
9.582743400490112862e+00,9.686915965690419128e+00,9.999433661291337927e+00,1.052029648754740165e+01,1.124950444487916634e+01,1.218705753391828317e+01,1.333295575555857049e+01,1.468719911102734343e+01,1.624978760198360206e+01,1.802072123065146414e+01,2.000000000000000000e+01
9.617890444075747780e+00,9.721711538842999545e+00,1.003317482314475306e+01,1.055228029723462946e+01,1.127902796153167486e+01,1.221341781666529869e+01,1.335544986352616625e+01,1.470512410333730458e+01,1.626244053775194942e+01,1.802739916898654471e+01,2.000000000000000000e+01
9.652918904171221115e+00,9.756389714340297559e+00,1.006680214484753044e+01,1.058415619594562962e+01,1.130845186805215086e+01,1.223968916179427779e+01,1.337786807805955114e+01,1.472298861806672754e+01,1.627505078346332112e+01,1.803405457645815346e+01,2.000000000000000000e+01
9.687829180868087420e+00,9.790950888272956121e+00,1.010031601048756400e+01,1.061592454776372563e+01,1.133777650051751706e+01,1.226587186937391394e+01,1.340021065521734656e+01,1.474079285926233851e+01,1.628761848315070893e+01,1.804068752908369788e+01,2.000000000000000000e+01
9.722621672908045909e+00,9.825395455395257827e+00,1.013371680285689713e+01,1.064758571554387778e+01,1.136700219387082100e+01,1.229196623846050151e+01,1.342247785019426942e+01,1.475853703028242769e+01,1.630014378036115019e+01,1.804729810262411860e+01,2.000000000000000000e+01
9.757296777687505696e+00,9.859723809129647520e+00,1.016700490345607300e+01,1.067914006091682388e+01,1.139612928192505059e+01,1.231797256710136068e+01,1.344466991732402938e+01,1.477622133379918701e+01,1.631262681815736570e+01,1.805388637258474205e+01,2.000000000000000000e+01
9.791854891262094185e+00,9.893936341571198056e+00,1.020018069249850967e+01,1.071058794429319150e+01,1.142515809736695154e+01,1.234389115233822842e+01,1.346678711008226159e+01,1.479384597180100869e+01,1.632506773911940812e+01,1.806045241421616154e+01,2.000000000000000000e+01
9.826296408351202771e+00,9.928033443492108034e+00,1.023324454891482205e+01,1.074192972486763864e+01,1.145408897176082519e+01,1.236972229021067093e+01,1.348882968108938840e+01,1.481141114559480165e+01,1.633746668534627489e+01,1.806699630251506150e+01,2.000000000000000000e+01
9.860621722342488127e+00,9.962015504346158679e+00,1.026619685035716678e+01,1.077316576062293230e+01,1.148292223555230684e+01,1.239546627575943916e+01,1.351079788211353083e+01,1.482891705580829012e+01,1.634982379845753186e+01,1.807351811222511273e+01,2.000000000000000000e+01
9.894831225296362831e+00,9.995882912273154730e+00,1.029903797320353043e+01,1.080429640833405180e+01,1.151165821807214762e+01,1.242112340302985096e+01,1.353269196407336139e+01,1.484636390239229442e+01,1.636213921959494755e+01,1.808001791783779311e+01,2.000000000000000000e+01
9.928925307950457579e+00,1.002963605410335646e+01,1.033176829256205309e+01,1.083532202357225316e+01,1.154029724753997677e+01,1.244669396507514669e+01,1.355451217704098532e+01,1.486375188462302432e+01,1.637441308942407758e+01,1.808649579359327575e+01,2.000000000000000000e+01
9.962904359724108261e+00,1.006327531536190456e+01,1.036438818227529168e+01,1.086624296070913154e+01,1.156883965106803913e+01,1.247217825395983581e+01,1.357625877024478100e+01,1.488108120110435451e+01,1.638664554813589902e+01,1.809295181348123194e+01,2.000000000000000000e+01
9.996768768722782639e+00,1.009680108027321310e+01,1.039689801492450449e+01,1.089705957292066962e+01,1.159728575466493616e+01,1.249757656076302936e+01,1.359793199207226344e+01,1.489835204977008587e+01,1.639883673544838416e+01,1.809938605124171218e+01,2.000000000000000000e+01
1.003051892174252657e+01,1.013021373176536777e+01,1.042929816183389136e+01,1.092777221219127348e+01,1.162563588323934738e+01,1.252288917558176706e+01,1.361953209007291576e+01,1.491556462788620863e+01,1.641098679060813126e+01,1.810579858036596690e+01,2.000000000000000000e+01
1.006415520427436583e+01,1.016351365147448504e+01,1.046158899307484269e+01,1.095838122931777647e+01,1.165389036060374650e+01,1.254811638753433023e+01,1.364105931096099411e+01,1.493271913205316181e+01,1.642309585239190639e+01,1.811218947409730262e+01,2.000000000000000000e+01
1.009767800050872388e+01,1.019670121974908383e+01,1.049377087747016546e+01,1.098888697391346980e+01,1.168204950947808740e+01,1.257325848476354047e+01,1.366251390061838933e+01,1.494981575820806441e+01,1.643516405910827771e+01,1.811855880543190267e+01,2.000000000000000000e+01
1.013108769333979531e+01,1.022977681565441799e+01,1.052584418259828603e+01,1.101928979441207623e+01,1.171011365149350425e+01,1.259831575444005480e+01,1.368389610409739099e+01,1.496685470162697307e+01,1.644719154859916443e+01,1.812490664711966915e+01,2.000000000000000000e+01
1.016438466436993338e+01,1.026274081697681595e+01,1.055780927479746545e+01,1.104959003807172913e+01,1.173808310719597436e+01,1.262328848276563953e+01,1.370520616562350646e+01,1.498383615692708837e+01,1.645917845824141423e+01,1.813123307166505782e+01,2.000000000000000000e+01
1.019756929391399503e+01,1.029559360022798664e+01,1.058966651916996327e+01,1.107978805097895858e+01,1.176595819604998105e+01,1.264817695497644223e+01,1.372644432859824981e+01,1.500076031806899302e+01,1.647112492494838420e+01,1.813753815132788461e+01,2.000000000000000000e+01
1.023064196100368406e+01,1.032833554064931825e+01,1.062141627958622081e+01,1.110988417805261541e+01,1.179373923644216404e+01,1.267298145534624787e+01,1.374761083560192532e+01,1.501762737835886696e+01,1.648303108517149340e+01,1.814382195812418530e+01,2.000000000000000000e+01
1.026360304339188723e+01,1.036096701221616989e+01,1.065305891868901611e+01,1.113987876304783775e+01,1.182142654568495033e+01,1.269770226718972950e+01,1.376870592839638441e+01,1.503443753045068831e+01,1.649489707490179313e+01,1.815008456382701141e+01,2.000000000000000000e+01
1.029645291755699255e+01,1.039348838764214378e+01,1.068459479789759570e+01,1.116977214855995015e+01,1.184902044002018684e+01,1.272233967286567768e+01,1.378972984792780210e+01,1.505119096634844134e+01,1.650672302967149818e+01,1.815632603996725791e+01,2.000000000000000000e+01
1.032919195870717743e+01,1.042590003838333601e+01,1.071602427741181174e+01,1.119956467602839645e+01,1.187652123462274112e+01,1.274689395378022816e+01,1.381068283432941080e+01,1.506788787740829605e+01,1.651850908455556066e+01,1.816254645783448751e+01,2.000000000000000000e+01
1.036182054078470038e+01,1.045820233464258209e+01,1.074734771621622897e+01,1.122925668574063174e+01,1.190392924360411797e+01,1.277136539039007879e+01,1.383156512692425899e+01,1.508452845434080913e+01,1.653025537417319413e+01,1.816874588847772287e+01,2.000000000000000000e+01
1.039433903647016422e+01,1.049039564537368108e+01,1.077856547208423343e+01,1.125884851683601084e+01,1.193124478001602817e+01,1.279575426220569057e+01,1.385237696422794151e+01,1.510111288721309464e+01,1.654196203268942611e+01,1.817492440270628506e+01,2.000000000000000000e+01
1.042674781718678467e+01,1.052248033828561624e+01,1.080967790158210917e+01,1.128834050730966077e+01,1.195846815585396961e+01,1.282006084779446908e+01,1.387311858395131736e+01,1.511764136545099824e+01,1.655362919381661513e+01,1.818108207109058583e+01,2.000000000000000000e+01
1.045904725310462346e+01,1.055445677984674724e+01,1.084068536007311678e+01,1.131773299401633714e+01,1.198559968206079596e+01,1.284428542478396906e+01,1.389379022300323285e+01,1.513411407784125373e+01,1.656525699081598546e+01,1.818721896396294468e+01,2.000000000000000000e+01
1.049123771314481957e+01,1.058632533528900233e+01,1.087158820172154883e+01,1.134702631267427719e+01,1.201263966853026943e+01,1.286842826986504562e+01,1.391439211749321636e+01,1.515053121253364310e+01,1.657684555649915126e+01,1.819333515141837410e+01,2.000000000000000000e+01
1.052331956498379917e+01,1.061808636861204391e+01,1.090238677949677992e+01,1.137622079786903129e+01,1.203958842411059216e+01,1.289248965879502684e+01,1.393492450273418370e+01,1.516689295704314944e+01,1.658839502322963000e+01,1.819943070331540014e+01,2.000000000000000000e+01
1.055529317505748566e+01,1.064974024258743590e+01,1.093308144517728842e+01,1.140531678305728924e+01,1.206644625660793579e+01,1.291646986640084549e+01,1.395538761324512933e+01,1.518319949825209569e+01,1.659990552292435240e+01,1.820550568927684765e+01,2.000000000000000000e+01
1.058715890856546338e+01,1.068128731876276838e+01,1.096367254935468338e+01,1.143431460057067817e+01,1.209321347278995518e+01,1.294036916658220449e+01,1.397578168275379085e+01,1.519945102241227097e+01,1.661137718705517585e+01,1.821156017869063959e+01,2.000000000000000000e+01
1.061891712947517519e+01,1.071272795746580897e+01,1.099416044143771032e+01,1.146321458161956741e+01,1.211989037838930550e+01,1.296418783231468019e+01,1.399610694419933488e+01,1.521564771514707815e+01,1.662281014665038015e+01,1.821759424071059286e+01,2.000000000000000000e+01
1.065056820052606135e+01,1.074406251780860266e+01,1.102454546965622662e+01,1.149201705629684866e+01,1.214647727810710975e+01,1.298792613565285592e+01,1.401636362973500383e+01,1.523178976145362995e+01,1.663420453229616669e+01,1.822360794425720343e+01,2.000000000000000000e+01
1.068211248323370377e+01,1.077529135769157875e+01,1.105482798106519837e+01,1.152072235358170360e+01,1.217297447561647239e+01,1.301158434773342343e+01,1.403655197073077154e+01,1.524787734570487885e+01,1.664556047413814355e+01,1.822960135801843151e+01,2.000000000000000000e+01
1.071355033789397559e+01,1.080641483380764356e+01,1.108500832154864923e+01,1.154933080134337331e+01,1.219938227356591121e+01,1.303516273877827736e+01,1.405667219777599364e+01,1.526391065165171312e+01,1.665687810188282825e+01,1.823557455045049025e+01,2.000000000000000000e+01
1.074488212358711259e+01,1.083743330164624119e+01,1.111508683582362700e+01,1.157784272634488154e+01,1.222570097358283547e+01,1.305866157809760963e+01,1.407672454068203294e+01,1.527988986242506897e+01,1.666815754479911149e+01,1.824152758977863442e+01,2.000000000000000000e+01
1.077610819818186449e+01,1.086834711549742671e+01,1.114506386744411870e+01,1.160625845424678459e+01,1.225193087627699562e+01,1.308208113409298079e+01,1.409670922848488850e+01,1.529581516053799994e+01,1.667939893171974575e+01,1.824746054399792428e+01,2.000000000000000000e+01
1.080722891833955224e+01,1.089915662845591271e+01,1.117493975880499413e+01,1.163457830961088213e+01,1.227807228124389738e+01,1.310542167426037885e+01,1.411662648944779974e+01,1.531168672788778196e+01,1.669060239104280186e+01,1.825337348087400713e+01,2.000000000000000000e+01
1.083824463951814465e+01,1.092986219242508383e+01,1.120471485114590315e+01,1.166280261590393508e+01,1.230412548706823905e+01,1.312868346519328178e+01,1.413647655106387724e+01,1.532750474575798982e+01,1.670176805073315762e+01,1.825926646794390251e+01,2.000000000000000000e+01
1.086915571597632812e+01,1.096046415812104335e+01,1.123438948455518904e+01,1.169093169550134093e+01,1.233009079132732033e+01,1.315186677258570747e+01,1.415625964005867665e+01,1.534326939482054719e+01,1.671289603832393311e+01,1.826513957251676956e+01,2.000000000000000000e+01
1.089996250077754603e+01,1.099096287507659753e+01,1.126396399797375381e+01,1.171896586969084098e+01,1.235596849059442803e+01,1.317497186123524244e+01,1.417597598239280465e+01,1.535898085513781197e+01,1.672398648091797213e+01,1.827099286167464598e+01,2.000000000000000000e+01
1.093066534579403282e+01,1.102135869164526127e+01,1.129343872919894665e+01,1.174690545867616187e+01,1.238175888044224671e+01,1.319799899504605989e+01,1.419562580326449464e+01,1.537463930616462982e+01,1.673503950518928818e+01,1.827682640227326871e+01,2.000000000000000000e+01
1.096126460171083039e+01,1.105165195500522479e+01,1.132281401488840622e+01,1.177475078158069977e+01,1.240746225544621240e+01,1.322094843703194655e+01,1.421520932711217178e+01,1.539024492675036804e+01,1.674605523738448554e+01,1.828264026094279160e+01,2.000000000000000000e+01
1.099176061802980620e+01,1.108184301116333437e+01,1.135209019056391888e+01,1.180250215645114586e+01,1.243307890918788416e+01,1.324382044931929769e+01,1.423472677761703054e+01,1.540579789514097975e+01,1.675703380332424075e+01,1.828843450408857407e+01,2.000000000000000000e+01
1.102215374307361806e+01,1.111193220495902700e+01,1.138126759061525028e+01,1.183015990026112618e+01,1.245860913425830496e+01,1.326661529315010668e+01,1.425417837770558016e+01,1.542129838898102712e+01,1.676797532840471661e+01,1.829420919789192013e+01,2.000000000000000000e+01
1.105244432398972698e+01,1.114191988006828282e+01,1.141034654830394679e+01,1.185772432891482353e+01,1.248405322226133762e+01,1.328933322888497592e+01,1.427356434955218489e+01,1.543674658531571176e+01,1.677887993759899388e+01,1.829996440831084925e+01,2.000000000000000000e+01
1.108263270675432643e+01,1.117180637900753837e+01,1.143932739576717061e+01,1.188519575725058353e+01,1.250941146381699198e+01,1.331197451600604964e+01,1.429288491458162014e+01,1.545214266059289621e+01,1.678974775545851372e+01,1.830570020108083895e+01,2.000000000000000000e+01
1.111271923617633739e+01,1.120159204313761947e+01,1.146821046402146749e+01,1.191257449904451171e+01,1.253468414856475022e+01,1.333453941312001412e+01,1.431214029347158956e+01,1.546748679066512722e+01,1.680057890611447391e+01,1.831141664171557792e+01,2.000000000000000000e+01
1.114270425590129321e+01,1.123127721266761192e+01,1.149699608296656628e+01,1.193986086701405469e+01,1.255987156516687087e+01,1.335702817796102870e+01,1.433133070615524396e+01,1.548277915079163591e+01,1.681137351327927831e+01,1.831711379550772989e+01,2.000000000000000000e+01
1.117258810841531158e+01,1.126086222665876768e+01,1.152568458138913243e+01,1.196705517282158127e+01,1.258497400131169286e+01,1.337944106739367989e+01,1.435045637182369127e+01,1.549801991564033443e+01,1.682213170024792959e+01,1.832279172752965479e+01,2.000000000000000000e+01
1.120237113504898474e+01,1.129034742302837380e+01,1.155427628696653919e+01,1.199415772707792271e+01,1.260999174371691289e+01,1.340177833741591051e+01,1.436951750892851898e+01,1.551320925928983563e+01,1.683285358989944314e+01,1.832845050263415843e+01,2.000000000000000000e+01
1.123205367598128213e+01,1.131973313855360885e+01,1.158277152627058726e+01,1.202116883934594149e+01,1.263492507813285748e+01,1.342404024316194366e+01,1.438851433518425971e+01,1.552834735523140353e+01,1.684353930469823979e+01,1.833409018545525271e+01,2.000000000000000000e+01
1.126163607024342816e+01,1.134901970887538702e+01,1.161117062477126360e+01,1.204808881814406085e+01,1.265977428934577098e+01,1.344622703890521009e+01,1.440744706757090299e+01,1.554343437637097125e+01,1.685418896669557043e+01,1.833971084040886623e+01,2.000000000000000000e+01
1.129111865572278539e+01,1.137820746850219855e+01,1.163947390684043448e+01,1.207491797094977315e+01,1.268453966118103082e+01,1.346833897806122593e+01,1.442631592233636262e+01,1.555847049503109325e+01,1.686480269753088024e+01,1.834531253169360809e+01,2.000000000000000000e+01
1.132050176916671269e+01,1.140729675081392536e+01,1.166768169575555980e+01,1.210165660420318368e+01,1.270922147650641598e+01,1.349037631319051300e+01,1.444512111499894758e+01,1.557345588295292593e+01,1.687538061843322623e+01,1.835089532329146778e+01,2.000000000000000000e+01
1.134978574618640756e+01,1.143628788806565488e+01,1.169579431370339329e+01,1.212830502331047278e+01,1.273382001723533641e+01,1.351233929600146411e+01,1.446386286034982582e+01,1.558839071129817633e+01,1.688592285022263439e+01,1.835645927896857188e+01,2.000000000000000000e+01
1.137897092126073950e+01,1.146518121139146729e+01,1.172381208178364709e+01,1.215486353264741304e+01,1.275833556433004112e+01,1.353422817735323669e+01,1.448254137245547390e+01,1.560327515065107029e+01,1.689642951331150300e+01,1.836200446227590888e+01,2.000000000000000000e+01
1.140805762774007626e+01,1.149397705080822440e+01,1.175173532001266885e+01,1.218133243556284206e+01,1.278276839780483698e+01,1.355604320725860390e+01,1.450115686466012477e+01,1.561810937102029229e+01,1.690690072770595975e+01,1.836753093655005387e+01,2.000000000000000000e+01
1.143704619785007104e+01,1.152267573521932853e+01,1.177956434732709923e+01,1.220771203438210861e+01,1.280711879672928077e+01,1.357778463488681275e+01,1.451970954958820492e+01,1.563289354184093582e+01,1.691733661300724378e+01,1.837303876491387911e+01,2.000000000000000000e+01
1.146593696269549234e+01,1.155127759241849539e+01,1.180729948158750631e+01,1.223400263041054536e+01,1.283138703923137136e+01,1.359945270856643873e+01,1.453819963914676094e+01,1.564762783197642193e+01,1.692773728841307346e+01,1.837852801027728589e+01,2.000000000000000000e+01
1.149473025226397560e+01,1.157978294909348627e+01,1.183494103958202182e+01,1.226020452393690263e+01,1.285557340250072755e+01,1.362104767578820130e+01,1.455662734452788243e+01,1.566231240972045846e+01,1.693810287271899284e+01,1.838399873533793283e+01,2.000000000000000000e+01
1.152342639542979441e+01,1.160819213082983481e+01,1.186248933702995956e+01,1.228631801423678027e+01,1.287967816279174293e+01,1.364256978320782032e+01,1.457499287621110717e+01,1.567694744279891772e+01,1.694843348431975372e+01,1.838945100258192866e+01,2.000000000000000000e+01
1.155202571995765304e+01,1.163650546211459336e+01,1.188994468858541609e+01,1.231234339957604007e+01,1.290370159542675665e+01,1.366401927664881022e+01,1.459329644396584058e+01,1.569153309837179577e+01,1.695872924121063363e+01,1.839488487428456409e+01,2.000000000000000000e+01
1.158052855250637236e+01,1.166472326633999756e+01,1.191730740784087317e+01,1.233828097721422168e+01,1.292764397479919047e+01,1.368539640110529376e+01,1.461153825685373242e+01,1.570606954303510427e+01,1.696899026098882146e+01,1.840030041251102588e+01,2.000000000000000000e+01
1.160893521863266820e+01,1.169284586580719498e+01,1.194457780733077179e+01,1.236413104340793367e+01,1.295150557437667871e+01,1.370670140074480514e+01,1.462971852323108024e+01,1.572055694282275873e+01,1.697921666085473191e+01,1.840569767911707899e+01,2.000000000000000000e+01
1.163724604279484431e+01,1.172087358172990612e+01,1.197175619853508799e+01,1.238989389341423042e+01,1.297528666670420172e+01,1.372793451891107708e+01,1.464783745075120081e+01,1.573499546320849873e+01,1.698940855761335200e+01,1.841107673574980907e+01,2.000000000000000000e+01
1.166546134835651038e+01,1.174880673423810329e+01,1.199884289188288378e+01,1.241556982149400312e+01,1.299898752340718922e+01,1.374909599812681371e+01,1.466589524636680331e+01,1.574938526910776204e+01,1.699956606767558753e+01,1.841643764384830462e+01,2.000000000000000000e+01
1.169358145759026968e+01,1.177664564238166811e+01,1.202583819675586163e+01,1.244115912091531762e+01,1.302260841519463064e+01,1.377018608009647238e+01,1.468389211633235547e+01,1.576372652487957993e+01,1.700968930705957405e+01,1.842178046464434971e+01,2.000000000000000000e+01
1.172160669168140679e+01,1.180439062413402596e+01,1.205274242149188879e+01,1.246666208395678055e+01,1.304614961186216426e+01,1.379120500570900987e+01,1.470182826620644079e+01,1.577801939432845124e+01,1.701977839139200910e+01,1.842710525916315945e+01,2.000000000000000000e+01
1.174953737073154336e+01,1.183204199639578924e+01,1.207955587338853043e+01,1.249207900191087361e+01,1.306961138229515207e+01,1.381215301504064996e+01,1.471970390085410152e+01,1.579226404070620404e+01,1.702983343590949161e+01,1.843241208822404076e+01,2.000000000000000000e+01
1.177737381376230275e+01,1.185960007499836344e+01,1.210627885870654552e+01,1.251741016508727178e+01,1.309299399447176349e+01,1.383303034735761372e+01,1.473751922444917106e+01,1.580646062671386431e+01,1.703985455545979377e+01,1.843770101244109938e+01,2.000000000000000000e+01
1.180511633871896571e+01,1.188706517470757262e+01,1.213291168267339337e+01,1.254265586281617750e+01,1.311629771546602363e+01,1.385383724111885329e+01,1.475527444047663117e+01,1.582060931450352292e+01,1.704984186450322170e+01,1.844297209222394329e+01,2.000000000000000000e+01
1.183276526247407645e+01,1.191443760922723882e+01,1.215945464948672416e+01,1.256781638345160879e+01,1.313952281145087753e+01,1.387457393397878214e+01,1.477296975173490878e+01,1.583471026568018303e+01,1.705979547711388733e+01,1.844822538777834708e+01,2.000000000000000000e+01
1.186032090083107704e+01,1.194171769120276849e+01,1.218590806231784285e+01,1.259289201437469785e+01,1.316266954770121700e+01,1.389524066278997871e+01,1.479060536033821371e+01,1.584876364130359860e+01,1.706971550698103712e+01,1.845346095910697670e+01,2.000000000000000000e+01
1.188778356852791696e+01,1.196890573222473186e+01,1.221227222331517659e+01,1.261788304199698096e+01,1.318573818859692004e+01,1.391583766360590779e+01,1.480818146771882837e+01,1.586276960189012719e+01,1.707960206741033460e+01,1.845867886601003605e+01,2.000000000000000000e+01
1.191515357924063956e+01,1.199600204283241212e+01,1.223854743360772801e+01,1.264278975176365449e+01,1.320872899762585817e+01,1.393636517168360278e+01,1.482569827462942413e+01,1.587672830741454710e+01,1.708945527132514997e+01,1.846387916808597751e+01,2.000000000000000000e+01
1.194243124558696856e+01,1.202300693251735453e+01,1.226473399330851421e+01,1.266761242815684874e+01,1.323164223738692691e+01,1.395682342148635691e+01,1.484315598114534396e+01,1.589063991731190129e+01,1.709927523126786397e+01,1.846906192473216279e+01,2.000000000000000000e+01
1.196961687912988026e+01,1.204992070972690854e+01,1.229083220151799338e+01,1.269235135469887332e+01,1.325447816959302294e+01,1.397721264668640551e+01,1.486055478666689567e+01,1.590450459047930742e+01,1.710906205940115399e+01,1.847422719514556633e+01,2.000000000000000000e+01
1.199671079038116339e+01,1.207674368186774316e+01,1.231684235632748070e+01,1.271700681395545551e+01,1.327723705507404972e+01,1.399753308016758702e+01,1.487789488992162212e+01,1.591832248527777871e+01,1.711881586750926232e+01,1.847937503832342543e+01,2.000000000000000000e+01
1.202371328880496115e+01,1.210347615530935883e+01,1.234276475482255364e+01,1.274157908753896251e+01,1.329991915377988576e+01,1.401778495402800928e+01,1.489517648896657320e+01,1.593209375953402862e+01,1.712853676699928229e+01,1.848450551306392597e+01,2.000000000000000000e+01
1.205062468282130261e+01,1.213011843538758683e+01,1.236859969308644125e+01,1.276606845611162910e+01,1.332252472478336003e+01,1.403796849958269988e+01,1.491239978119057419e+01,1.594581857054227392e+01,1.713822486890242303e+01,1.848961867796687386e+01,2.000000000000000000e+01
1.207744527980963767e+01,1.215667082640808339e+01,1.239434746620341699e+01,1.279047519938874977e+01,1.334505402628320958e+01,1.405808394736623868e+01,1.492956496331646932e+01,1.595949707506603410e+01,1.714788028387529195e+01,1.849471459143436647e+01,2.000000000000000000e+01
1.210417538611234534e+01,1.218313363164979890e+01,1.242000836826215782e+01,1.281479959614188502e+01,1.336750731560702832e+01,1.407813152713541349e+01,1.494667223140338308e+01,1.597312942933992197e+01,1.715750312220113827e+01,1.849979331167145347e+01,2.000000000000000000e+01
1.213081530703821365e+01,1.220950715336843828e+01,1.244558269235911041e+01,1.283904192420203927e+01,1.338988484921420330e+01,1.409811146787181713e+01,1.496372178084894067e+01,1.598671578907141999e+01,1.716709349379113192e+01,1.850485489668681183e+01,2.000000000000000000e+01
1.215736534686595327e+01,1.223579169279992307e+01,1.247107073060183247e+01,1.286320246046283700e+01,1.341218688269885462e+01,1.411802399778448169e+01,1.498071380639151506e+01,1.600025630944267618e+01,1.717665150818560704e+01,1.850989940429339242e+01,2.000000000000000000e+01
1.218382580884766320e+01,1.226198755016383046e+01,1.249647277411233226e+01,1.288728148088368464e+01,1.343441367079273263e+01,1.413786934431248099e+01,1.499764850211244571e+01,1.601375114511224851e+01,1.718617727455531963e+01,1.851492689210909148e+01,2.000000000000000000e+01
1.221019699521227331e+01,1.228809502466680392e+01,1.252178911303039399e+01,1.291127926049291652e+01,1.345656546736815784e+01,1.415764773412752042e+01,1.501452606143826607e+01,1.602720045021690964e+01,1.719567090170269097e+01,1.851993741755741141e+01,2.000000000000000000e+01
1.223647920716904558e+01,1.231411441450600819e+01,1.254702003651689779e+01,1.293519607339095323e+01,1.347864252544089148e+01,1.417735939313653226e+01,1.503134667714288675e+01,1.604060437837337361e+01,1.720513249806304756e+01,1.852493103786811091e+01,2.000000000000000000e+01
1.226267274491095272e+01,1.234004601687249369e+01,1.257216583275711663e+01,1.295903219275341023e+01,1.350064509717305050e+01,1.419700454648426557e+01,1.504811054134982129e+01,1.605396308268005967e+01,1.721456217170586811e+01,1.852990781007785515e+01,2.000000000000000000e+01
1.228877790761817046e+01,1.236589012795462672e+01,1.259722678896399550e+01,1.298278789083423845e+01,1.352257343387596755e+01,1.421658341855583529e+01,1.506481784553437464e+01,1.606727671571885452e+01,1.722396003033600564e+01,1.853486779103087656e+01,2.000000000000000000e+01
1.231479499346144024e+01,1.239164704294144492e+01,1.262220319138146074e+01,1.300646343896881163e+01,1.354442778601306863e+01,1.423609623297930504e+01,1.508146878052582807e+01,1.608054542955683885e+01,1.723332618129493454e+01,1.853981103737961433e+01,2.000000000000000000e+01
1.234072429960550288e+01,1.241731705602604130e+01,1.264709532528766189e+01,1.303005910757705266e+01,1.356620840320274191e+01,1.425554321262823620e+01,1.509806353650961519e+01,1.609376937574803179e+01,1.724266073156196555e+01,1.854473760558537165e+01,2.000000000000000000e+01
1.236656612221249141e+01,1.244290046040893039e+01,1.267190347499824377e+01,1.305357516616649782e+01,1.358791553422117637e+01,1.427492457962422101e+01,1.511460230302949803e+01,1.610694870533512457e+01,1.725196378775546435e+01,1.854964755191896231e+01,2.000000000000000000e+01
1.239232075644530795e+01,1.246839754830137892e+01,1.269662792386959360e+01,1.307701188333538944e+01,1.360954942700521109e+01,1.429424055533944049e+01,1.513108526898974127e+01,1.612008356885119653e+01,1.726123545613407728e+01,1.855454093246132885e+01,2.000000000000000000e+01
1.241798849647099701e+01,1.249380861092876671e+01,1.272126895430207760e+01,1.310036952677573829e+01,1.363111032865516137e+01,1.431349136039917624e+01,1.514751262265724741e+01,1.613317411632144172e+01,1.727047584259793567e+01,1.855941780310421052e+01,2.000000000000000000e+01
1.244356963546410810e+01,1.251913393853389600e+01,1.274582684774325791e+01,1.312364836327638073e+01,1.365259848543764853e+01,1.433267721468433997e+01,1.516388455166372928e+01,1.614622049726487418e+01,1.727968505268988153e+01,1.856427821955077562e+01,2.000000000000000000e+01
1.246906446561003889e+01,1.254437382038030790e+01,1.277030188469111671e+01,1.314684865872603226e+01,1.367401414278840832e+01,1.435179833733398169e+01,1.518020124300784701e+01,1.615922286069605462e+01,1.728886319159665774e+01,1.856912223731624678e+01,2.000000000000000000e+01
1.249447327810837116e+01,1.256952854475559356e+01,1.279469434469726075e+01,1.316997067811631617e+01,1.369535754531509220e+01,1.437085494674779440e+01,1.519646288305733250e+01,1.617218135512677080e+01,1.729801036415012305e+01,1.857394991172854759e+01,2.000000000000000000e+01
1.251979636317621392e+01,1.259459839897468747e+01,1.281900450637010458e+01,1.319301468554479406e+01,1.371662893680007400e+01,1.438984726058860630e+01,1.521266965755113176e+01,1.618509612856774282e+01,1.730712667482842448e+01,1.857876129792893138e+01,2.000000000000000000e+01
1.254503401005149499e+01,1.261958366938313603e+01,1.284323264737806092e+01,1.321598094421798919e+01,1.373782856020320509e+01,1.440877549578485528e+01,1.522882175160152229e+01,1.619796732853032140e+01,1.731621222775722302e+01,1.858355645087259944e+01,2.000000000000000000e+01
1.257018650699627038e+01,1.264448464136038197e+01,1.286737904445271496e+01,1.323886971645436716e+01,1.375895665766462272e+01,1.442763986853309710e+01,1.524491934969621987e+01,1.621079510202815044e+01,1.732526712671085534e+01,1.858833542532934402e+01,2.000000000000000000e+01
1.259525414130003718e+01,1.266930159932302047e+01,1.289144397339196857e+01,1.326168126368736822e+01,1.378001347050749281e+01,1.444644059430044436e+01,1.526096263570050127e+01,1.622357959557887597e+01,1.733429147511354884e+01,1.859309827588417363e+01,2.000000000000000000e+01
1.262023719928299137e+01,1.269403482672804806e+01,1.291542770906321280e+01,1.328441584646837370e+01,1.380099923924078631e+01,1.446517788782704628e+01,1.527695179285929328e+01,1.623632095520579810e+01,1.734328537604056564e+01,1.859784505693792411e+01,2.000000000000000000e+01
