1.134921459232540314e-01,1.685626700460575722e-01,3.337742424144681808e-01,6.091268859755984977e-01,9.946206459725260851e-01,1.490255608793308317e+00,2.096031936511231653e+00,2.811949932295426002e+00,3.638010164057447593e+00,4.574213698311245579e+00,5.620562543135504185e+00,6.777060488574271346e+00,8.043714703570802982e+00,9.420538774870530929e+00,1.090755849760810747e+01,1.250482292257150441e+01,1.421242545554424730e+01,1.603054419635862260e+01,1.795951913404622147e+01,2.000000000000000000e+01
2.294192754266877465e-01,2.841560822574083489e-01,4.483665027495701283e-01,7.220507411092740302e-01,1.105209182677197699e+00,1.597842521089905876e+00,2.199951969784042394e+00,2.911539626059963748e+00,3.732609088153109766e+00,4.663166485502164171e+00,5.703222168786880708e+00,6.852793417863836112e+00,8.111908637082473561e+00,9.480613525816492526e+00,1.095897937458938998e+01,1.254711227666513196e+01,1.424515806713686850e+01,1.605328754138191627e+01,1.797162175887935120e+01,2.000000000000000000e+01
3.473117355211522983e-01,4.017133535678112932e-01,5.649182077077883335e-01,8.369271061068020989e-01,1.217741505693197945e+00,1.707363868975627197e+00,2.305798187420657452e+00,3.013050780366617332e+00,3.829131468179972408e+00,4.754055218629066992e+00,5.787844321909147993e+00,6.930531010359214150e+00,8.182160125614624135e+00,9.542790863077854624e+00,1.101249579978849802e+01,1.259135478293227628e+01,1.427944269086910722e+01,1.607681947354394580e+01,1.798356470238078231e+01,2.000000000000000000e+01
4.667766219551830464e-01,5.208428448791979637e-01,6.830415136512427710e-01,9.533745243942726155e-01,1.331845143549381438e+00,1.818458549919472089e+00,2.413222501676000498e+00,3.116148207445887053e+00,3.927251375265584432e+00,4.846553341470597687e+00,5.874082079665759792e+00,7.009872779152440891e+00,8.253967647178590994e+00,9.606414823814992232e+00,1.106726712057449724e+01,1.263658293864414439e+01,1.431443327645620300e+01,1.610091437418874349e+01,1.799613303174646362e+01,2.000000000000000000e+01
5.874863364081687189e-01,6.412177188384722282e-01,8.024118661293828669e-01,1.071071790441612714e+00,1.447202475025882284e+00,1.930811379641377945e+00,2.521908919112318515e+00,3.220508982354716387e+00,4.026629426279727753e+00,4.940292464414658191e+00,5.961524898529710015e+00,7.090358235462702829e+00,8.326828887735802098e+00,9.670978760568742061e+00,1.112285620947525722e+01,1.268251590747397728e+01,1.435001321629597548e+01,1.612538815045703089e+01,1.800865981633135249e+01,2.000000000000000000e+01
7.091586041064266155e-01,7.625554754412786629e-01,9.227460894458350271e-01,1.189734056525706407e+00,1.563525182773855660e+00,2.044127824316239739e+00,2.631553123042605691e+00,3.325815242443824982e+00,4.126931596567404270e+00,5.034923073113539260e+00,6.049814259163129648e+00,7.171633643776239353e+00,8.400413645411427765e+00,9.736190092751217051e+00,1.117900071175555077e+01,1.272888304495652534e+01,1.438587539276256244e+01,1.615002844601825771e+01,1.802141833653955416e+01,2.000000000000000000e+01
8.315380570524797399e-01,8.846000306590209306e-01,1.043785951478644503e+00,1.309099478425350682e+00,1.680546419483375686e+00,2.158134989024194539e+00,2.741875929725801964e+00,3.431782634934409160e+00,4.227871263517086753e+00,5.130160814736511199e+00,6.138673105346685865e+00,7.253432581242372557e+00,8.474465960327648872e+00,9.801801920972437188e+00,1.123547136558359227e+01,1.277550855817097286e+01,1.442195085328489945e+01,1.617482876055273877e+01,1.803414643297064046e+01,2.000000000000000000e+01
9.543906708813324480e-01,1.007116944527005398e+00,1.165295765464024136e+00,1.428930566844564209e+00,1.798026768762322813e+00,2.272591974424203798e+00,2.852636018190723544e+00,3.538170988122124161e+00,4.329211214742657354e+00,5.225773215578310982e+00,6.227875604836205170e+00,7.335539010164786156e+00,8.548786040959578614e+00,9.867641220268266622e+00,1.129213043594585386e+01,1.282227925091383902e+01,1.445811115231879818e+01,1.619965338013585310e+01,1.804695693679833113e+01,2.000000000000000000e+01
1.077507317813205967e+00,1.129897103590881580e+00,1.287066460923908195e+00,1.549018476025104896e+00,1.915757997704236937e+00,2.387291778779545570e+00,2.963628474615672470e+00,3.644778618689729299e+00,4.430754583062484819e+00,5.321570525975459987e+00,6.317242317851859745e+00,7.417787407095940644e+00,8.623224554222966631e+00,9.933573417371311720e+00,1.134885428127215690e+01,1.286908869825069601e+01,1.449430092577665441e+01,1.622451382191611202e+01,1.805972831195419559e+01,2.000000000000000000e+01
1.200706339172743053e+00,1.252759057882235849e+00,1.408917214010714236e+00,1.669183494333328355e+00,2.033562108580852623e+00,2.502058897965041773e+00,3.074681317947035364e+00,3.751438399706925164e+00,4.532340690981098597e+00,5.417400166732528888e+00,6.406630100953804252e+00,7.500044912070660708e+00,8.697660039750255478e+00,9.999491922000940392e+00,1.140555793253741612e+01,1.291587557972697553e+01,1.453046045594645186e+01,1.624932779969090291e+01,1.807251099425999996e+01,2.000000000000000000e+01
1.323832802304397260e+00,1.375548174118755629e+00,1.530694289561830956e+00,1.789273446179586280e+00,2.151289238565390782e+00,2.616746642333768413e+00,3.185651985457184754e+00,3.858012896331355357e+00,4.633838233829489894e+00,5.513138004077749343e+00,6.495923272025120987e+00,7.582206066849082937e+00,8.771999241515890944e+00,1.006531620196410515e+01,1.146217053343397119e+01,1.296257608543427509e+01,1.456654839500467880e+01,1.627410403690629082e+01,1.808524358024490652e+01,2.000000000000000000e+01
1.446756466374437666e+00,1.498134548730299054e+00,1.652268795797882994e+00,1.909161147685357607e+00,2.268814635029056337e+00,2.731233443551068341e+00,3.296422883219116695e+00,3.964389339981081228e+00,4.735140215230345007e+00,5.608683850870181509e+00,6.585029431722708715e+00,7.664186857723437107e+00,8.846166606394545440e+00,1.013097966548030726e+01,1.151863758633771262e+01,1.300915226539353320e+01,1.460253443024279996e+01,1.629879298868278426e+01,1.809794958626304151e+01,2.000000000000000000e+01
1.569369089499395242e+00,1.620410261938202590e+00,1.773533779254625076e+00,2.028741264197568839e+00,2.386035250030575039e+00,2.845419232337239812e+00,3.406897640019512341e+00,4.070475789376431841e+00,4.836159824203644320e+00,5.703956642968160295e+00,6.673873818995268437e+00,7.745919524416210677e+00,8.920102453713328217e+00,1.019643168602387995e+01,1.157491639872955069e+01,1.305556567579628258e+01,1.463838944328889013e+01,1.632339940631201713e+01,1.811059628036636582e+01,2.000000000000000000e+01
1.691581452767316529e+00,1.742286388370617445e+00,1.894401195180519748e+00,2.147927223197021007e+00,2.502866578525988039e+00,2.959222164174124980e+00,3.516997652749165315e+00,4.176197445476569570e+00,4.936826622364563377e+00,5.798890885190484568e+00,6.762396490824679418e+00,7.827350165649381353e+00,8.993758996795165217e+00,1.026163034293015031e+01,1.163097186782947823e+01,1.310179158205338368e+01,1.467409694855889946e+01,1.634789339098910688e+01,1.812319489280215024e+01,2.000000000000000000e+01
1.813320552621410897e+00,1.863690181762812648e+00,2.014799069187018343e+00,2.266648332621521433e+00,2.619239714971191901e+00,3.072575617221710242e+00,3.626659075184180292e+00,4.281493724816299640e+00,5.037083758476027739e+00,5.893433871621874154e+00,6.850549201380455422e+00,7.908435265225842947e+00,9.067097910498587154e+00,1.032654325204498313e+01,1.168677750071336696e+01,1.314780670562417697e+01,1.470963722553895892e+01,1.637227717001374572e+01,1.813572735009288550e+01,2.000000000000000000e+01
1.934527034297132353e+00,1.984562505811708455e+00,2.134668920355436761e+00,2.384847200664605538e+00,2.735098785320528414e+00,3.185425655315413440e+00,3.735830313651638424e+00,4.386315754975147030e+00,5.136885428416148258e+00,5.987543195690511411e+00,6.938293285493372764e+00,7.989140239650714292e+00,9.140088840107482682e+00,1.039114402655899205e+01,1.174231089035382070e+01,1.319359478818398301e+01,1.474500091134519586e+01,1.639653267733458364e+01,1.814819911125489327e+01,2.000000000000000000e+01
2.055152935357538624e+00,2.104855581663857222e+00,2.253963520582813018e+00,2.502477512259585701e+00,2.850398741390776092e+00,3.297728838634550019e+00,3.844469863508003904e+00,4.490624279529182417e+00,5.236194923723434869e+00,6.081184970156952474e+00,7.025597886788605528e+00,8.069437388886671059e+00,9.212707400418594261e+00,1.045541202516122503e+01,1.179755546088531659e+01,1.323914177539571391e+01,1.478017506331035769e+01,1.642066086771620803e+01,1.816059998008850229e+01,2.000000000000000000e+01
2.175159754542823176e+00,2.224531059431032354e+00,2.372644974095660775e+00,2.619502123632502677e+00,2.965103482203180540e+00,3.409450390548979470e+00,3.952544541644059883e+00,4.594387959499168339e+00,5.334982972979135596e+00,6.174332185900386349e+00,7.112438445249115837e+00,8.149304807030455677e+00,9.284934491234984932e+00,1.051933081896868494e+01,1.185249718173112043e+01,1.328443714532424735e+01,1.481515430512867582e+01,1.644465087335600018e+01,1.817293267771753662e+01,2.000000000000000000e+01
2.294516809903052401e+00,2.343558380935216068e+00,2.490683094031707956e+00,2.735891462771571803e+00,3.079184287394885366e+00,3.520562668965038888e+00,4.060027997342036343e+00,4.697581933812180033e+00,5.433226390100719172e+00,6.266963503908427491e+00,7.198795610030197523e+00,8.228725207121410534e+00,9.356754927236456965e+00,1.058288751932099103e+01,1.190712581396500802e+01,1.332947256217416054e+01,1.484993041680006165e+01,1.646850313090314799e+01,1.818519140280302793e+01,2.000000000000000000e+01
2.413199865597347227e+00,2.461913410501710420e+00,2.608054045214800443e+00,2.851622191265785755e+00,3.192618505420813158e+00,3.631043891297348836e+00,4.166899489502224441e+00,4.800186663200712189e+00,5.530906980243677218e+00,6.359062192393227342e+00,7.284654213023811664e+00,8.307685094641303891e+00,9.428157002047147017e+00,1.064607216974360782e+01,1.196143286355380475e+01,1.337424145104698425e+01,1.488450040868188395e+01,1.649221119749321574e+01,1.819737758535949723e+01,2.000000000000000000e+01
2.531189986680968840e+00,2.579577293349510914e+00,2.724739213355138023e+00,2.966676092520930563e+00,3.305388469639978233e+00,3.740877085926021639e+00,4.273142876768127429e+00,4.902186959796194898e+00,5.628010620505055073e+00,6.450615295834448482e+00,7.370002555207397776e+00,8.386174077949009487e+00,9.499131629985669178e+00,1.070887705144598634e+01,1.201541224651326267e+01,1.341873908099360513e+01,1.491885928445466192e+01,1.651577538118584698e+01,1.820948794782514923e+01,2.000000000000000000e+01
2.648472589906074592e+00,2.696535509832818533e+00,2.840724269613049913e+00,3.081039152824883054e+00,3.417480601246246863e+00,3.850049222589218889e+00,4.378745783782555634e+00,5.003571201229675580e+00,5.724526528794015690e+00,6.541612943670106262e+00,7.454831730838999526e+00,8.464184267711074128e+00,9.569672008054338264e+00,1.077129645544854952e+01,1.206905912770901779e+01,1.346296159510580814e+01,1.495300555438087642e+01,1.653919198439959004e+01,1.822152332551300802e+01,2.000000000000000000e+01
2.765036660036334748e+00,2.812777094442519221e+00,2.955998397661072641e+00,3.194700802159061048e+00,3.528884670098603404e+00,3.958550499666380063e+00,4.483698919497670410e+00,5.104330680575416501e+00,5.820446646429543236e+00,6.632047782049625972e+00,7.539135141450183042e+00,8.541709852818115678e+00,9.639773101507195463e+00,1.083332611938100065e+01,1.212237018486976581e+01,1.350690656479895146e+01,1.498693639358142882e+01,1.656246136128372015e+01,1.823348192308917604e+01,2.000000000000000000e+01
2.880874103414011511e+00,2.928293991862159107e+00,3.070553657206602338e+00,3.307653289986016709e+00,3.639593187021240794e+00,4.066373756583946175e+00,4.587995513843495132e+00,5.204459074302043575e+00,5.915765145760042643e+00,6.721914518842287301e+00,7.622908056304594560e+00,8.618746682310055363e+00,9.709431372459089715e+00,1.089496313825227070e+01,1.217534299869280368e+01,1.355057199521540134e+01,1.502065128497719826e+01,1.658558153034481109e+01,1.824536431508963830e+01,2.000000000000000000e+01
2.995979216640512366e+00,3.043080527611201180e+00,3.184384460523266736e+00,3.419891171515250239e+00,3.749600903826156628e+00,4.173513992039335818e+00,4.691630858335670951e+00,5.303952007039094418e+00,6.010478017973034603e+00,6.811209538940699915e+00,7.706147277502028103e+00,8.695291991375912133e+00,9.778644476576676681e+00,1.095620555821271402e+01,1.222797609333408531e+01,1.359395694213435135e+01,1.505414885280729465e+01,1.660855295341915649e+01,1.825716959205781365e+01,2.000000000000000000e+01
3.110348249708956292e+00,3.157132972872017440e+00,3.297487142361200885e+00,3.531410886125140092e+00,3.858904403480631906e+00,4.279967968576420034e+00,4.794601927318999479e+00,5.402806692949130074e+00,6.104582740668304197e+00,6.899930601333714719e+00,7.788850854207740149e+00,8.771344119427473274e+00,9.847411051498331958e+00,1.101705233062769551e+01,1.228026864214492697e+01,1.363706067724745807e+01,1.508742922210362458e+01,1.663137472794419125e+01,1.826889822493894044e+01,2.000000000000000000e+01
3.223979047559975442e+00,3.270449187438030147e+00,3.409859607072194265e+00,3.642210411297130968e+00,3.967501763424176708e+00,4.385733888087809618e+00,4.896907068733511892e+00,5.501021643962223706e+00,6.198078003052703622e+00,6.988076580857204512e+00,7.871017852302836459e+00,8.846902326221830037e+00,9.915730537386426846e+00,1.107750303890699506e+01,1.233222040480955251e+01,1.367988321891450276e+01,1.512049197718158311e+01,1.665404743111310992e+01,1.828054984086186607e+01,2.000000000000000000e+01
3.336870755982493275e+00,3.383028326753363846e+00,3.521501039065976890e+00,3.752288978820249810e+00,4.075392279831315356e+00,4.490811126155436206e+00,4.998545750021604839e+00,5.598596428852349760e+00,6.290963481662391388e+00,7.075647264872268138e+00,7.952648167453040706e+00,8.921966605668751882e+00,9.983603018619229275e+00,1.113755786356743371e+01,1.238383160207639655e+01,1.372242469347338556e+01,1.515333767028961987e+01,1.667657084132506995e+01,1.829212487829139278e+01,2.000000000000000000e+01
3.449023580477421635e+00,3.494870601736786320e+00,3.632411665514880816e+00,3.861646842194458085e+00,4.182576241416684937e+00,4.595200013991238563e+00,5.099518350212523643e+00,5.695531477414862209e+00,6.383239656969279530e+00,7.162643180826623102e+00,8.033742367806002704e+00,8.996537559611249790e+00,1.005102911564550006e+01,1.119721740705054280e+01,1.243510281813815155e+01,1.376468574490569274e+01,1.518596651762476846e+01,1.669894563643601870e+01,1.830362329252868037e+01,2.000000000000000000e+01
3.560438588656642978e+00,3.605977081948655183e+00,3.742592561824691799e+00,3.970285085956184901e+00,4.289054744185233581e+00,4.698901660088608878e+00,5.199825989590246778e+00,5.791827918957440424e+00,6.474907662382449303e+00,7.249065459199888650e+00,8.114301570664917307e+00,9.070616276325790039e+00,1.011800987086493819e+01,1.125648266161612021e+01,1.248603495979969580e+01,1.380666707117583059e+01,1.521837935568595590e+01,1.672117202533424063e+01,1.831504551926788693e+01,2.000000000000000000e+01
3.671117548296384481e+00,3.716349534293591717e+00,3.852045492285213424e+00,4.078205469529730287e+00,4.394829539646341487e+00,4.801917803897919335e+00,5.299470390062355207e+00,5.887487450798319699e+00,6.565969161638069096e+00,7.334915718656036532e+00,8.194327335949472157e+00,9.144204243038844382e+00,1.018454668157092158e+01,1.131535490086636209e+01,1.253662915825528579e+01,1.384836972219300577e+01,1.525057681355503902e+01,1.674325076513130028e+01,1.832639171571211989e+01,2.000000000000000000e+01
3.781062794714167286e+00,3.825990290917412828e+00,3.960772779527149012e+00,4.185410299271238088e+00,4.499902910482131091e+00,4.904250696149689226e+00,5.398453760992667938e+00,5.982512230113670171e+00,6.656426247373726568e+00,7.420195973537819789e+00,8.273821584148860708e+00,9.217303267059971716e+00,1.025064122015889012e+01,1.137383565002795294e+01,1.258688676674289475e+01,1.388979477426770792e+01,1.528255991555725579e+01,1.676518233652710066e+01,1.833766232513190175e+01,2.000000000000000000e+01
3.890277122121278186e+00,3.934902140994156916e+00,4.068777197612793550e+00,4.291902323718477241e+00,4.604277568759075123e+00,5.005903000752043752e+00,5.496778705528139852e+00,6.076904785638869377e+00,6.746281359018001744e+00,7.504908557416919201e+00,8.352786524691996561e+00,9.289915415085303607e+00,1.031629539116339878e+01,1.143192662063111698e+01,1.263680927590991843e+01,1.393094353894727888e+01,1.531432955806988083e+01,1.678696755484438441e+01,1.834885762915016372e+01,2.000000000000000000e+01
3.998763694675214087e+00,4.043088242130734145e+00,4.176061884497292986e+00,4.397684647792382329e+00,4.707956572548599006e+00,5.106877714523196055e+00,5.594448144077941443e+00,6.170667945278417221e+00,6.835537214802146266e+00,7.589056060699252981e+00,8.431224600992948126e+00,9.362042962024437642e+00,1.038151127681070207e+01,1.148962968427830234e+01,1.268639832639812326e+01,1.397181733957738992e+01,1.534588688772213771e+01,1.680860707150255351e+01,1.835997808038224832e+01,2.000000000000000000e+01
4.106525973644884253e+00,4.150552047822048785e+00,4.282630270353541491e+00,4.502760662569437855e+00,4.810943257700076359e+00,5.207178101457803798e+00,5.691465251530781977e+00,6.263804776852563094e+00,6.924196756710721878e+00,7.672641279701947425e+00,8.509138442570282734e+00,9.433688349055348255e+00,1.044629110861688837e+01,1.154694683424013135e+01,1.273565564160478480e+01,1.401241765405854878e+01,1.537723297163474179e+01,1.683010174206247811e+01,1.837102403681791429e+01,2.000000000000000000e+01
4.213567657794185628e+00,4.257297248072472229e+00,4.388486018907332031e+00,4.607133987788754048e+00,4.913241181965484650e+00,5.306807638924045278e+00,5.787833405975280066e+00,6.356318539652782817e+00,7.012263104980827499e+00,7.755667174644620410e+00,8.586530828069186327e+00,9.504854150323906126e+00,1.051063723094674707e+01,1.160388016346114703e+01,1.278458304395675782e+01,1.405274596394807674e+01,1.540836903406102287e+01,1.685145232394699022e+01,1.838199595878187154e+01,2.000000000000000000e+01
4.319892634588346603e+00,4.363327720795774134e+00,4.493632979418056728e+00,4.710808424800317695e+00,5.014854079292406119e+00,5.405769973642155612e+00,5.883556146657304531e+00,6.448212644717504105e+00,7.099739521181274604e+00,7.838136835691432047e+00,8.663404653390827548e+00,9.575543044143113747e+00,1.057455208174669004e+01,1.166043184247543607e+01,1.283318240410111599e+01,1.409280385032769800e+01,1.543929624893993235e+01,1.687265969868015247e+01,1.839289425056303529e+01,2.000000000000000000e+01
4.425504940265995835e+00,4.468647492047217895e+00,4.598075147390882300e+00,4.813787918065907334e+00,5.115785822409015360e+00,5.504068885648985443e+00,5.978637139631569397e+00,6.539490622418846044e+00,7.186629377799933494e+00,7.920053454735390908e+00,8.739762906750350169e+00,9.645757791218102284e+00,1.063803816852984419e+01,1.171660410175493539e+01,1.288145565606565590e+01,1.413259289310336619e+01,1.547001588765347435e+01,1.689372468809086669e+01,1.840371937754731491e+01,2.000000000000000000e+01
4.530408727176758354e+00,4.573260703490682033e+00,4.701816632432453957e+00,4.916076523661003783e+00,5.216040392226409139e+00,5.601708258836728405e+00,6.073080149632962943e+00,6.630156095863617871e+00,7.272936133490632393e+00,8.001420302729744805e+00,8.815608647524735275e+00,9.715501215017376069e+00,1.070109805506216460e+01,1.177239921928896038e+01,1.292940476014481277e+01,1.417211473454655213e+01,1.550052918868787799e+01,1.691464818882038301e+01,1.841447177136967639e+01,2.000000000000000000e+01
4.634608237065165781e+00,4.677171585789807295e+00,4.804861631963731838e+00,5.017678383517538698e+00,5.315621852808843251e+00,5.698692056842665998e+00,6.166889017088938552e+00,6.720212759216584786e+00,7.358663312767927955e+00,8.082240710787401028e+00,8.890944989421360134e+00,9.784776187454646390e+00,1.076373434573443610e+01,1.182781950691069817e+01,1.297703171532010558e+01,1.421137101269778746e+01,1.553083744975683622e+01,1.693543106027846434e+01,1.842515189984515445e+01,2.000000000000000000e+01
4.738107779229672190e+00,4.780384436853797325e+00,4.907214409726171844e+00,5.118597704361692813e+00,5.414534330912847970e+00,5.795024303351715034e+00,6.260067639320881838e+00,6.809664359917139365e+00,7.443814489430240044e+00,8.162518055040171916e+00,8.965775086467782984e+00,9.853585615614125715e+00,1.082594967625899862e+01,1.188286730348047193e+01,1.302433853280422582e+01,1.425036340306664506e+01,1.556094194597401525e+01,1.695607420622788908e+01,1.843576020993634046e+01,2.000000000000000000e+01
4.840911712670290079e+00,4.882903604056699542e+00,5.008879278215927933e+00,5.218838740503288776e+00,5.512781999264796617e+00,5.890709065987851822e+00,6.352619955180736966e+00,6.898514684196907609e+00,7.528393273019586829e+00,8.242255744014792995e+00,9.040102121667569435e+00,9.921932432285379022e+00,1.088774670360624874e+01,1.193754496459213144e+01,1.307132724553852299e+01,1.428909357489751208e+01,1.559084398723243226e+01,1.697657850631786758e+01,1.844629716965067345e+01,2.000000000000000000e+01
4.943024431506219507e+00,4.984733469713193976e+00,5.109860584334117384e+00,5.318405779774377784e+00,5.610369062900359971e+00,5.985750443164468138e+00,6.444549932507056766e+00,6.986767545213431241e+00,7.612403297741417774e+00,8.321457208523135307e+00,9.113929297735349877e+00,9.989819587055318806e+00,1.094912809947196131e+01,1.199185485894148862e+01,1.311799988967911368e+01,1.432756321832861524e+01,1.562054486685715382e+01,1.699694486566894369e+01,1.845676323362248539e+01,2.000000000000000000e+01
5.044450353069055204e+00,5.085878439219561287e+00,5.210162697671078647e+00,5.417303132050919956e+00,5.707299748013335616e+00,6.080152553343432409e+00,6.535861557878185124e+00,7.074426773391076395e+00,7.695848213450719122e+00,8.400125893257875731e+00,9.187259829472200323e+00,1.005725004002463407e+01,1.101009654385696557e+01,1.204579936075617574e+01,1.316435851155578085e+01,1.436577401583215874e+01,1.565004589732249762e+01,1.701717417294297618e+01,1.846715886829503361e+01,2.000000000000000000e+01
5.145193908188794296e+00,5.186342931378611354e+00,5.309790000948062527e+00,5.515535119887004178e+00,5.803578292856744980e+00,6.173919526276784531e+00,6.626558828260950662e+00,7.161496208523677964e+00,7.778731678267026162e+00,8.478265250051958191e+00,9.260096937649494819e+00,1.012422675587722587e+01,1.107065472048024013e+01,1.209938084793820678e+01,1.321040515490234135e+01,1.440372765980008118e+01,1.567934837804073034e+01,1.703726733053806441e+01,1.847748453108252420e+01,2.000000000000000000e+01
5.245259533274627017e+00,5.286131370512255678e+00,5.408746882225140773e+00,5.613106070880976795e+00,5.899208940327612893e+00,6.267055495865598402e+00,6.716645744197008661e+00,7.247979693350432129e+00,7.861057352589242875e+00,8.555878732305352230e+00,9.332443843906370162e+00,1.019075269969874853e+01,1.113080531271944373e+01,1.215260169660493972e+01,1.325614186581261755e+01,1.444142583397982271e+01,1.570845361758952308e+01,1.705722522885902492e+01,1.848774068555053063e+01,2.000000000000000000e+01
5.344651663865872315e+00,5.385248180038418653e+00,5.507037728556055889e+00,5.710020311458637643e+00,5.994195931927565724e+00,6.359564594346798216e+00,6.806126304261897353e+00,7.333881068319412222e+00,7.942828894193757705e+00,8.632969790504702701e+00,9.404303766722724944e+00,1.025683083306153165e+01,1.119055100040296757e+01,1.220546428019835794e+01,1.330157068403687859e+01,1.447887022481170938e+01,1.573736291350960670e+01,1.707704876473978217e+01,1.849792778876340549e+01,2.000000000000000000e+01
5.443374729386714961e+00,5.483697777246869798e+00,5.604666920827333421e+00,5.806282161817459375e+00,6.088543502852622247e+00,6.451450947565676941e+00,6.895004500554438920e+00,7.419204167333647959e+00,8.024049954276458507e+00,8.709541868546494925e+00,9.475679918025541326e+00,1.032246411124245000e+01,1.124989445726822623e+01,1.225797096561511346e+01,1.334669364644338074e+01,1.451606250941051357e+01,1.576607756613907618e+01,1.709673882562763225e+01,1.850804630046133070e+01,2.000000000000000000e+01
5.541433148886498294e+00,5.581484569056785361e+00,5.701638829567646560e+00,5.901895931821212749e+00,6.182255878005432415e+00,6.542718671137777164e+00,6.983284315039617773e+00,7.503952814297822904e+00,8.104724174218391752e+00,8.785598400774675909e+00,9.546575500548891924e+00,1.038765548066347399e+01,1.130883834873441174e+01,1.231012411282934949e+01,1.339151278114671761e+01,1.455300436285261689e+01,1.579459886594661278e+01,1.711629630084520315e+01,1.851809667535858495e+01,2.000000000000000000e+01
5.638831327587182862e+00,5.678612948578160236e+00,5.797957811551093243e+00,5.996865917672764112e+00,6.275337268764491938e+00,6.633371867339401540e+00,7.070969716582412801e+00,7.588130820320246883e+00,8.184855182985096178e+00,8.861142809572488233e+00,9.616993705596291520e+00,1.045240787704717711e+01,1.136738533033065934e+01,1.236192607219195949e+01,1.343603010989452962e+01,1.458969745042451294e+01,1.582292810214689460e+01,1.713572207185492857e+01,1.852807936870677707e+01,2.000000000000000000e+01
5.735573654091422391e+00,5.775087292331290811e+00,5.893628207050895185e+00,6.091196399224130253e+00,6.367791870371813268e+00,6.723414622593748113e+00,7.158064658553350057e+00,7.671741981454123227e+00,8.264446595011257557e+00,8.936178503420322272e+00,9.686937711322761047e+00,1.051672422376407923e+01,1.142553804616604296e+01,1.241337918431771747e+01,1.348024764414356902e+01,1.462614343229914482e+01,1.585106655476277560e+01,1.715501701915851029e+01,1.853799483159711770e+01,2.000000000000000000e+01
5.831664498131686081e+00,5.870911958005076592e+00,5.988654337625248125e+00,6.184891637807996112e+00,6.459623859827847703e+00,6.812851005445791586e+00,7.244573076897630415e+00,7.754790076876056482e+00,8.343502008509124934e+00,9.010708875335435408e+00,9.756410681277614572e+00,1.058060743061989406e+01,1.148329912797473540e+01,1.246448577822932613e+01,1.352416738669311691e+01,1.466234395855577155e+01,1.587901549999713602e+01,1.717418201629837426e+01,1.854784351434276957e+01,2.000000000000000000e+01
5.927108208762063235e+00,5.966091282656297068e+00,6.083040504339000343e+00,6.277955874496358391e+00,6.550837394200964781e+00,6.901685064936036618e+00,7.330498888586884476e+00,7.837278867427345475e+00,8.422025004103426582e+00,9.084737301615648519e+00,9.825415763300387795e+00,1.064406039280648208e+01,1.154067119408028752e+01,1.251524817137491041e+01,1.356779132908740948e+01,1.469830067218102876e+01,1.590677620526351710e+01,1.719321793409526933e+01,1.855762586360908273e+01,2.000000000000000000e+01
6.021909112912571693e+00,6.060629581269905586e+00,6.176790986341904599e+00,6.370393328708479075e+00,6.641436609276658132e+00,6.989920829301886407e+00,7.415845990381968456e+00,7.919212094447206418e+00,8.500019143748744455e+00,9.158267140845332221e+00,9.893956088589320075e+00,1.070708599011661377e+01,1.159765684883206660e+01,1.256566866837357210e+01,1.361112145273117413e+01,1.473401520588353364e+01,1.593434993254256504e+01,1.721212563695097586e+01,1.856734232447672284e+01,2.000000000000000000e+01
6.116071514239997065e+00,6.154531145614688725e+00,6.269910039738765484e+00,6.462208197104972740e+00,6.731425618484536244e+00,7.077562304946064309e+00,7.500618257851588311e+00,8.000593478849639340e+00,8.577487969866966822e+00,9.231301733099980922e+00,9.962034771006516465e+00,1.076968708629501492e+01,1.165425868191849013e+01,1.261574956109320667e+01,1.365415972718808568e+01,1.476948918402404232e+01,1.596173793527681717e+01,1.723090598545949703e+01,1.857699333868735891e+01,2.000000000000000000e+01
6.209599692221444478e+00,6.247800243340678072e+00,6.362401896698380632e+00,6.553404652715786760e+00,6.820808512052709993e+00,7.164613475624480365e+00,7.584819544599618268e+00,8.081426720395359808e+00,8.654435004672548004e+00,9.303844399330147397e+00,1.002965490649967428e+01,1.083186652854322141e+01,1.171047926805094441e+01,1.266549312781913983e+01,1.369690811094544003e+01,1.480472422058963744e+01,1.598894146047519804e+01,1.724955983412965210e+01,1.858657934590706517e+01,2.000000000000000000e+01
6.302497901446407980e+00,6.340441117274266070e+00,6.454270764757840340e+00,6.643986844259683444e+00,6.909589356348163847e+00,7.251078301812785121e+00,7.668453681663255139e+00,8.161715497126989405e+00,8.730863749646228911e+00,9.375898440875534590e+00,1.009681957268042218e+01,1.089362714713498015e+01,1.176632116652218762e+01,1.271490163335691470e+01,1.373936855031396931e+01,1.483972192044142702e+01,1.601596174677879603e+01,1.726808803300104955e+01,1.859610078265431810e+01,2.000000000000000000e+01
6.394770371071214043e+00,6.432457984875064483e+00,6.545520826286614913e+00,6.733958895620231644e+00,6.997772193369208082e+00,7.336960720219737553e+00,7.751524477051077611e+00,8.241463464934662753e+00,8.806777685133337030e+00,9.447467139101009437e+00,1.016353182848277292e+01,1.095497175511821375e+01,1.182178692104653628e+01,1.276397732849550515e+01,1.378154297995757638e+01,1.487448387803653205e+01,1.604280002578784803e+01,1.728649142624436408e+01,1.860555808307769610e+01,2.000000000000000000e+01
6.486421304406188248e+00,6.523855037824949576e+00,6.636156238081233560e+00,6.823324905449828393e+00,7.085361040362343488e+00,7.422264643420083630e+00,7.834035715395131660e+00,8.320674257230779247e+00,8.882180270042248083e+00,9.518553755118215776e+00,1.022979471392392092e+01,1.101590314810443694e+01,1.187687905948951439e+01,1.281272245011810007e+01,1.382343332219449117e+01,1.490901167824200790e+01,1.606945752086350154e+01,1.730477085316767827e+01,1.861495167830222641e+01,2.000000000000000000e+01
6.577454878611352918e+00,6.614636441725209259e+00,6.726181131066775620e+00,6.912088946878302664e+00,7.172359889540701694e+00,7.506993959585492426e+00,7.915991157696613989e+00,8.399351484711921501e+00,8.957074941625281284e+00,9.589161529589624422e+00,1.029561124992088494e+01,1.107642410410477041e+01,1.193160009380661002e+01,1.286113922086857464e+01,1.386504148737109965e+01,1.494330689553828329e+01,1.609593544797181863e+01,1.732292714736006189e+01,1.862428199691155584e+01,2.000000000000000000e+01
6.667875244480761410e+00,6.704806335881956514e+00,6.815599610085543603e+00,7.000255067307013412e+00,7.258772707885560393e+00,7.591152532295282640e+00,7.997394541147588853e+00,8.477498735193572443e+00,9.031465115327110382e+00,9.659293682589050078e+00,1.036098443817324188e+01,1.113653738343352373e+01,1.198595251989181953e+01,1.290922984926269912e+01,1.390636937342971002e+01,1.497737109455795590e+01,1.612223501494834821e+01,1.734096113732402600e+01,1.863354946455131866e+01,2.000000000000000000e+01
6.757686526299150565e+00,6.794368833163601629e+00,6.904415753756954821e+00,7.087827288272667836e+00,7.344603437015590153e+00,7.674744200412531470e+00,8.078249579015150061e+00,8.555119573503008112e+00,9.105354184687579178e+00,9.728953413517507087e+00,1.042591726108507544e+01,1.119624572863527234e+01,1.203993881757847539e+01,1.295699652949384095e+01,1.394741886617966919e+01,1.501120582959873495e+01,1.614835742204211044e+01,1.735887364595597404e+01,1.864275450423117420e+01,2.000000000000000000e+01
6.846892821757687209e+00,6.883328019917144935e+00,6.992633614395520780e+00,7.174809605368109189e+00,7.429855993111448953e+00,7.757772778013358739e+00,8.158559960576209136e+00,8.632217541420580176e+00,9.178745521289902953e+00,9.798143901056427296e+00,1.049041268172911856e+01,1.125555186446305811e+01,1.209356145056985632e+01,1.300444144154159609e+01,1.398819183904141994e+01,1.504481264498799931e+01,1.617430386147128019e+01,1.737666549094904411e+01,1.865189753608643386e+01,2.000000000000000000e+01
6.935498201917844163e+00,6.971687955932436509e+00,7.080257217976215323e+00,7.261205988209488815e+00,7.514534266885425140e+00,7.840242054359649160e+00,8.238329351093838682e+00,8.708796157659795867e+00,9.251642474744702582e+00,9.866868303157801279e+00,1.055447364383855202e+01,1.131445849786715918e+01,1.214682286647893150e+01,1.305156675107216913e+01,1.402869015325036983e+01,1.507819307479451076e+01,1.620007551778076405e+01,1.739433748448274741e+01,1.866097897757011026e+01,2.000000000000000000e+01
7.023506711214463571e+00,7.059452674445447329e+00,7.167290564138396824e+00,7.347020380441231957e+00,7.598642123587801223e+00,7.922155793907112553e+00,8.317561391827155148e+00,8.784858917879391882e+00,9.324048372704405452e+00,9.935129757059019795e+00,1.061810307182537372e+01,1.137296831802188635e+01,1.219972549681527596e+01,1.309837460954364552e+01,1.406891565771701558e+01,1.511134864308266046e+01,1.622567356758101553e+01,1.741189043348457233e+01,1.866999924331210536e+01,2.000000000000000000e+01
7.110922367490721818e+00,7.146626182173316799e+00,7.253737626221101742e+00,7.432256699771740749e+00,7.682183403043077341e+00,8.003517736342056210e+00,8.396259700068764431e+00,8.860409294721169005e+00,9.395966520901152919e+00,1.000293137932212595e+01,1.068130387081825816e+01,1.143108399635594630e+01,1.225227175704910643e+01,1.314486715417028506e+01,1.410887018918690750e+01,1.514428086375161620e+01,1.625109917978971907e+01,1.742932513944964867e+01,1.867895874524399602e+01,2.000000000000000000e+01
7.197749162058980410e+00,7.233212459375193859e+00,7.339602351323833318e+00,7.516918838034049699e+00,7.765161919710407368e+00,8.084331596641535000e+00,8.474427869204308905e+00,8.935450737868858795e+00,9.467400203204878295e+00,1.007027626588945424e+01,1.074407892671690057e+01,1.148880818661066705e+01,1.230446404663648963e+01,1.319104650802456113e+01,1.414855557217694049e+01,1.517699124071987349e+01,1.627635351548585874e+01,1.744664239861543820e+01,1.868785789251851881e+01,2.000000000000000000e+01
7.283991059782643163e+00,7.319215459933980483e+00,7.424888660387991557e+00,7.601010661266746737e+00,7.847581462763749904e+00,8.164601065152371717e+00,8.552069468790168827e+00,9.009986674124045081e+00,9.538352681696775193e+00,1.013716749215519108e+01,1.080643110626008863e+01,1.154614352489830509e+01,1.235630474909844168e+01,1.323691478004426436e+01,1.418797361910663390e+01,1.520948126784584531e+01,1.630143772807918623e+01,1.746384300186218042e+01,1.869669709159304816e+01,2.000000000000000000e+01
7.369651999175004242e+00,7.404639111455007416e+00,7.509600448295017827e+00,7.684536009811193225e+00,7.929445796187810203e+00,8.244329807685502942e+00,8.629188044645655253e+00,9.084020507495731422e+00,9.608827196755983735e+00,1.020360811304774629e+01,1.086836325710370232e+01,1.160309262978034717e+01,1.240779623207192017e+01,1.328247406513171036e+01,1.422712613028414985e+01,1.524175242906829020e+01,1.632635296323682184e+01,1.748092773483396556e+01,1.870547674618637757e+01,2.000000000000000000e+01
7.454735892511763495e+00,7.489487315378324794e+00,7.593741583978008691e+00,7.767498698422021342e+00,8.010758658886908634e+00,8.323521465622613746e+00,8.705787118956967774e+00,9.157555619301097849e+00,9.678826967156270555e+00,1.026960116312239357e+01,1.092987820790833986e+01,1.165965810234438749e+01,1.245894084739810026e+01,1.332772644418929708e+01,1.426601489401885559e+01,1.527380619837898479e+01,1.635110035900768111e+01,1.749789737788952237e+01,1.871419725733687756e+01,2.000000000000000000e+01
7.539246625954549863e+00,7.573763947101941341e+00,7.677315910544116662e+00,7.849902516388120866e+00,8.091523764803993046e+00,8.402179656032684463e+00,8.781870190390584696e+00,9.230595368275034573e+00,9.748355190171265505e+00,1.033514965666096508e+01,1.099097876843279309e+01,1.171584252629514467e+01,1.250974093119056185e+01,1.337267398421631803e+01,1.430464168663962354e+01,1.530564403993509082e+01,1.637568104579466066e+01,1.751475270619008029e+01,1.872285902338227359e+01,2.000000000000000000e+01
7.623188059683253748e+00,7.657472856113855642e+00,7.760327245405663987e+00,7.931751227662203974e+00,8.171744803048017758e+00,8.480307971796438693e+00,8.857440734214176103e+00,9.303143090686866401e+00,9.817415041686084365e+00,1.040025658777803663e+01,1.105166772963409905e+01,1.177164846804345544e+01,1.256019880392898003e+01,1.341731873836324240e+01,1.434300827259506050e+01,1.533726740806493183e+01,1.640009614645083857e+01,1.753149448968139268e+01,1.873146244000220051e+01,2.000000000000000000e+01
7.706564028035372438e+00,7.740617866131051628e+00,7.842779380418090085e+00,8.013048570997032272e+00,8.251425438027737869e+00,8.557909981737072513e+00,8.932502202423478366e+00,9.375202100462608712e+00,9.886009676314372996e+00,1.046492493053164985e+01,1.111194786377092569e+01,1.182707847680517332e+01,1.261031677053858502e+01,1.346166274602649082e+01,1.438111640449262474e+01,1.536867774736248293e+01,1.642434677628021333e+01,1.754812349316105724e+01,1.874000790021224105e+01,2.000000000000000000e+01
7.789378339650821381e+00,7.823202775243951912e+00,7.924676082023340840e+00,8.093798260086980889e+00,8.330569309590737603e+00,8.634989230755921952e+00,9.007058023873906194e+00,9.446775689311754931e+00,9.954142227519314545e+00,1.052915763903797952e+01,1.117182192451133993e+01,1.188213508469790725e+01,1.266009712048688485e+01,1.350570803291484623e+01,1.441896782319063242e+01,1.539987649271411208e+01,1.644843404311623303e+01,1.756464047627990510e+01,1.874849579439678493e+01,2.000000000000000000e+01
7.871634777621125068e+00,7.905231356065217874e+00,8.006021091397498068e+00,8.174003983713756583e+00,8.409180033166419932e+00,8.711549239972018910e+00,9.081111604415811556e+00,9.517867126857430193e+00,1.002181580773799041e+01,1.059295764758886982e+01,1.123129264704235553e+01,1.193682080684456182e+01,1.270954212787031068e+01,1.354945661114249233e+01,1.445656425785066723e+01,1.543086506938155900e+01,1.647235904734033696e+01,1.758104619359649945e+01,1.875692651031184965e+01,2.000000000000000000e+01
7.953337099641892394e+00,7.986707355881839554e+00,8.086818124601679258e+00,8.253669405895301736e+00,8.487261199912145671e+00,8.787593506864592285e+00,9.154666327032570550e+00,9.588479660769230861e+00,1.008903350850805403e+01,1.065632787077162114e+01,1.129036274818228769e+01,1.199113814147491297e+01,1.275865405151247955e+01,1.359291047930317120e+01,1.449390742602403392e+01,1.546164489304182688e+01,1.649612288194922627e+01,1.759734139459047242e+01,1.876530043311193907e+01,2.000000000000000000e+01
8.034489038167849984e+00,8.067634496809745315e+00,8.167070872735431308e+00,8.332798166037134635e+00,8.564816376861681846e+00,8.863125505417810857e+00,9.227725551980791252e+00,9.658616516898065996e+00,1.015579840059636574e+01,1.071927120359048224e+01,1.134903492649390166e+01,1.204508957003165648e+01,1.280743513505526998e+01,1.363607162256164429e+01,1.453099903371245283e+01,1.549221736986265974e+01,1.651972663258448648e+01,1.761352682370897682e+01,1.877361794535823236e+01,2.000000000000000000e+01
8.115094300569701602e+00,8.148016475950255355e+00,8.246783002091916615e+00,8.411393879085446557e+00,8.641849107075367797e+00,8.938148686267210152e+00,9.300292616932100742e+00,9.728280899412416360e+00,1.022211353412889068e+01,1.078179052158934503e+01,1.140731186239932526e+01,1.209867755727479910e+01,1.285588760705757849e+01,1.367894201273259824e+01,1.456784077545066758e+01,1.552258389655057336e+01,1.654317137759266387e+01,1.762960322038737360e+01,1.878187942704168734e+01,2.000000000000000000e+01
8.195156569292331383e+00,8.227856965547854173e+00,8.325958154314420767e+00,8.489460135681492048e+00,8.718362909791540716e+00,9.012666476847224217e+00,9.372370837115983733e+00,9.797475990935657464e+00,1.028798193872157007e+01,1.084388868097526526e+01,1.146519621829507329e+01,1.215190455138887060e+01,1.290401368108899760e+01,1.372152360837075058e+01,1.460443433437220939e+01,1.555274586042134111e+01,1.656645818806158843e+01,1.764557131909049659e+01,1.879008525559446241e+01,2.000000000000000000e+01
8.274679502013915666e+00,8.307159613148870747e+00,8.404599946553737766e+00,8.567000502316808763e+00,8.794361280578712581e+00,9.086682281539538053e+00,9.443963505463381480e+00,9.866204952683984786e+00,1.035340662361177877e+01,1.090556851874257482e+01,1.152269063866812182e+01,1.220477298408871647e+01,1.295181555582843735e+01,1.376381835485248040e+01,1.464078138228920878e+01,1.558270463945296846e+01,1.658958812787584236e+01,1.766143184933785548e+01,1.879823580591065024e+01,2.000000000000000000e+01
8.353666731805493129e+00,8.385928041760626783e+00,8.482711971626027747e+00,8.644018521488927576e+00,8.869847691488288888e+00,9.160199481821852174e+00,9.515073892750693929e+00,9.934470924604802633e+00,1.041839057779012023e+01,1.096683285279720366e+01,1.157979775021170710e+01,1.225728527072702256e+01,1.299929541515912135e+01,1.380582818446469062e+01,1.467688357976116365e+01,1.561246160235277891e+01,1.661256225375709050e+01,1.767718553574155393e+01,1.880633145035967857e+01,2.000000000000000000e+01
8.432121867290847561e+00,8.464165850010868297e+00,8.560297798170926953e+00,8.720517711857290521e+00,8.944825591207390403e+00,9.233221436416830130e+00,9.585705247743890212e+00,1.000227702551511655e+01,1.048293677013230862e+01,1.102768448208114194e+01,1.163652016194161476e+01,1.230944381040056079e+01,1.304645542826668070e+01,1.384755501648783671e+01,1.471274257617255188e+01,1.564201810861318265e+01,1.663538161531634429e+01,1.769283309803404691e+01,1.881437255880541315e+01,2.000000000000000000e+01
8.510048492806324916e+00,8.541876612307154559e+00,8.637360970809647043e+00,8.796501568399172299e+00,9.019298405211756631e+00,9.305751481441010498e+00,9.655860797342642243e+00,1.006962635323999322e+01,1.054704814953100289e+01,1.108812618669677796e+01,1.169286046531200007e+01,1.236125098605741712e+01,1.309329774973455329e+01,1.388900075728355255e+01,1.474836000980323902e+01,1.567137550857639816e+01,1.665804725509671869e+01,1.770837525110395561e+01,1.882235949862076652e+01,2.000000000000000000e+01
8.587450168560485153e+00,8.619063878996078287e+00,8.713905010302859466e+00,8.871973562565377946e+00,9.093269535918341973e+00,9.377792930553516371e+00,9.725543746724193639e+00,1.013652198475071309e+01,1.061072764502738508e+01,1.114816072803103175e+01,1.174882123433131298e+01,1.241270916460310936e+01,1.313982451964137255e+01,1.393016730037830975e+01,1.478373750790441576e+01,1.570053514349176993e+01,1.668056020862348632e+01,1.772381270502528139e+01,1.883029263470574577e+01,2.000000000000000000e+01
8.664330430793363291e+00,8.695731176522082606e+00,8.789933413708242327e+00,8.946937142435604784e+00,9.166742362837648983e+00,9.449349075104398921e+00,9.794757279486878687e+00,1.020296697630259963e+01,1.067397816594244908e+01,1.120779084887915644e+01,1.180440502567759786e+01,1.246382069700714190e+01,1.318603786365621033e+01,1.397105652654984276e+01,1.481887668676969305e+01,1.572949834557867277e+01,1.670292150444808144e+01,1.773914616509165398e+01,1.883817232950268306e+01,2.000000000000000000e+01
8.740692791935327222e+00,8.771882007585874774e+00,8.865449654537517432e+00,9.021395732873285667e+00,9.239720242725489641e+00,9.520423184282515550e+00,9.863504557793229210e+00,1.026896436357244902e+01,1.073680260200778847e+01,1.126701927356810096e+01,1.185961437881368497e+01,1.251458791840853024e+01,1.323193989313497454e+01,1.401167030391074064e+01,1.485377915180957231e+01,1.575826643808450633e+01,1.672513216419655535e+01,1.775437633184639452e+01,1.884599894301354439e+01,2.000000000000000000e+01
8.816540740765196560e+00,8.847519851302125815e+00,8.940457182912915357e+00,9.095352735679893996e+00,9.312206509734268778e+00,9.591018505262846716e+00,9.931788722512443712e+00,1.033451716179530955e+01,1.079920382349592600e+01,1.132584870807940014e+01,1.191445181610162152e+01,1.256501314822146576e+01,1.327753270521520257e+01,1.405201048799378327e+01,1.488844649762271466e+01,1.578684073534618726e+01,1.674719320261416300e+01,1.776950390111559841e+01,1.885377283281551541e+01,2.000000000000000000e+01
8.891877742567871223e+00,8.922648163356655004e+00,9.014959425723008124e+00,9.168811529748593259e+00,9.384204475563549863e+00,9.661138263353185707e+00,9.999612893362343158e+00,1.039962836590079576e+01,1.086118468135001258e+01,1.138428184017149469e+01,1.196891984291687372e+01,1.261509869023999819e+01,1.332281838291139309e+01,1.409207892183514943e+01,1.492288030806917298e+01,1.581522254284835505e+01,1.676910562761262824e+01,1.778452956403857499e+01,1.886149435407773822e+01,2.000000000000000000e+01
8.966707239291082487e+00,8.997270376162751049e+00,9.088959786777758509e+00,9.241775471217120952e+00,9.455717429609959979e+00,9.730785662140128522e+00,1.006698016905057358e+01,1.046430095064867416e+01,1.092274800731298079e+01,1.144232133950149688e+01,1.202302094776170271e+01,1.266484683274262224e+01,1.336779899520905168e+01,1.413187743605858948e+01,1.495708215634134497e+01,1.584341315728362076e+01,1.679087044031484766e+01,1.779945400710011683e+01,1.886916385957706055e+01,2.000000000000000000e+01
9.041032649701421064e+00,9.071389899016768510e+00,9.162461646962810846e+00,9.314247893619944207e+00,9.526748639116291884e+00,9.799963883634317696e+00,1.013389362741511057e+01,1.052853787076373493e+01,1.098389661405590978e+01,1.149996985774623148e+01,1.207675760237815510e+01,1.271425984859592795e+01,1.341247659715885554e+01,1.417140784895800110e+01,1.499105360503611983e+01,1.587141386661063436e+01,1.681248863510117175e+01,1.781427791216094292e+01,1.887678169971435338e+01,2.000000000000000000e+01
9.114857369539524967e+00,9.145010118252885789e+00,9.235468364392968255e+00,9.386232108039560984e+00,9.597301349319836916e+00,9.868676088414879644e+00,1.020035632556399641e+01,1.059234206106999210e+01,1.104463329530581461e+01,1.155723002872273852e+01,1.213013226186026650e+01,1.276333999535802732e+01,1.345685322996984645e+01,1.421067196658052012e+01,1.502479620622533041e+01,1.589922595011331374e+01,1.683396119965399151e+01,1.782900195648931074e+01,1.888434822253020329e+01,2.000000000000000000e+01
9.188184771674359652e+00,9.218134397396964275e+00,9.307983274564774590e+00,9.457731403256994795e+00,9.667378783599849257e+00,9.936925415773103509e+00,1.026637130001430620e+01,1.065571643662405421e+01,1.110496082597259715e+01,1.161410446850795530e+01,1.218314736476577309e+01,1.281208951538109631e+01,1.350093092110244442e+01,1.424967158280832180e+01,1.505831150152685183e+01,1.592685067845850888e+01,1.685528911500320604e+01,1.784362681279138485e+01,1.889186377372098136e+01,2.000000000000000000e+01
9.261018206256665053e+00,9.290766077319561944e+00,9.380009690508250841e+00,9.528749045901353298e+00,9.736984143624189514e+00,1.000471498385521407e+01,1.033194156683026677e+01,1.071866389284778620e+01,1.116488196227536456e+01,1.167059577555783001e+01,1.223580533322701491e+01,1.286051063591350996e+01,1.354471168436054462e+01,1.428840847944053571e+01,1.509160102217436261e+01,1.595428931375430359e+01,1.687647335557047157e+01,1.785815314924223074e+01,1.889932869665441117e+01,2.000000000000000000e+01
9.333361000871430946e+00,9.362908476387996615e+00,9.451550902937693621e+00,9.599288280598583967e+00,9.806120609495085461e+00,1.007204788980438082e+01,1.039707012176062051e+01,1.078118730566011862e+01,1.122439944186787208e+01,1.172670653082556491e+01,1.228810857306130266e+01,1.290860556920123159e+01,1.358819751998343150e+01,1.432688442627421210e+01,1.512466628908746458e+01,1.598154310960714852e+01,1.689751488921393374e+01,1.787258162951599161e+01,1.890674333238534999e+01,2.000000000000000000e+01
9.405216460689485913e+00,9.434564890617513910e+00,9.522610180401597901e+00,9.669352330119243888e+00,9.874791339893985054e+00,1.013892720990174823e+01,1.046175994037503720e+01,1.084328953160808062e+01,1.128351598396330324e+01,1.178243929787930000e+01,1.234005947388048163e+01,1.295637651258866363e+01,1.363139041473677793e+01,1.436510118118518697e+01,1.515750881294074048e+01,1.600861331117934228e+01,1.691841467727212489e+01,1.788691291281635642e+01,1.891410801967124300e+01,2.000000000000000000e+01
9.476587868618125299e+00,9.505738593821488891e+00,9.593190769431579668e+00,9.738944395525361841e+00,9.942999472225498181e+00,1.020535599970668628e+01,1.052601397819979390e+01,1.090497340799699089e+01,1.134223428945817957e+01,1.183779662301890312e+01,1.239166040919993783e+01,1.300382564861878620e+01,1.367429234200334243e+01,1.440306049020802348e+01,1.519013009423281346e+01,1.603550115524551600e+01,1.693917367460796086e+01,1.790114765390646312e+01,1.892142309498764163e+01,2.000000000000000000e+01
9.547478485450778152e+00,9.576432837760693317e+00,9.663295894690438814e+00,9.808067656316438843e+00,1.001074812276049997e+01,1.027133729419609942e+01,1.058983517085250448e+01,1.096624175301985460e+01,1.140055704105555456e+01,1.189278103539213838e+01,1.244291373654678345e+01,1.305095514513274146e+01,1.371690526187290082e+01,1.444076408761584140e+01,1.522253162335467813e+01,1.606220787024928498e+01,1.695979282965216584e+01,1.791528650313890125e+01,1.892868889254352638e+01,2.000000000000000000e+01
9.617891550015764679e+00,9.646650852291626776e+00,9.732928759119214845e+00,9.876725270574420179e+00,1.007804038677821090e+01,1.033687410790285632e+01,1.065322643417604098e+01,1.102709736588589884e+01,1.145848690338736731e+01,1.194739504710999967e+01,1.249382179756742239e+01,1.309776715536868430e+01,1.375923112123172309e+01,1.447821369599930641e+01,1.525471488065780434e+01,1.608873467635915588e+01,1.698027308444670425e+01,1.792933010648529191e+01,1.893590574429656570e+01,2.000000000000000000e+01
9.687830279324021632e+00,9.716395845513845941e+00,9.802092544083318870e+00,9.944920375107814792e+00,1.014487933870746161e+01,1.040196943505334559e+01,1.071619066437157564e+01,1.108754302694830152e+01,1.151602652313603237e+01,1.200164115336137272e+01,1.254438691813442652e+01,1.314426381806007704e+01,1.380127185385136634e+01,1.451541102634532798e+01,1.528668133652158545e+01,1.611508278552427953e+01,1.700061537468761230e+01,1.794327910556584982e+01,1.894307397996825415e+01,2.000000000000000000e+01
9.757297868715950173e+00,9.785671003916398547e+00,9.870790409517747221e+00,1.001265608559484299e+01,1.021126803226699309e+01,1.046662624970410427e+01,1.077873073813073823e+01,1.114758149783109253e+01,1.157317852915524625e+01,1.205552183252689247e+01,1.259461140845265881e+01,1.319044725753330205e+01,1.384302938047700238e+01,1.455235777811508768e+01,1.531843245142055565e+01,1.614125340152975241e+01,1.702082062976786148e+01,1.795713413767859379e+01,1.895019392705900430e+01,2.000000000000000000e+01
9.826297492007261880e+00,9.854479492523264383e+00,9.939025494071270117e+00,1.007993549672562494e+01,1.027720950060481542e+01,1.053084750587758478e+01,1.084084951276696174e+01,1.120721552155518808e+01,1.162994553258997144e+01,1.210903954629210411e+01,1.264449756316476758e+01,1.323631958380461882e+01,1.388450560891503471e+01,1.458905563932170502e+01,1.534996967599099982e+01,1.616724772005159494e+01,1.704088977281967487e+01,1.797089583582852867e+01,1.895726591086303614e+01,2.000000000000000000e+01
9.894832301633813998e+00,9.922824455037797975e+00,1.000680091524974991e+01,1.014676168234349873e+01,1.034270675643672099e+01,1.059463613769701773e+01,1.090254982634588465e+01,1.126644782266365752e+01,1.168633012699565477e+01,1.216219673975982118e+01,1.269404766145590280e+01,1.328188289267652245e+01,1.392570243412026620e+01,1.462550628660722118e+01,1.538129445109723648e+01,1.619306692871131759e+01,1.706082372075676545e+01,1.798456482875648277e+01,1.896429025448330563e+01,2.000000000000000000e+01
9.962905428795648888e+00,9.990709013986354137e+00,1.007411976955847166e+01,1.021313769558533124e+01,1.040776279218381184e+01,1.065799505952036164e+01,1.096383449781497887e+01,1.132528110734607729e+01,1.174233488845665008e+01,1.221499584156178386e+01,1.274326396715784782e+01,1.332713926583342889e+01,1.396662173828238807e+01,1.466171138531926310e+01,1.541240820789738386e+01,1.621871220713019568e+01,1.708062338431614435e+01,1.799814174096785990e+01,1.897126727884619868e+01,2.000000000000000000e+01
1.003051998359985753e+01,1.005813627086077666e+01,1.014098513264353763e+01,1.027906656902096749e+01,1.047238058010914585e+01,1.072092716607340179e+01,1.102470632713223253e+01,1.138371806356216887e+01,1.179796237570385919e+01,1.226743926396959239e+01,1.279214872885235366e+01,1.337209077093675802e+01,1.400726539091196265e+01,1.469767258958698797e+01,1.544331236790873696e+01,1.624418472698310367e+01,1.710028966809977646e+01,1.801162719276116064e+01,1.897819730271622873e+01,2.000000000000000000e+01
1.009767905520270936e+01,1.012510930626011429e+01,1.020740005943233086e+01,1.034455131479169765e+01,1.053656307245350909e+01,1.078343533258196096e+01,1.108516809539407255e+01,1.144176136116449705e+01,1.185321513023158602e+01,1.231952940300481458e+01,1.284070417997385150e+01,1.341673946171934162e+01,1.404763524892578097e+01,1.473339154239672766e+01,1.547400834307266315e+01,1.626948565205204034e+01,1.711982347061582033e+01,1.802502180025627609e+01,1.898508064271057094e+01,2.000000000000000000e+01
1.016438571195068086e+01,1.019163118003127444e+01,1.027336758427305163e+01,1.040959492474785364e+01,1.060031320157019863e+01,1.084552241490317392e+01,1.114522256496232977e+01,1.149941365202045596e+01,1.190809567641360012e+01,1.237126863854848935e+01,1.288893253891145640e+01,1.346108737807923106e+01,1.408773315673168547e+01,1.476886987566694032e+01,1.550449753581914436e+01,1.629461613827930222e+01,1.713922568431974724e+01,1.803832617542267158e+01,1.899191761331353590e+01,2.000000000000000000e+01
1.023064300152062600e+01,1.025770493140878514e+01,1.033889072107326434e+01,1.047420037058542519e+01,1.066363388005900426e+01,1.090719124965598041e+01,1.120487247959044375e+01,1.155667757013334196e+01,1.196260652161845783e+01,1.242265933444975623e+01,1.293683600911029430e+01,1.350513654617289383e+01,1.412756094631283510e+01,1.480410921032285110e+01,1.553478133913076675e+01,1.631957733382025211e+01,1.715849719565504117e+01,1.805154092610733940e+01,1.899870852689095102e+01,2.000000000000000000e+01
1.029645395105895744e+01,1.032333357915362271e+01,1.040397246343762028e+01,1.053837060398182146e+01,1.072652800089919545e+01,1.096844465435063221e+01,1.126412056454877408e+01,1.161355573176273381e+01,1.201675015632403465e+01,1.247370383863391297e+01,1.298441677917215920e+01,1.354888897850773155e+01,1.416712043731134862e+01,1.483911115637038947e+01,1.556486113660643156e+01,1.634437037909581036e+01,1.717763888509375292e+01,1.806466665606252064e+01,1.900545369370437854e+01,2.000000000000000000e+01
1.036182156731995541e+01,1.038852012169110317e+01,1.046861578480454824e+01,1.060210855673068941e+01,1.078899843758172672e+01,1.102928542751746299e+01,1.132296952674909818e+01,1.167005073554393491e+01,1.207052905423125466e+01,1.252440448320958133e+01,1.303167702295547237e+01,1.359234667403403662e+01,1.420641343711146476e+01,1.487387731296982629e+01,1.559473830252447790e+01,1.636899640684450574e+01,1.719665162717665652e+01,1.807770396497334531e+01,1.901215342192535118e+01,2.000000000000000000e+01
1.042674883680308717e+01,1.045326753724784830e+01,1.053282363858212811e+01,1.066541714087584403e+01,1.085104804424045000e+01,1.108971634883466173e+01,1.138142205486825631e+01,1.172616516260672448e+01,1.212394567237712728e+01,1.257476358457530097e+01,1.307861889967458069e+01,1.363551161823627034e+01,1.424544174092206639e+01,1.490840926850875547e+01,1.562441420190551788e+01,1.639345654217423487e+01,1.721553629055324919e+01,1.809065344848518109e+01,1.901880801764940898e+01,2.000000000000000000e+01
1.049123872588946504e+01,1.051757878398784030e+01,1.059659895828296783e+01,1.072829924884429786e+01,1.091267965578252053e+01,1.114974017925528749e+01,1.143948081947096007e+01,1.178190157669323668e+01,1.217700245124697034e+01,1.262478344352532389e+01,1.312524455399844037e+01,1.367838578322383114e+01,1.428420713185873403e+01,1.494270860067469897e+01,1.565389019057477782e+01,1.641775190261368422e+01,1.723429373802141384e+01,1.810351569823085782e+01,1.902541778491008628e+01,2.000000000000000000e+01
1.055529418097731131e+01,1.058145680014754220e+01,1.065994465765823840e+01,1.079075775357837763e+01,1.097389608801790750e+01,1.120935966113341031e+01,1.149714847313184229e+01,1.183726252427512371e+01,1.222970181488591379e+01,1.267446634535472505e+01,1.317155611614852617e+01,1.372097112782107686e+01,1.432271138102517405e+01,1.497677687652716827e+01,1.568316761522401848e+01,1.644188359816333289e+01,1.725292482656681869e+01,1.811629130185771075e+01,1.903198302569283484e+01,2.000000000000000000e+01
1.061891812861661677e+01,1.064490450417015666e+01,1.072286363083077632e+01,1.085279550866698806e+01,1.103470013778799874e+01,1.126857751834933907e+01,1.155442765055656551e+01,1.189225053466982907e+01,1.228204617100961649e+01,1.272381455996380240e+01,1.321755570199620955e+01,1.376326959765685487e+01,1.436095624759414413e+01,1.501061565256925689e+01,1.571224781347311072e+01,1.646585273134624572e+01,1.727143040740213564e+01,1.812898084305442481e+01,1.903850403994876928e+01,2.000000000000000000e+01
1.068211347564279912e+01,1.070792479483892201e+01,1.078535875242729603e+01,1.091441534847597694e+01,1.109509458309342911e+01,1.132739645643412807e+01,1.161132096870224828e+01,1.194686812015619104e+01,1.233403791111427594e+01,1.277283034196176814e+01,1.326324541315936045e+01,1.380528312525336432e+01,1.439894347888780679e+01,1.504422647481874087e+01,1.574113211393107647e+01,1.648966039725834420e+01,1.728981132600583592e+01,1.814158490157766934e+01,1.904498112560841605e+01,2.000000000000000000e+01
1.074488310930949808e+01,1.077052055140955567e+01,1.084743287770972664e+01,1.097562008827759961e+01,1.115508218322091594e+01,1.138581916269311378e+01,1.166783102689698914e+01,1.200111777608919006e+01,1.238567941058590272e+01,1.282151593076978635e+01,1.330862733709842871e+01,1.384701363011446063e+01,1.443667481045756951e+01,1.507761087887870843e+01,1.576982183625682588e+01,1.651330768361848556e+01,1.730806842216086139e+01,1.815410405327861199e+01,1.905141457859528842e+01,2.000000000000000000e+01
1.080722989742053386e+01,1.083269463374181107e+01,1.090908884270564450e+01,1.103641252437917331e+01,1.121466567886940702e+01,1.144384830632874461e+01,1.172396040695861785e+01,1.205500198101395348e+01,1.243697302880879363e+01,1.286987355072322536e+01,1.335370354721175090e+01,1.388846301881333822e+01,1.447415196616336885e+01,1.511077039000773503e+01,1.579831829121945752e+01,1.653679567081819002e+01,1.732620252999302579e+01,1.816653887012923718e+01,1.905780469283943646e+01,2.000000000000000000e+01
1.086915668846084770e+01,1.089444988243010037e+01,1.097032946433785483e+01,1.109679543425079373e+01,1.127384779227521072e+01,1.150148653856248160e+01,1.177971167331267210e+01,1.210852319677899125e+01,1.248792110927336907e+01,1.291790541117332403e+01,1.339847610293029945e+01,1.392963318507963599e+01,1.451137665825242351e+01,1.514370652318953248e+01,1.582662278075810569e+01,1.656012543197091347e+01,1.734421447800906080e+01,1.817888992024845507e+01,1.906415176029085501e+01,2.000000000000000000e+01
1.093066631172669645e+01,1.095578911893328744e+01,1.103115754055305864e+01,1.115677157665224684e+01,1.133263122733642092e+01,1.155873649275593706e+01,1.183508737310951986e+01,1.216168386864867124e+01,1.253852597968321092e+01,1.296561370658812073e+01,1.344294704981179756e+01,1.397052600988597071e+01,1.454835058743748810e+01,1.517642078320221799e+01,1.585473659804145896e+01,1.658329803296117078e+01,1.736210508913447725e+01,1.819115776792804695e+01,1.907045607093282413e+01,2.000000000000000000e+01
1.099176157745488602e+01,1.101671514570359278e+01,1.109157585044971128e+01,1.121634369175903068e+01,1.139101866973641286e+01,1.161560078453119793e+01,1.189009003634076755e+01,1.221448642541492546e+01,1.258878995206141660e+01,1.301300061665268792e+01,1.348711841963411651e+01,1.401114336153385054e+01,1.458507544297450309e+01,1.520891466468699527e+01,1.588266102752682407e+01,1.660631453249315825e+01,1.737987518075123461e+01,1.820334297365849352e+01,1.907671791279517848e+01,2.000000000000000000e+01
1.105244527695117362e+01,1.107723074631462268e+01,1.115158715440497339e+01,1.127551450128756905e+01,1.144901278706656456e+01,1.167208201189029459e+01,1.194472217595481034e+01,1.226693327950823686e+01,1.263871532285623367e+01,1.306006830636874660e+01,1.353099223048814892e+01,1.405148709573902899e+01,1.462155290273981478e+01,1.524118965221649447e+01,1.591039734501879188e+01,1.662917598213915937e+01,1.739752556473496981e+01,1.821544609415452953e+01,1.908293757196743101e+01,2.000000000000000000e+01
1.111272018271778173e+01,1.113733868558854212e+01,1.121119419420082330e+01,1.133428670861953336e+01,1.150661622894812197e+01,1.172818275533392551e+01,1.199898628797167532e+01,1.231902682710781605e+01,1.268830437304596082e+01,1.310681892615355437e+01,1.357457048686999102e+01,1.409155905571632594e+01,1.465778463330681092e+01,1.527324722036255267e+01,1.593794681772755339e+01,1.665188342638757035e+01,1.741505704749218353e+01,1.822746768238061321e+01,1.908911533261187898e+01,2.000000000000000000e+01
1.117258904858007362e+01,1.119704170972238799e+01,1.127039969314932932e+01,1.139266299892536694e+01,1.156383162715325241e+01,1.178390557797933447e+01,1.205288485159702283e+01,1.237076944825111902e+01,1.273755936824317025e+01,1.315325461193815748e+01,1.361785517977251025e+01,1.413136107226377369e+01,1.469377229002206953e+01,1.530508883376363194e+01,1.596531070432678412e+01,1.667443790269063797e+01,1.743247042999703567e+01,1.823940828757617183e+01,1.909525147697655356e+01,2.000000000000000000e+01
1.123205460981237991e+01,1.125634254641355270e+01,1.132920635621707106e+01,1.145064603928696378e+01,1.162066159572529500e+01,1.183925302567742222e+01,1.210642032933546552e+01,1.242216350694255489e+01,1.278648255879822848e+01,1.319937748526499455e+01,1.366084828677634455e+01,1.417089496384634018e+01,1.472951751708098378e+01,1.533671594719170095e+01,1.599249025501114829e+01,1.669684044151185631e+01,1.744976650782795957e+01,1.825126845528069808e+01,1.910134628540816237e+01,2.000000000000000000e+01
1.129111958326294030e+01,1.131524390498437960e+01,1.138761687014869750e+01,1.150823847881950002e+01,1.167710873109816028e+01,1.189422762712905346e+01,1.215959516710299759e+01,1.247321135126150615e+01,1.283507617990207628e+01,1.324518965338478793e+01,1.370355177214020870e+01,1.421016253667893281e+01,1.476502194760288589e+01,1.536813000561868847e+01,1.601948671155340875e+01,1.671909206637300471e+01,1.746694607120398857e+01,1.826304872735868656e+01,1.910740003636481887e+01,2.000000000000000000e+01
1.134978666747803366e+01,1.137374847650595555e+01,1.144563390358972121e+01,1.156544294879249968e+01,1.173317561221498373e+01,1.194883189400058221e+01,1.221241179433883062e+01,1.252391531346959397e+01,1.288334245168838876e+01,1.329069320935285248e+01,1.374596758689066256e+01,1.424916558480897422e+01,1.480028720370565054e+01,1.539933244428256209e+01,1.604630130736118332e+01,1.674119379390098672e+01,1.748400990502087637e+01,1.827474964202435714e+01,1.911341300642885699e+01,2.000000000000000000e+01
1.140805854282530696e+01,1.143185893392107921e+01,1.150326010720839953e+01,1.162226206275001594e+01,1.178886480064594444e+01,1.200306832103861865e+01,1.226487262411629686e+01,1.257427771011724360e+01,1.293128357933496630e+01,1.333589023212470792e+01,1.378809766891125221e+01,1.428790589019834023e+01,1.483531489657981517e+01,1.543032468875280472e+01,1.607293526753326773e+01,1.676314663387419657e+01,1.750095878888697243e+01,1.828637173386630366e+01,1.911938547031939706e+01,2.000000000000000000e+01
1.146593787161615019e+01,1.148957793216632695e+01,1.156049811381685544e+01,1.167869841663006092e+01,1.184417884070527549e+01,1.205693938618398775e+01,1.231698005325318412e+01,1.262430084214951798e+01,1.297890175316453032e+01,1.338078278665105714e+01,1.382994394303103292e+01,1.432638522280479698e+01,1.487010662656218507e+01,1.546110815499564595e+01,1.609938980891562821e+01,1.678495158926871511e+01,1.751779349715878809e+01,1.829791553387184422e+01,1.912531770090494732e+01,2.000000000000000000e+01
1.152342729822745149e+01,1.154690810829343306e+01,1.161735053849137778e+01,1.173475458888318812e+01,1.189912025956754249e+01,1.211044755068496137e+01,1.236873646242117708e+01,1.267398699501124781e+01,1.302619914874474105e+01,1.342537292397213022e+01,1.387150832111249521e+01,1.436460534066281092e+01,1.490466398320895003e+01,1.549168424943867528e+01,1.612566614015699074e+01,1.680660965630409365e+01,1.753451479897644560e+01,1.830938156945136441e+01,1.913120996921581707e+01,2.000000000000000000e+01
1.158052944922227390e+01,1.160385208158966996e+01,1.167381997869185817e+01,1.179043314059032532e+01,1.195369156738307481e+01,1.216359525920968920e+01,1.242014421625464493e+01,1.272333843875141923e+01,1.307317792698763448e+01,1.346966268131139088e+01,1.391279270213895991e+01,1.440256798996396270e+01,1.493898854536831244e+01,1.552205436903515867e+01,1.615176546176406802e+01,1.682812182448891392e+01,1.755112345829875409e+01,1.832077036446231588e+01,1.913706254445655830e+01,2.000000000000000000e+01
1.163724693346998151e+01,1.166041245369761192e+01,1.172990901438050670e+01,1.184573661557973878e+01,1.200789525739265429e+01,1.221638493995789077e+01,1.247120566345868653e+01,1.277235742812693964e+01,1.311984023424833801e+01,1.351365408216864239e+01,1.395379897230130339e+01,1.444027490513662570e+01,1.497308188125261452e+01,1.555221990132780086e+01,1.617768896615637786e+01,1.684948907666591467e+01,1.756762023393814331e+01,1.833208243923323977e+01,1.914287569401820477e+01,2.000000000000000000e+01
1.169358234226534954e+01,1.171659180873393780e+01,1.178562020813970435e+01,1.190066754054331177e+01,1.206173380604144718e+01,1.226881900477181730e+01,1.252192313691642234e+01,1.282104620270560602e+01,1.316618820242312360e+01,1.355734913641240347e+01,1.399452900508412867e+01,1.447772780892529099e+01,1.500694554850999474e+01,1.558218222451220569e+01,1.620343783772075952e+01,1.687071238905699033e+01,1.758400587959533468e+01,1.834331831058748463e+01,1.914864968349055729e+01,2.000000000000000000e+01
1.174953824944699221e+01,1.177239271340751259e+01,1.184095610528907194e+01,1.195522842515192607e+01,1.211520967309211372e+01,1.232089984924640902e+01,1.257229895379558826e+01,1.286940698696844088e+01,1.321222394904681785e+01,1.360074984037183476e+01,1.403498466135139289e+01,1.451492841246921195e+01,1.504058109429553092e+01,1.561194270749977875e+01,1.622901325286547447e+01,1.689179273130773495e+01,1.760028114389377407e+01,1.835447849186683555e+01,1.915438477667423456e+01,2.000000000000000000e+01
1.180511721151493987e+01,1.182781771713665009e+01,1.189591923400177720e+01,1.200942176217016666e+01,1.216832530173721238e+01,1.237262985283877015e+01,1.262233541565439765e+01,1.291744199041134245e+01,1.325794957738955482e+01,1.364385817692784819e+01,1.407516778943138824e+01,1.455187841538063154e+01,1.507399005534196768e+01,1.564150270998032077e+01,1.625441638007393408e+01,1.691273106653176228e+01,1.761644677041381613e+01,1.836556349295497981e+01,1.916008123559281273e+01,2.000000000000000000e+01
1.186032176774746461e+01,1.188286935216560636e+01,1.195051210542003162e+01,1.206325002757018794e+01,1.222108311871082265e+01,1.242401137897687668e+01,1.267203480854669273e+01,1.296515340764599422e+01,1.330336717655283962e+01,1.368667611560377217e+01,1.411508022520121486e+01,1.458857950582238594e+01,1.510717395802987539e+01,1.567086358248411493e+01,1.627964837995810754e+01,1.693352835135468482e+01,1.763250349772672365e+01,1.837657382030078423e+01,1.916573932050473772e+01,2.000000000000000000e+01
1.191515444031704440e+01,1.193755013368023832e+01,1.200473721376982361e+01,1.211671568064483928e+01,1.227348553439939671e+01,1.247504677516752736e+01,1.272139940312638018e+01,1.301254341850014917e+01,1.334847882156502941e+01,1.372920561265528328e+01,1.415472379217063192e+01,1.462503336058508197e+01,1.514013431845742375e+01,1.570002666644364808e+01,1.630471040531154259e+01,1.695418553595786193e+01,1.764845205942839002e+01,1.838750997694143052e+01,1.917135928991521965e+01,2.000000000000000000e+01
1.196961773440565402e+01,1.199186255992295713e+01,1.205859703647486114e+01,1.216982116412001957e+01,1.232553494295190788e+01,1.252573837310364979e+01,1.277043145475120056e+01,1.305961418811724783e+01,1.339328657347611973e+01,1.377144861115983332e+01,1.419410030156541325e+01,1.466124164516367578e+01,1.517287264250964540e+01,1.572899329425488979e+01,1.632960360116203447e+01,1.697470356412178916e+01,1.766429318417288385e+01,1.839837246252541547e+01,1.917694140058808827e+01,2.000000000000000000e+01
1.202371413831917657e+01,1.204580911230683071e+01,1.211209403426979314e+01,1.222256890426631060e+01,1.237723372238922792e+01,1.257608848877078245e+01,1.281913320358574104e+01,1.310636786705528856e+01,1.343779247945190569e+01,1.381340704110537665e+01,1.423321155241004732e+01,1.469720601383356318e+01,1.520539042592720769e+01,1.575776478933816627e+01,1.635432910482392188e+01,1.699508337326918195e+01,1.768002759570568472e+01,1.840916177333537362e+01,1.918248590755745298e+01,2.000000000000000000e+01
1.207744612360112768e+01,1.209939225552899167e+01,1.216523065131258363e+01,1.227496131100976839e+01,1.242858423471276197e+01,1.262609942255290818e+01,1.286750687470379440e+01,1.315280659138511687e+01,1.348199857286752312e+01,1.385508281947857334e+01,1.427205933160996132e+01,1.473292810972617595e+01,1.523768915437479343e+01,1.578634246619863646e+01,1.637888804595008096e+01,1.701532589450787469e+01,1.769565601289681567e+01,1.841987840231074358e+01,1.918799306413943739e+01,2.000000000000000000e+01
1.213081614514551454e+01,1.215261443768319261e+01,1.221800931529622858e+01,1.232700077804209116e+01,1.247958882601238173e+01,1.267577345933755062e+01,1.291555467819002523e+01,1.319893248278802034e+01,1.352590687340035736e+01,1.389647785035238670e+01,1.431064541403316603e+01,1.476840956490405787e+01,1.526977030350894893e+01,1.581472763048632402e+01,1.640328154658350712e+01,1.703543205267332183e+01,1.771117914977364904e+01,1.843052283907029221e+01,1.919346312194366888e+01,2.000000000000000000e+01
1.218382664130906967e+01,1.220547809037171305e+01,1.227043243755964319e+01,1.237868968292994154e+01,1.253024982657358777e+01,1.272511286862016533e+01,1.296327880924092923e+01,1.324474764865262699e+01,1.356951938712227168e+01,1.393759402497302169e+01,1.434897156259131279e+01,1.480365200043539708e+01,1.530163533904549844e+01,1.584292157905580822e+01,1.642751072120859845e+01,1.705540276637082542e+01,1.772659771555352037e+01,1.844109556993448606e+01,1.919889633088485326e+01,2.000000000000000000e+01
1.223648003402259832e+01,1.225798562881640663e+01,1.232250241319783157e+01,1.243003038722357445e+01,1.258056955098400387e+01,1.277411990460782043e+01,1.301068144826513340e+01,1.329025418217123011e+01,1.361283810659131710e+01,1.397843322184638382e+01,1.438703952832026012e+01,1.483865702646811435e+01,1.533328571682653063e+01,1.587092560002541752e+01,1.645157667680206615e+01,1.707523894801757791e+01,1.774191241467617175e+01,1.845159707794772430e+01,1.920429293919411862e+01,2.000000000000000000e+01
1.228877872890164724e+01,1.231013945196906967e+01,1.237422162117133695e+01,1.248102523656475960e+01,1.263055029823910225e+01,1.282279680632220220e+01,1.305776476098302119e+01,1.333545416243539172e+01,1.365586501094274219e+01,1.401899730682389134e+01,1.442485105046009153e+01,1.487342624230343624e+01,1.536472288288689469e+01,1.589874097283614773e+01,1.647548051288349313e+01,1.709494150388425382e+01,1.775712394683587902e+01,1.846202784290035837e+01,1.920965319343041244e+01,2.000000000000000000e+01
1.234072511535642214e+01,1.236194194262103885e+01,1.242559242441488720e+01,1.253167656079390646e+01,1.268019435184725019e+01,1.287114579770189415e+01,1.310453089852565967e+01,1.338034965453094749e+01,1.369860206597940611e+01,1.405928813318771375e+01,1.446240785653453642e+01,1.490796123646893534e+01,1.539594827352029327e+01,1.592636896831005622e+01,1.649922332156561922e+01,1.711451133413651604e+01,1.777223300701348307e+01,1.847238834135069396e+01,1.921497733849174239e+01,2.000000000000000000e+01
1.239232156670094120e+01,1.241339546751205702e+01,1.247661716994540626e+01,1.258198667405654625e+01,1.272950397993403726e+01,1.291916908770399708e+01,1.315098199753311725e+01,1.342494270963235792e+01,1.374105122426161429e+01,1.409930754173542233e+01,1.449971166242991671e+01,1.494226358679112110e+01,1.542696331534484244e+01,1.595381084870836652e+01,1.652280618760415365e+01,1.713394933287604260e+01,1.778724028550809066e+01,1.848267904664668038e+01,1.922026561762637797e+01,2.000000000000000000e+01
1.244357044026148174e+01,1.246450237743841427e+01,1.252729818896921010e+01,1.263195787490905886e+01,1.277848143534591330e+01,1.296686887040504566e+01,1.319712018025202660e+01,1.346923536509640407e+01,1.378321442519630757e+01,1.413905736086416631e+01,1.453676417247356412e+01,1.497633486046753326e+01,1.545776942536834397e+01,1.598106786778910227e+01,1.654623018844743143e+01,1.715325638818146103e+01,1.780214646796862610e+01,1.849290042894760688e+01,1.922551827244393507e+01,2.000000000000000000e+01
1.249447407748425576e+01,1.251526500736031799e+01,1.257763779698850648e+01,1.268159244642363603e+01,1.282712895575307321e+01,1.301424732510124649e+01,1.324294755463260564e+01,1.351322964455527931e+01,1.382509359512567393e+01,1.417853940665410306e+01,1.457356707951164765e+01,1.501017661413834148e+01,1.548836801105293404e+01,1.600814127086442085e+01,1.656949639428556864e+01,1.717243338214887416e+01,1.781695223542518391e+01,1.850305295524549365e+01,1.923073554292644260e+01,2.000000000000000000e+01
1.254503480404240712e+01,1.256568567650860757e+01,1.262763829390721426e+01,1.273089265629266897e+01,1.287544876375175029e+01,1.306130661640804824e+01,1.328846621442490772e+01,1.355692755800905758e+01,1.386669064741516877e+01,1.421775548295146940e+01,1.461012206498653576e+01,1.504379039395744400e+01,1.551876047037945305e+01,1.603503229485743375e+01,1.659260586809937621e+01,1.719148119093215854e+01,1.783165826432009027e+01,1.851313708938655722e+01,1.923591766743930265e+01,2.000000000000000000e+01
1.259525492994225893e+01,1.261576668849069982e+01,1.267730196413601895e+01,1.277986075693229218e+01,1.292344306696571721e+01,1.310804889435904741e+01,1.333367823927453166e+01,1.360033110191750261e+01,1.390800748254091701e+01,1.425670738145092642e+01,1.464643079901362199e+01,1.507717773566314179e+01,1.554894819191126132e+01,1.606174216835879776e+01,1.661555966570895393e+01,1.721040068478304619e+01,1.784626522653888259e+01,1.852315329209227812e+01,1.924106488274218307e+01,2.000000000000000000e+01
