6.196182502541821430e-02,3.734685961802594600e-01,1.307988909644783204e+00,2.865522861081921668e+00,5.046071019896986698e+00,7.849636974052365268e+00,1.127624370295939826e+01,1.532604012477029620e+01,2.000000000000000000e+01
1.241446412302208840e-01,4.346578618148468909e-01,1.366197523568724925e+00,2.918764416977454701e+00,5.092362434641107605e+00,7.887010983133603048e+00,1.130280136632174681e+01,1.534011077379638976e+01,2.000000000000000000e+01
1.865157954267665785e-01,4.960355522444031551e-01,1.424594822697312857e+00,2.972196733426925253e+00,5.138853993230434014e+00,7.924616640570805615e+00,1.132965873492082309e+01,1.535446410687464436e+01,2.000000000000000000e+01
2.490452783968190309e-01,5.575722034180553566e-01,1.483152978481764306e+00,3.025795656513267318e+00,5.185527515044041635e+00,7.962435066494238711e+00,1.135675295005206209e+01,1.536899254086514688e+01,2.000000000000000000e+01
3.117057889877594690e-01,6.192411019244824510e-01,1.541847040734651397e+00,3.079539165560209124e+00,5.232362349584046335e+00,8.000435513955348910e+00,1.138402769663839287e+01,1.538363819655909381e+01,2.000000000000000000e+01
3.744726678212244586e-01,6.810180555442268968e-01,1.600654218713234211e+00,3.133405785012644884e+00,5.279334924323022094e+00,8.038584694881869552e+00,1.141143829116518482e+01,1.539836512840995120e+01,2.000000000000000000e+01
4.373235766773429511e-01,7.428809691436308871e-01,1.659553146542494639e+00,3.187373995336061139e+00,5.326420453775225994e+00,8.076851074934975117e+00,1.143894960401107497e+01,1.541314878899530783e+01,2.000000000000000000e+01
5.002380182047242441e-01,8.048093695395237557e-01,1.718523423543922179e+00,3.241422391231574274e+00,5.373594460823306385e+00,8.115206278525960215e+00,1.146653365059862217e+01,1.542797129702374193e+01,2.000000000000000000e+01
5.631968785676845224e-01,8.667840185550889087e-01,1.777545438517302179e+00,3.295530070130318290e+00,5.420833697635761617e+00,8.153625295261401007e+00,1.149416776222892800e+01,1.544281902170263265e+01,2.000000000000000000e+01
6.261821018363421532e-01,9.287866676011613531e-01,1.836600364895618842e+00,3.349676988936157507e+00,5.468116596233784321e+00,8.192086251055757273e+00,1.152183328829051057e+01,1.545768122376655995e+01,2.000000000000000000e+01
6.891765089175120318e-01,9.907999383379072489e-01,1.895670226599092789e+00,3.403844211606681380e+00,5.515423427670398837e+00,8.230570052354826416e+00,1.154951467755255479e+01,1.547254923123230341e+01,2.000000000000000000e+01
7.521637256949661454e-01,1.052807288227322502e+00,1.954737975824391460e+00,3.458014048933272910e+00,5.562736298358411879e+00,8.269060021464946786e+00,1.157719881733394907e+01,1.548741590876550589e+01,2.000000000000000000e+01
8.151281761966723272e-01,1.114793021056612377e+00,2.013787555636432636e+00,3.512170115031687523e+00,5.610039062499998508e+00,8.307541564184907301e+00,1.160487454812899522e+01,1.550227529918077174e+01,2.000000000000000000e+01
8.780551052066035700e-01,1.176742313471805579e+00,2.072803938267411716e+00,3.566297326361362874e+00,5.657317196111944391e+00,8.346001880564081432e+00,1.163253229945190803e+01,1.551712237142377226e+01,2.000000000000000000e+01
9.409306070669680722e-01,1.238641240003161226e+00,2.131773138811740687e+00,3.620381863933729072e+00,5.704557657868755349e+00,8.384429718073077353e+00,1.166016381113015932e+01,1.553195283744546273e+01,2.000000000000000000e+01
1.003741647833424677e+00,1.300476787789580646e+00,2.190682207658048775e+00,3.674411113539836293e+00,5.751748750212508199e+00,8.422815162564891267e+00,1.168776191611379467e+01,1.554676301537921290e+01,2.000000000000000000e+01
1.066476075146341129e+00,1.362236857882894281e+00,2.249519206092553958e+00,3.728373594059778640e+00,5.798879987485626053e+00,8.461149461538418848e+00,1.171532036848250513e+01,1.556154972487493460e+01,2.000000000000000000e+01
1.129122614554712190e+00,1.423910253274249360e+00,2.308273169432860872e+00,3.782258880447805449e+00,5.845941974103467942e+00,8.499424874500821403e+00,1.174283370529655812e+01,1.557631020540980238e+01,2.000000000000000000e+01
1.191670853377966965e+00,1.485486655410439782e+00,2.366934061507858011e+00,3.836057525600855111e+00,5.892926293740698540e+00,8.537634545882850645e+00,1.177029713423142532e+01,1.559104205142748434e+01,2.000000000000000000e+01
1.254111214245354322e+00,1.546956591589764063e+00,2.425492723622993285e+00,3.889760983724499965e+00,5.939825409429373870e+00,8.575772396679367304e+00,1.179770644116299572e+01,1.560574316007222606e+01,2.000000000000000000e+01
1.316434920749557813e+00,1.608311395685035006e+00,2.483940820491466805e+00,3.943361536763122732e+00,5.986632573936489621e+00,8.613833031648605143e+00,1.182505791340584977e+01,1.562041168852872097e+01,2.000000000000000000e+01
1.378633957544484145e+00,1.669543164416142034e+00,2.542270785031115476e+00,3.996852224779603446e+00,6.033341749561986767e+00,8.651811659472647520e+00,1.185234827538623392e+01,1.563504601881004064e+01,2.000000000000000000e+01
1.440701026923368211e+00,1.730644711052820250e+00,2.600475763441176369e+00,4.050226780729164311e+00,6.079947536435904354e+00,8.689704023755403739e+00,1.187957463430378091e+01,1.564964472840480347e+01,2.000000000000000000e+01
1.502629503556939028e+00,1.791609518062760698e+00,2.658549561580225262e+00,4.103479569789195480e+00,6.126445108416082697e+00,8.727506343122167110e+00,1.190673443389840891e+01,1.566420656559293789e+01,2.000000000000000000e+01
1.564413388718810749e+00,1.852431689878119903e+00,2.716486593356047585e+00,4.156605533227254234e+00,6.172830155751086068e+00,8.765215258999800696e+00,1.193382541485475201e+01,1.567873042852387933e+01,2.000000000000000000e+01
1.626047265008186526e+00,1.913105906655448107e+00,2.774281831597232628e+00,4.209600136677434712e+00,6.219098833752085831e+00,8.802827789911091827e+00,1.196084558068844750e+01,1.569321534735803247e+01,2.000000000000000000e+01
1.687526252310376229e+00,1.973627379655847225e+00,2.831930761692260212e+00,4.262459322627845992e+00,6.265247716799261291e+00,8.840341291322221906e+00,1.198779316819551077e+01,1.570766046892543777e+01,2.000000000000000000e+01
1.748845965514886247e+00,2.033991808672071411e+00,2.889429338143626236e+00,4.315179466883839687e+00,6.311273757086225622e+00,8.877753420248208016e+00,1.201466662172793853e+01,1.572206504347056999e+01,2.000000000000000000e+01
1.810002474335076883e+00,2.094195341771915686e+00,2.946773944082431651e+00,4.367757338752902285e+00,6.357174247577114912e+00,8.915062103955282424e+00,1.204146457069986198e+01,1.573642841313960439e+01,2.000000000000000000e+01
1.870992265436679958e+00,2.154234537506266367e+00,3.003961353715025151e+00,4.420190064691243315e+00,6.402946788714375614e+00,8.952265512207812748e+00,1.206818580983892097e+01,1.575075000193375807e+01,2.000000000000000000e+01
1.931812206978312574e+00,2.214106329639037973e+00,3.060988697621214616e+00,4.472475095154547553e+00,6.448589258470989627e+00,8.989362032595920482e+00,1.209482928178457861e+01,1.576502930690453930e+01,2.000000000000000000e+01
1.992459515589483310e+00,2.273807994389168030e+00,3.117853430788222191e+00,4.524610174403214558e+00,6.494099785389473745e+00,9.026350248551917588e+00,1.212139406170430966e+01,1.577926589040768768e+01,2.000000000000000000e+01
2.052931725755050341e+00,2.333337120126749653e+00,3.174553303241847146e+00,4.576593313023582077e+00,6.539476724292192067e+00,9.063228919723000487e+00,1.214787934365383748e+01,1.579345937326502813e+01,2.000000000000000000e+01
2.113226661535103634e+00,2.392691579432083326e+00,3.231086333123022403e+00,4.628422762939737645e+00,6.584718634384244318e+00,9.099996964416238399e+00,1.217428442845221781e+01,1.580760942870916175e+01,2.000000000000000000e+01
2.173342410522074886e+00,2.451869503404489503e+00,3.287450782051732912e+00,4.680096994704703306e+00,6.629824259502020034e+00,9.136653443872246427e+00,1.220060871287853566e+01,1.582171577700662368e+01,2.000000000000000000e+01
2.233277299919512515e+00,2.510869258094407197e+00,3.343645132619090798e+00,4.731614676874190906e+00,6.674792510288298786e+00,9.173197548157515868e+00,1.222685168002651324e+01,1.583577818067186094e+01,2.000000000000000000e+01
2.293029874616917763e+00,2.569689422925405253e+00,3.399668067850868169e+00,4.782974657280554709e+00,6.719622448098942158e+00,9.209628583493307374e+00,1.225301289067732036e+01,1.584979644019782086e+01,2.000000000000000000e+01
2.352598877130511301e+00,2.628328770970578265e+00,3.455518452490778269e+00,4.834175946038526739e+00,6.764313270467458672e+00,9.245945960862783863e+00,1.227909197557091225e+01,1.586377039024022118e+01,2.000000000000000000e+01
2.411983229279261121e+00,2.686786250949074084e+00,3.511195315958512531e+00,4.885217700127733487e+00,6.808864297972308854e+00,9.282149185757861076e+00,1.230508862847264773e+01,1.587769989620148081e+01,2.000000000000000000e+01
2.471182015467785487e+00,2.745060970812156498e+00,3.566697836845269087e+00,4.936099209409703370e+00,6.853274962368188561e+00,9.318237848944340485e+00,1.233100259994577996e+01,1.589158485116797515e+01,2.000000000000000000e+01
2.530194467452062224e+00,2.803152182793505531e+00,3.622025328817836343e+00,4.986819883949006105e+00,6.897544795856985544e+00,9.354211618138347006e+00,1.235683369175206892e+01,1.590542517316055537e+01,2.000000000000000000e+01
2.589019950469455100e+00,2.861059269804808292e+00,3.677177227810868310e+00,5.037379242519323341e+00,6.941673421386945542e+00,9.390070230499558690e+00,1.238258175181242038e+01,1.591922080266347272e+01,2.000000000000000000e+01
2.647657950621001621e+00,2.918781733064634398e+00,3.732153080395532285e+00,5.087776902185625616e+00,6.985660543879866680e+00,9.425813485857535312e+00,1.240824666966800827e+01,1.593297170040137445e+01,2.000000000000000000e+01
2.706108063400749497e+00,2.976319180855833135e+00,3.786952533221083605e+00,5.138012568863172369e+00,7.029505942296346177e+00,9.461441240596775160e+00,1.243382837238921290e+01,1.594667784533773514e+01,2.000000000000000000e+01
2.764369983273990083e+00,3.033671318313988063e+00,3.841575323433982447e+00,5.188086028762931790e+00,7.073209462458034835e+00,9.496953402134234778e+00,1.245932682088606214e+01,1.596033923287136069e+01,2.000000000000000000e+01
2.822443494213231929e+00,3.090837938156637321e+00,3.896021269986852609e+00,5.237997140641104998e+00,7.116771010553962995e+00,9.532349923930290458e+00,1.248474200657899225e+01,1.597395587321029886e+01,2.000000000000000000e+01
2.880328461107612981e+00,3.147818912269915614e+00,3.950290265756823516e+00,5.287745828777909551e+00,7.160190547265149696e+00,9.567630800980241546e+00,1.251007394839339071e+01,1.598752778990492196e+01,2.000000000000000000e+01
2.938024821968029610e+00,3.204614184075922800e+00,4.004382270399602817e+00,5.337332076617572696e+00,7.203468082448226895e+00,9.602796065739108045e+00,1.253532269004541355e+01,1.600105501852395307e+01,2.000000000000000000e+01
2.995532580856555160e+00,3.261223761610401617e+00,4.058297303871940542e+00,5.386755921007737591e+00,7.246603670324546442e+00,9.637845784437260477e+00,1.256048829758998409e+01,1.601453760545899385e+01,2.000000000000000000e+01
3.052851801474616877e+00,3.317647711246221487e+00,4.112035440561036204e+00,5.436017446982162049e+00,7.289597405126471585e+00,9.672780053748841311e+00,1.258557085720508262e+01,1.602797560684478739e+01,2.000000000000000000e+01
3.109982601349948084e+00,3.373886152003677363e+00,4.165596803964864314e+00,5.485116783035767440e+00,7.332449417157218541e+00,9.707598997778690730e+00,1.261057047318900892e+01,1.604136908758359681e+01,2.000000000000000000e+01
3.166925146567506122e+00,3.429939250393719163e+00,4.218981561872357844e+00,5.534054096845818727e+00,7.375159869224855669e+00,9.742302765337003123e+00,1.263548726614983586e+01,1.605471812046354430e+01,2.000000000000000000e+01
3.223679646994308090e+00,3.485807215744994636e+00,4.272189921997053830e+00,5.582829591397338476e+00,7.417728953414817639e+00,9.776891527473969390e+00,1.266032137136824787e+01,1.606802278536160600e+01,2.000000000000000000e+01
3.280246351952584849e+00,3.541490295969920155e+00,4.325222128021925627e+00,5.631443501474691971e+00,7.460156888168754108e+00,9.811365475249402834e+00,1.268507293731703456e+01,1.608128316852307549e+01,2.000000000000000000e+01
3.336625546299712308e+00,3.596988773729045796e+00,4.378078456017045816e+00,5.679896090484936266e+00,7.502443915640589545e+00,9.845724817714788912e+00,1.270974212432201789e+01,1.609449936190999964e+01,2.000000000000000000e+01
3.392817546877115120e+00,3.652302962956639920e+00,4.430759211195213432e+00,5.728187647581640007e+00,7.544590299303475689e+00,9.879969780087455078e+00,1.273432910335080059e+01,1.610767146261193616e+01,2.000000000000000000e+01
3.448822699293769833e+00,3.707433205713799307e+00,4.483264724973887283e+00,5.776318485060884633e+00,7.586596321783829033e+00,9.914100602098466553e+00,1.275883405491707023e+01,1.612079957231301108e+01,2.000000000000000000e+01
3.504641375013084481e+00,3.762379869338489335e+00,4.535595352314704343e+00,5.824288936003781281e+00,7.628462282900895453e+00,9.948117536497674607e+00,1.278325716808933343e+01,1.613388379680987939e+01,2.000000000000000000e+01
3.560273968714759985e+00,3.817143343864699112e+00,4.587751469314516939e+00,5.872099352142255313e+00,7.670188497892367785e+00,9.982020847700940891e+00,1.280759863959411149e+01,1.614692424557564365e+01,2.000000000000000000e+01
3.615720895905892629e+00,3.871724039685499275e+00,4.639733471024319655e+00,5.919750101927015784e+00,7.711775295808416253e+00,1.001581081056600908e+01,1.283185867300455740e+01,1.615992103136541758e+01,2.000000000000000000e+01
3.670982590757946529e+00,3.926122385437111006e+00,4.691541769474603107e+00,5.967241568778651306e+00,7.753223018058180926e+00,1.004948770928476875e+01,1.285603747800633911e+01,1.617287426985943810e+01,2.000000000000000000e+01
3.726059504148357515e+00,3.980338826083203774e+00,4.743176791887742105e+00,6.014574149504556821e+00,7.794532017094263132e+00,1.008305183638086255e+01,1.288013526973343303e+01,1.618578407934025165e+01,2.000000000000000000e+01
3.780952101887565586e+00,4.034373821180614605e+00,4.794638979059761219e+00,6.061748252866010489e+00,7.835702655222174684e+00,1.011650349180261621e+01,1.290415226816717009e+01,1.619865058040063843e+01,2.000000000000000000e+01
3.835660863114014330e+00,4.088227843309395482e+00,4.845928783895539382e+00,6.108764298281256444e+00,7.876735303522901077e+00,1.014984298210227109e+01,1.292808869759249646e+01,1.621147389567940067e+01,2.000000000000000000e+01
3.890186278841309075e+00,4.141901376651724753e+00,4.897046670082972675e+00,6.155622714651711291e+00,7.917630340877853889e+00,1.018307061969328942e+01,1.295194478610604882e+01,1.622425414962232892e+01,2.000000000000000000e+01
3.944528850643195028e+00,4.195394915705646710e+00,4.947993110893000868e+00,6.202323939299683175e+00,7.958388153086552563e+00,1.021618672217836910e+01,1.297572076517110062e+01,1.623699146826600170e+01,2.000000000000000000e+01
3.998689089463380864e+00,4.248708964120934795e+00,4.998768588093596144e+00,6.248868417007058973e+00,7.999009132068223948e+00,1.024919161174144477e+01,1.299941686921490458e+01,1.624968597904215528e+01,2.000000000000000000e+01
4.052667514538410565e+00,4.301844033645554788e+00,5.049373590966988345e+00,6.295256599145411691e+00,8.039493675139421924e+00,1.028208561459761050e+01,1.302303333526448270e+01,1.626233781060079409e+01,2.000000000000000000e+01
4.106464652422933348e+00,4.354800643172287877e+00,5.099808615420352353e+00,6.341488942888904745e+00,8.079842184360421342e+00,1.031486906049548047e+01,1.304657040261711742e+01,1.627494709265014805e+01,2.000000000000000000e+01
4.160081036107714958e+00,4.407579317876070490e+00,5.150074163181138864e+00,6.387565910502141620e+00,8.120055065943914130e+00,1.034754228226702644e+01,1.307002831254235353e+01,1.628751395581196348e+01,2.000000000000000000e+01
4.213517204221615131e+00,4.460180588433477311e+00,5.200170741069063851e+00,6.433487968695899006e+00,8.160132729720114497e+00,1.038010561542037458e+01,1.309340730801244668e+01,1.630003853149062110e+01,2.000000000000000000e+01
4.266773700309623329e+00,4.512604990316591902e+00,5.250098860337497619e+00,6.479255588044312120e+00,8.200075588652904202e+00,1.041255939777153650e+01,1.311670763345861168e+01,1.631252095175479866e+01,2.000000000000000000e+01
4.319851072179752727e+00,4.564853063154241219e+00,5.299859036077705809e+00,6.524869242457708829e+00,8.239884058402232370e+00,1.044490396911132457e+01,1.313992953455059975e+01,1.632496134923047038e+01,2.000000000000000000e+01
4.372749871312294090e+00,4.616925350154219565e+00,5.349451786679996879e+00,6.570329408705826602e+00,8.279558556928348523e+00,1.047713967090419374e+01,1.316307325799741434e+01,1.633735985700419135e+01,2.000000000000000000e+01
4.425470652325540932e+00,4.668822397580755457e+00,5.398877633346399918e+00,6.615636565986644513e+00,8.319099504133951939e+00,1.050926684601592598e+01,1.318613905136714770e+01,1.634971660853566888e+01,2.000000000000000000e+01
4.478013972492639105e+00,4.720544754281980282e+00,5.448137099650003812e+00,6.660791195536532427e+00,8.358507321540646018e+00,1.054128583846746636e+01,1.320912716292412625e+01,1.636203173757874652e+01,2.000000000000000000e+01
4.530380391304746013e+00,4.772092971262694050e+00,5.497230711136538162e+00,6.705793780277785388e+00,8.397782431996443364e+00,1.057319699321240769e+01,1.323203784148175721e+01,1.637430537811002651e+01,2.000000000000000000e+01
4.582570470076091418e+00,4.823467601298119689e+00,5.546158994964205391e+00,6.750644804500031348e+00,8.436925259411422573e+00,1.060500065593591401e+01,1.325487133626953451e+01,1.638653766426438807e+01,2.000000000000000000e+01
4.634584771587012320e+00,4.874669198584798302e+00,5.594922479578157137e+00,6.795344753572284624e+00,8.475936228518831328e+00,1.063669717287304017e+01,1.327762789681293398e+01,1.639872873027672995e+01,2.000000000000000000e+01
4.686423859761350563e+00,4.925698318425092204e+00,5.643521694416316237e+00,6.839894113682774446e+00,8.514815764659246611e+00,1.066828689064459468e+01,1.330030777282490106e+01,1.641087871042938673e+01,2.000000000000000000e+01
4.738088299374966006e+00,4.976555516942124946e+00,5.691957169643599990e+00,6.884293371603892098e+00,8.553564293585617762e+00,1.069977015610890803e+01,1.332291121410789891e+01,1.642298773900466458e+01,2.000000000000000000e+01
4.789578655792428030e+00,5.027241350822283295e+00,5.740229435911848199e+00,6.928543014479894069e+00,8.592182241287186883e+00,1.073114731622801266e+01,1.334543847046546894e+01,1.643505595024199906e+01,2.000000000000000000e+01
4.840895494729212878e+00,5.077756377082666361e+00,5.788339024143026812e+00,6.972643529635215387e+00,8.630670033830556420e+00,1.076241871794682048e+01,1.336788979162244750e+01,1.644708347829931938e+01,2.000000000000000000e+01
4.892039382036994510e+00,5.128101152861122003e+00,5.836286465333505369e+00,7.016595404401427594e+00,8.669028097216200379e+00,1.079358470808412385e+01,1.339026542715297197e+01,1.645907045721819983e+01,2.000000000000000000e+01
4.943010883509860065e+00,5.178276235226745960e+00,5.884072290377404535e+00,7.060399125961081879e+00,8.707256857249035420e+00,1.082464563323427242e+01,1.341256562641557970e+01,1.647101702089247155e+01,2.000000000000000000e+01
4.993810564709438182e+00,5.228282181008886198e+00,5.931697029907229357e+00,7.104055181206844871e+00,8.745356739421675130e+00,1.085560183967850456e+01,1.343479063849470201e+01,1.648292330303990028e+01,2.000000000000000000e+01
5.044438990807186052e+00,5.278119546642923154e+00,5.979161214150133574e+00,7.147564056614482020e+00,8.783328168809173775e+00,1.088645367330505032e+01,1.345694071214795962e+01,1.649478943717673829e+01,2.000000000000000000e+01
5.094896726442180501e+00,5.327788888031221859e+00,6.026465372798345044e+00,7.190926238128350079e+00,8.821171569974193716e+00,1.091720147953715170e+01,1.347901609575870374e+01,1.650661555659479873e+01,2.000000000000000000e+01
5.145184335592960956e+00,5.377290760417820614e+00,6.073610034892399590e+00,7.234142211058260941e+00,8.858887366881567971e+00,1.094784560326824874e+01,1.350101703729331604e+01,1.651840179434083566e+01,2.000000000000000000e+01
5.195302381462095553e+00,5.426625718275569277e+00,6.120595728715991335e+00,7.277212459986597715e+00,8.896475982821407058e+00,1.097838638880367945e+01,1.352294378426279664e+01,1.653014828319801666e+01,2.000000000000000000e+01
5.245251426372257164e+00,5.475794315204523421e+00,6.167422981701321305e+00,7.320137468684731807e+00,8.933937840339940095e+00,1.100882417980823647e+01,1.354479658368826556e+01,1.654185515566929254e+01,2.000000000000000000e+01
5.295032031672730177e+00,5.524797103840536572e+00,6.214092320343954867e+00,7.362917720037859048e+00,8.971273361177313888e+00,1.103915931925906513e+01,1.356657568206995812e+01,1.655352254396250089e+01,2.000000000000000000e+01
5.344644757655340861e+00,5.573634635773077051e+00,6.260604270126288284e+00,7.405553695977454609e+00,9.008482966211726506e+00,1.106939214940335958e+01,1.358828132535945876e+01,1.656515057997695450e+01,2.000000000000000000e+01
5.394090163478936439e+00,5.622307461471405254e+00,6.306959355448811699e+00,7.448045877420621075e+00,9.045567075409321589e+00,1.109952301172045175e+01,1.360991375893476629e+01,1.657673939529151141e+01,2.000000000000000000e+01
5.443368807101603757e+00,5.670816130218308437e+00,6.353158099568422479e+00,7.490394744215686629e+00,9.082526107779214541e+00,1.112955224688780476e+01,1.363147322757801305e+01,1.658828912115387411e+01,2.000000000000000000e+01
5.492481245219871688e+00,5.719161190050684240e+00,6.399201024543121896e+00,7.532600775093446721e+00,9.119360481333256274e+00,1.115948019475061059e+01,1.365295997545554663e+01,1.659979988847102916e+01,2.000000000000000000e+01
5.541428033214264026e+00,5.767343187706324592e+00,6.445088651182507178e+00,7.574664447623521646e+00,9.156070613050008689e+00,1.118930719429461540e+01,1.367437424610012897e+01,1.661127182780075273e+01,2.000000000000000000e+01
5.590209725100574900e+00,5.815362668576297800e+00,6.490821499003466499e+00,7.616586238175354850e+00,9.192656918842594393e+00,1.121903358362186331e+01,1.369571628239509309e+01,1.662270506934404679e+01,2.000000000000000000e+01
5.638826873486347147e+00,5.863220176662419014e+00,6.536400086190636394e+00,7.658366621883383907e+00,9.229119813530001437e+00,1.124865969992909420e+01,1.371698632656026007e+01,1.663409974293843163e+01,2.000000000000000000e+01
5.687280029532034042e+00,5.910916254539309023e+00,6.581824929561132187e+00,7.700006072616021768e+00,9.265459710811553506e+00,1.127818587948853768e+01,1.373818462013941577e+01,1.664545597805199506e+01,2.000000000000000000e+01
5.735569742916425184e+00,5.958451443320607943e+00,6.627096544533155331e+00,7.741505062948056626e+00,9.301677023244222298e+00,1.130761245763088674e+01,1.375931140398925656e+01,1.665677390377814859e+01,2.000000000000000000e+01
5.783696561805915515e+00,6.005826282628966339e+00,6.672215445098117925e+00,7.782864064136161275e+00,9.337772162222513828e+00,1.133693976873020937e+01,1.378036691826960869e+01,1.666805364883103024e+01,2.000000000000000000e+01
5.831661032827251567e+00,6.053041310569422073e+00,6.717182143795935367e+00,7.824083546097218012e+00,9.373745537960699536e+00,1.136616814619066851e+01,1.380135140243483960e+01,1.667929534154145799e+01,2.000000000000000000e+01
5.879463701043428081e+00,6.100097063705871570e+00,6.761997151693202035e+00,7.865163977389185490e+00,9.409597559477157702e+00,1.139529792243482476e+01,1.382226509522632973e+01,1.669049910985339480e+01,2.000000000000000000e+01
5.927105109932459648e+00,6.146994077040334403e+00,6.806660978363957781e+00,7.906105825194259751e+00,9.445328634580608451e+00,1.142432942889340097e+01,1.384310823466588758e+01,1.670166508132090044e+01,2.000000000000000000e+01
5.974585801368692550e+00,6.193732883994722549e+00,6.851174131872815209e+00,7.946909555304128681e+00,9.480939169858098481e+00,1.145326299599636144e+01,1.386388105805007953e+01,1.671279338310550600e+01,2.000000000000000000e+01
6.021906315606471161e+00,6.240314016394906460e+00,6.895537118760213247e+00,7.987575632107096091e+00,9.516429570664538318e+00,1.148209895316519180e+01,1.388458380194529340e+01,1.672388414197394368e+01,2.000000000000000000e+01
6.069067191265929750e+00,6.286738004456845275e+00,6.939750444029591847e+00,8.028104518576917314e+00,9.551800241113650003e+00,1.151083762880623240e+01,1.390521670218356398e+01,1.673493748429626393e+01,2.000000000000000000e+01
6.116068965320661910e+00,6.333005376774576867e+00,6.983814611136319073e+00,8.068496676263187339e+00,9.587051584070209742e+00,1.153947935030500638e+01,1.392577999385899901e+01,1.674595353604422243e+01,2.000000000000000000e+01
6.162912173087144119e+00,6.379116660309902542e+00,7.027730121978177813e+00,8.108752565283094071e+00,9.622184001143420318e+00,1.156802444402141816e+01,1.394627391132481797e+01,1.675693242278997630e+01,2.000000000000000000e+01
6.209597348215704748e+00,6.425072380383602066e+00,7.071497476887293132e+00,8.148872644314458569e+00,9.657197892681359974e+00,1.159647323528574248e+01,1.396669868819091143e+01,1.676787426970502182e+01,2.000000000000000000e+01
6.256125022682913261e+00,6.470873060668020038e+00,7.115117174623339480e+00,8.188857370589900597e+00,9.692093657766355008e+00,1.162482604839535050e+01,1.398705455732185499e+01,1.677877920155939151e+01,2.000000000000000000e+01
6.302495726785245722e+00,6.516519223180910814e+00,7.158589712367906976e+00,8.228707199892038915e+00,9.726871694211219221e+00,1.165308320661206132e+01,1.400734175083538879e+01,1.678964734272102532e+01,2.000000000000000000e+01
6.348709989133901388e+00,6.562011388280409641e+00,7.201915585719934398e+00,8.268422586549625919e+00,9.761532398556246548e+00,1.168124503216010623e+01,1.402756050010125932e+01,1.680047881715532654e+01,2.000000000000000000e+01
6.394768336650668239e+00,6.607350074661021644e+00,7.245095288692081859e+00,8.308003983434508299e+00,9.796076166066942648e+00,1.170931184622460819e+01,1.404771103574040936e+01,1.681127374842492728e+01,2.000000000000000000e+01
6.440671294564723759e+00,6.652535799350535406e+00,7.288129313707969459e+00,8.347451841959372842e+00,9.830503390732332036e+00,1.173728396895054082e+01,1.406779358762451615e+01,1.682203225968957483e+01,2.000000000000000000e+01
6.486419386410292809e+00,6.697569077707766105e+00,7.331018151600187771e+00,8.386766612076161920e+00,9.864814465263883392e+00,1.176516171944212452e+01,1.408780838487576759e+01,1.683275447370617783e+01,2.000000000000000000e+01
6.532013134025071110e+00,6.742450423421056271e+00,7.373762291609011754e+00,8.425948742275101822e+00,9.899009781094923355e+00,1.179294541576262034e+01,1.410775565586695102e+01,1.684344051282893773e+01,2.000000000000000000e+01
6.577453057549353055e+00,6.787180348507453331e+00,7.416362221381752384e+00,8.464998679584317287e+00,9.933089728380510408e+00,1.182063537493445970e+01,1.412763562822172503e+01,1.685409049900966494e+01,2.000000000000000000e+01
6.622739675425777683e+00,6.831759363312501776e+00,7.458818426972674054e+00,8.503916869569929204e+00,9.967054695997756397e+00,1.184823191293970979e+01,1.414744852881514880e+01,1.686470455379811639e+01,2.000000000000000000e+01
6.667873504399629780e+00,6.876187976510579780e+00,7.501131392843429779e+00,8.542703756336619492e+00,1.000090507154649444e+01,1.187573534472082137e+01,1.416719458377434293e+01,1.687528279834246447e+01,2.000000000000000000e+01
6.712855059519689860e+00,6.920466695105758070e+00,7.543301601863964478e+00,8.581359782528593882e+00,1.003464124135030922e+01,1.190314598418161829e+01,1.418687401847938645e+01,1.688582535338987611e+01,2.000000000000000000e+01
6.757684854139497155e+00,6.964596024433080679e+00,7.585329535313831251e+00,8.619885389330939063e+00,1.006826359045785679e+01,1.193046414418855150e+01,1.420648705756431873e+01,1.689633233928710254e+01,2.000000000000000000e+01
6.802363399919059361e+00,7.008576468160269357e+00,7.627215672883898456e+00,8.658281016471290670e+00,1.010177250264448112e+01,1.195769013657213797e+01,1.422603392491829943e+01,1.690680387598118628e+01,2.000000000000000000e+01
6.846891206826931864e+00,7.052408528289793921e+00,7.668960492678381868e+00,8.696547102221815706e+00,1.013516836041406499e+01,1.198482427212859669e+01,1.424551484368689636e+01,1.691724008302020721e+01,2.000000000000000000e+01
6.891268783142621146e+00,7.096092705161265890e+00,7.710564471217198346e+00,8.734684083401463184e+00,1.016845154500111015e+01,1.201186686062166409e+01,1.426493003627347278e+01,1.692764107955408903e+01,2.000000000000000000e+01
6.935496635459311499e+00,7.139629497454129670e+00,7.752028083438586847e+00,8.772692395378456354e+00,1.020162243637301991e+01,1.203881821078454273e+01,1.428427972434067961e+01,1.693800698433544838e+01,2.000000000000000000e+01
6.979575268686836864e+00,7.183019402190621960e+00,7.793351802701978137e+00,8.810572472073012307e+00,1.023468141323256653e+01,1.206567863032200272e+01,1.430356412881205230e+01,1.694833791572049719e+01,2.000000000000000000e+01
7.023505186054936011e+00,7.226262914738975418e+00,7.834536100791094526e+00,8.848324745960235660e+00,1.026762885302050776e+01,1.209244842591261104e+01,1.432278346987367179e+01,1.695863399166996999e+01,2.000000000000000000e+01
7.067286889116686233e+00,7.269360528816824818e+00,7.875581447917241462e+00,8.885949648073227181e+00,1.030046513191837754e+01,1.211912790321104438e+01,1.434193796697589995e+01,1.696889532975009374e+01,2.000000000000000000e+01
7.110920877752170632e+00,7.312312736494825494e+00,7.916488312722791854e+00,8.923447608006323861e+00,1.033319062485136719e+01,1.214571736685054226e+01,1.436102783883518974e+01,1.697912204713360396e+01,2.000000000000000000e+01
7.154407650172295519e+00,7.355120028200424542e+00,7.957257162284812502e+00,8.960819053918470445e+00,1.036580570549136660e+01,1.217221712044540816e+01,1.438005330343593258e+01,1.698931426060075722e+01,2.000000000000000000e+01
7.197747702922788982e+00,7.397782892721803449e+00,7.997888462118848629e+00,8.998064412536757928e+00,1.039831074626007812e+01,1.219862746659361363e+01,1.439901457803239460e+01,1.699947208654038988e+01,2.000000000000000000e+01
7.240941530888318489e+00,7.440301817211948610e+00,8.038382676182839859e+00,9.035184109160043775e+00,1.043070611833224248e+01,1.222494870687946822e+01,1.441791187915066175e+01,1.700959564095099807e+01,2.000000000000000000e+01
7.283989627296759473e+00,7.482677287192854187e+00,8.078740266881139220e+00,9.072178567662675164e+00,1.046299219163893568e+01,1.225118114187635321e+01,1.443674542259063465e+01,1.701968503944183198e+01,2.000000000000000000e+01
7.326892483723561611e+00,7.524909786559832447e+00,8.118961695068644957e+00,9.109048210498315257e+00,1.049516933487095827e+01,1.227732507114949989e+01,1.445551542342808737e+01,1.702974039723399713e+01,2.000000000000000000e+01
7.369650590096209264e+00,7.566999797585912013e+00,8.159047420055019373e+00,9.145793458703852963e+00,1.052723791548226551e+01,1.230338079325884060e+01,1.447422209601672094e+01,1.703976182916160198e+01,2.000000000000000000e+01
7.412264434698793814e+00,7.608947800926343596e+00,8.198997899608992057e+00,9.182414731903364213e+00,1.055919829969347923e+01,1.232934860576187930e+01,1.449286565399026117e+01,1.704974944967288053e+01,2.000000000000000000e+01
7.454734504176646404e+00,7.650754275623166123e+00,8.238813589962722617e+00,9.218912448312142516e+00,1.059105085249543521e+01,1.235522880521661371e+01,1.451144631026458676e+01,1.705970337283136118e+01,2.000000000000000000e+01
7.497061283541054166e+00,7.692419699109853681e+00,8.278494945816252226e+00,9.255287024740805890e+00,1.062279593765279095e+01,1.238102168718448581e+01,1.452996427703986981e+01,1.706962371231702491e+01,2.000000000000000000e+01
7.539245256174012866e+00,7.733944547216004217e+00,8.318042420341980048e+00,9.291538876599421570e+00,1.065443391770765302e+01,1.240672754623337148e+01,1.454841976580274121e+01,1.707951058142745637e+01,2.000000000000000000e+01
7.581286903833071911e+00,7.775329294172108163e+00,8.357456465189216033e+00,9.327668417901699982e+00,1.068596515398325408e+01,1.243234667594058429e+01,1.456681298732847551e+01,1.708936409307906246e+01,2.000000000000000000e+01
7.623186706656194467e+00,7.816574412614334832e+00,8.396737530488756818e+00,9.363676061269204709e+00,1.071739000658766727e+01,1.245787936889591307e+01,1.458514415168317413e+01,1.709918435980822338e+01,2.000000000000000000e+01
7.664945143166673525e+00,7.857680373589383649e+00,8.435886064857511357e+00,9.399562217935615749e+00,1.074870883441752412e+01,1.248332591670465952e+01,1.460341346822597686e+01,1.710897149377250770e+01,2.000000000000000000e+01
7.706562690278083494e+00,7.898647646559348701e+00,8.474902515403142544e+00,9.435327297750987441e+00,1.077992199516177685e+01,1.250868660999071658e+01,1.462162114561128767e+01,1.711872560675185539e+01,2.000000000000000000e+01
7.748039823299252227e+00,7.939476699406629479e+00,8.513787327728760346e+00,9.470971709186082776e+00,1.081102984530545541e+01,1.253396173839963978e+01,1.463976739179097919e+01,1.712844681014977510e+01,2.000000000000000000e+01
7.789377015939276561e+00,7.980167998438862931e+00,8.552540945937622041e+00,9.506495859336668630e+00,1.084203274013347240e+01,1.255915159060175235e+01,1.465785241401663974e+01,1.713813521499455916e+01,2.000000000000000000e+01
7.830574740312535198e+00,8.020722008393862623e+00,8.591163812637843122e+00,9.541900153927867834e+00,1.087293103373441028e+01,1.258425645429522710e+01,1.467587641884180982e+01,1.714779093194048443e+01,2.000000000000000000e+01
7.871633466943745994e+00,8.061139192444597867e+00,8.629656368947150824e+00,9.577184997318520132e+00,1.090372507900434051e+01,1.260927661620921469e+01,1.469383961212422030e+01,1.715741407126901308e+01,2.000000000000000000e+01
7.912553664773022355e+00,8.101420012204172849e+00,8.668019054497623443e+00,9.612350792505523600e+00,1.093441522765064100e+01,1.263421236210694865e+01,1.471174219902803060e+01,1.716700474289000411e+01,2.000000000000000000e+01
7.953335801160939411e+00,8.141564927730819079e+00,8.706252307440459859e+00,9.647397941128234677e+00,1.096500183019582053e+01,1.265906397678885931e+01,1.472958438402609715e+01,1.717656305634291769e+01,2.000000000000000000e+01
7.993980341893615282e+00,8.181574397532898502e+00,8.744356564450745495e+00,9.682326843472830902e+00,1.099548523598135219e+01,1.268383174409570380e+01,1.474736637090219027e+01,1.718608912079804085e+01,2.000000000000000000e+01
8.034487751187812776e+00,8.221448878573916375e+00,8.782332260732225393e+00,9.717137898476694957e+00,1.102586579317150495e+01,1.270851594691167818e+01,1.476508836275327496e+01,1.719558304505767410e+01,2.000000000000000000e+01
8.074858491696000229e+00,8.261188826277521713e+00,8.820179830022086165e+00,9.751831503732812934e+00,1.105614384875717882e+01,1.273311686716755453e+01,1.478275056199173321e+01,1.720504493755734998e+01,2.000000000000000000e+01
8.115093024511477182e+00,8.300794694532541484e+00,8.857899704595734391e+00,9.786408055494140612e+00,1.108631974855973823e+01,1.275763478584379484e+01,1.480035317034762343e+01,1.721447490636704103e+01,2.000000000000000000e+01
8.155191809173439665e+00,8.340266935697972173e+00,8.895492315271567918e+00,9.820867948678003501e+00,1.111639383723485075e+01,1.278206998297367214e+01,1.481789638887093297e+01,1.722387305919235700e+01,2.000000000000000000e+01
8.195155303672089886e+00,8.379606000608010419e+00,8.932958091415768465e+00,9.855211576870486212e+00,1.114636645827631156e+01,1.280642273764638617e+01,1.483538041793380025e+01,1.723323950337576349e+01,2.000000000000000000e+01
8.234983964453727268e+00,8.418812338577060572e+00,8.970297460947058710e+00,9.889439332330789867e+00,1.117623795401987685e+01,1.283069332801018803e+01,1.485280545723277790e+01,1.724257434589777915e+01,2.000000000000000000e+01
8.274678246425812844e+00,8.457886397404731582e+00,9.007510850341487796e+00,9.923551605995639235e+00,1.120600866564708475e+01,1.285488203127547990e+01,1.487017170579105674e+01,1.725187769337815880e+01,2.000000000000000000e+01
8.314238602962067404e+00,8.496828623380848100e+00,9.044598684637190189e+00,9.957548787483627706e+00,1.123567893318907807e+01,1.287898912371792903e+01,1.488747936196069332e+01,1.726114965207711904e+01,2.000000000000000000e+01
8.353665485907541211e+00,8.535639461290440266e+00,9.081561387439139210e+00,9.991431265099594228e+00,1.126524909553041276e+01,1.290301488068156921e+01,1.490472862342486771e+01,1.727039032789653206e+01,2.000000000000000000e+01
8.392959345583671293e+00,8.574319354418729944e+00,9.118399380923905895e+00,1.002519942583898427e+01,1.129471949041286116e+01,1.292695957658189343e+01,1.492191968720007544e+01,1.727959982638108372e+01,2.000000000000000000e+01
8.432120630793345839e+00,8.612868744556108069e+00,9.155113085844394760e+00,1.005885365539218768e+01,1.132409045443922224e+01,1.295082348490894120e+01,1.493905274963836938e+01,1.728877825271951707e+01,2.000000000000000000e+01
8.471149788825949045e+00,8.651288072003108454e+00,9.191702921534588455e+00,1.009239433814889608e+01,1.135336232307710524e+01,1.297460687823039827e+01,1.495612800642957119e+01,1.729792571174578697e+01,2.000000000000000000e+01
8.510047265462402422e+00,8.689577775575367369e+00,9.228169305914263987e+00,1.012582185720242656e+01,1.138253543066272044e+01,1.299831002819465375e+01,1.497314565260347763e+01,1.730704230794024667e+01,2.000000000000000000e+01
8.548813504980188327e+00,8.727738292608568926e+00,9.264512655493708948e+00,1.015913659435404703e+01,1.141161011040464857e+01,1.302193320553388212e+01,1.499010588253207921e+01,1.731612814543084866e+01,2.000000000000000000e+01
8.587448950158368177e+00,8.765770058963383349e+00,9.300733385378427087e+00,1.019233893011728753e+01,1.144058669438760845e+01,1.304547668006709848e+01,1.500700888993174154e+01,1.732518332799430993e+01,2.000000000000000000e+01
8.625954042282586443e+00,8.803673509030398137e+00,9.336831909273831442e+00,1.022542924372225137e+01,1.146946551357621935e+01,1.306894072070322288e+01,1.502385486786541513e+01,1.733420795905728440e+01,2.000000000000000000e+01
8.664329221150063987e+00,8.841449075735029695e+00,9.372808639489926819e+00,1.025840791311990330e+01,1.149824689781874376e+01,1.309232559544411956e+01,1.504064400874481500e+01,1.734320214169756014e+01,2.000000000000000000e+01
8.702574925074577195e+00,8.879097190542427853e+00,9.408663986945979829e+00,1.029127531498635051e+01,1.152693117585082661e+01,1.311563157138763813e+01,1.505737650433261798e+01,1.735216597864520338e+01,2.000000000000000000e+01
8.740691590891426443e+00,8.916618283462362626e+00,9.444398361175171175e+00,1.032403182472711478e+01,1.155551867529923449e+01,1.313885891473064227e+01,1.507405254574462461e+01,1.736109957228374157e+01,2.000000000000000000e+01
8.778679653962385032e+00,8.954012783054103863e+00,9.480012170329258581e+00,1.035667781648139751e+01,1.158400972268555584e+01,1.316200789077203837e+01,1.509067232345193510e+01,1.737000302465131796e+01,2.000000000000000000e+01
8.816539548180660546e+00,8.991281116431290243e+00,9.515505821183179336e+00,1.038921366312631100e+01,1.161240464342992240e+01,1.318507876391578293e+01,1.510723602728311299e+01,1.737887643744185695e+01,2.000000000000000000e+01
8.854271705975786944e+00,9.028423709266764519e+00,9.550879719139697244e+00,1.042163973628113460e+01,1.164070376185470401e+01,1.320807179767389172e+01,1.512374384642635050e+01,1.738771991200622224e+01,2.000000000000000000e+01
8.891876558318562829e+00,9.065440985797422968e+00,9.586134268234001610e+00,1.045395640631152112e+01,1.166890740118819281e+01,1.323098725466943648e+01,1.514019596943161261e+01,1.739653354935335727e+01,2.000000000000000000e+01
8.929354534725947090e+00,9.102333368829032878e+00,9.621269871138288465e+00,1.048616404233372457e+01,1.169701588356827848e+01,1.325382539663952741e+01,1.515659258421278288e+01,1.740531745015145759e+01,2.000000000000000000e+01
8.966706063265935001e+00,9.139101279741041139e+00,9.656286929166359556e+00,1.051826301221877635e+01,1.172502953004611292e+01,1.327658648443829570e+01,1.517293387804980931e+01,1.741407171472910065e+01,2.000000000000000000e+01
9.003931570562437869e+00,9.175745138491370412e+00,9.691185842278169815e+00,1.055025368259669527e+01,1.175294866058977483e+01,1.329927077803986535e+01,1.518922003759083239e+01,1.742279644307638620e+01,2.000000000000000000e+01
9.041031481800127168e+00,9.212265363621193970e+00,9.725967009084396153e+00,1.058213641886064416e+01,1.178077359408790059e+01,1.332187853654130549e+01,1.520545124885430610e+01,1.743149173484608738e+01,2.000000000000000000e+01
9.078006220729285758e+00,9.248662372259705222e+00,9.760630826850961839e+00,1.061391158517109545e+01,1.180850464835331337e+01,1.334441001816558980e+01,1.522162769723112241e+01,1.744015768935478405e+01,2.000000000000000000e+01
9.114856209670625375e+00,9.284936580128860584e+00,9.795177691503569761e+00,1.064557954445998256e+01,1.183614214012665578e+01,1.336686548026453103e+01,1.523774956748673048e+01,1.744879440558398187e+01,2.000000000000000000e+01
9.151581869520098778e+00,9.321088401548125901e+00,9.829607997632209049e+00,1.067714065843483162e+01,1.186368638507999407e+01,1.338924517932172797e+01,1.525381704376322922e+01,1.745740198218125627e+01,2.000000000000000000e+01
9.188183619753701237e+00,9.357118249439189128e+00,9.863922138495651026e+00,1.070859528758288093e+01,1.189113769782040819e+01,1.341154937095546984e+01,1.526983030958147580e+01,1.746598051746137514e+01,2.000000000000000000e+01
9.224661878432250717e+00,9.393026535330671223e+00,9.898120506025932741e+00,1.073994379117518960e+01,1.191849639189358534e+01,1.343377830992166544e+01,1.528578954784317823e+01,1.747453010940740370e+01,2.000000000000000000e+01
9.261017062206141404e+00,9.428813669362812178e+00,9.932203490832822723e+00,1.077118652727074455e+01,1.194576277978739398e+01,1.345593225011673510e+01,1.530169494083297010e+01,1.748305085567184491e+01,2.000000000000000000e+01
9.297249586320102566e+00,9.464480060292146391e+00,9.966171482208277865e+00,1.080232385272052653e+01,1.197293717293545257e+01,1.347801144458052214e+01,1.531754667022049965e+01,1.749154285357774441e+01,2.000000000000000000e+01
9.333359864617934321e+00,9.500026115496170931e+00,1.000002486813088254e+01,1.083335612317158869e+01,1.200001988172066625e+01,1.350001614549915807e+01,1.533334491706250446e+01,1.750000620011978825e+01,2.000000000000000000e+01
9.369348309547225639e+00,9.535452240977985383e+00,1.003376403527026461e+01,1.086428369307111375e+01,1.202701121547877783e+01,1.352194660420796524e+01,1.534908986180487567e+01,1.750844099196542913e+01,2.000000000000000000e+01
9.405215332164059916e+00,9.570758841370924586e+00,1.006738936899151859e+01,1.089510691567045519e+01,1.205391148250190092e+01,1.354380307119430427e+01,1.536478168428470958e+01,1.751684732545598067e+01,2.000000000000000000e+01
9.440961342137702772e+00,9.605946319943175382e+00,1.010090125335959144e+01,1.092582614302916433e+01,1.208072099004203181e+01,1.356558579610043225e+01,1.538042056373236122e+01,1.752522529660771511e+01,2.000000000000000000e+01
9.476586747755273876e+00,9.641015078602373833e+00,1.013430007114367370e+01,1.095644172601901012e+01,1.210744004431454357e+01,1.358729502772636799e+01,1.539600667877349416e+01,1.753357500111295764e+01,2.000000000000000000e+01
9.512091955926413434e+00,9.675965517900198876e+00,1.016758620382155698e+01,1.098695401432798846e+01,1.213406895050169965e+01,1.360893101403271288e+01,1.541154020743112163e+01,1.754189653434119478e+01,2.000000000000000000e+01
9.547477372187904265e+00,9.710798037036928676e+00,1.020076003158400013e+01,1.101736335646429765e+01,1.216060801275612846e+01,1.363049400214349127e+01,1.542702132712763508e+01,1.755018999134012958e+01,2.000000000000000000e+01
9.582743400708332970e+00,9.745513033866012975e+00,1.023382193333905121e+01,1.104767009976033165e+01,1.218705753420429616e+01,1.365198423834896779e+01,1.544245021468681855e+01,1.755845546683681135e+01,2.000000000000000000e+01
9.617890444292676477e+00,9.780110904898604574e+00,1.026677228671638709e+01,1.107787459037663425e+01,1.221341781694996165e+01,1.367340196810846109e+01,1.545782704633588622e+01,1.756669305523866953e+01,2.000000000000000000e+01
9.652918904386906362e+00,9.814592045308083712e+00,1.029961146807161398e+01,1.110797717330585854e+01,1.223968916207762980e+01,1.369474743605313627e+01,1.547315199770748073e+01,1.757490285063463276e+01,2.000000000000000000e+01
9.687829181082578955e+00,9.848956848934578900e+00,1.033233985249057696e+01,1.113797819237669806e+01,1.226587186965598875e+01,1.371602088598882041e+01,1.548842524384168762e+01,1.758308494679617695e+01,2.000000000000000000e+01
9.722621673121395247e+00,9.883205708289452218e+00,1.036495781379362136e+01,1.116787799025781247e+01,1.229196623874133465e+01,1.373722256089875415e+01,1.550364695918803015e+01,1.759123943717840532e+01,2.000000000000000000e+01
9.757296777899748363e+00,9.917339014559781063e+00,1.039746572453987561e+01,1.119767690846174624e+01,1.231797256738097879e+01,1.375835270294639479e+01,1.551881731760744465e+01,1.759936641492111420e+01,2.000000000000000000e+01
9.791854891473271039e+00,9.951357157612827464e+00,1.042986395603149674e+01,1.122737528734880996e+01,1.234389115261666703e+01,1.377941155347815894e+01,1.553393649237429663e+01,1.760746597284985882e+01,2.000000000000000000e+01
9.826296408561354667e+00,9.985260526000494963e+00,1.046215287831791763e+01,1.125697346613099015e+01,1.236972229048795135e+01,1.380039935302619725e+01,1.554900465617833483e+01,1.761553820347700494e+01,2.000000000000000000e+01
9.860621722551641710e+00,1.001904950696374819e+01,1.049433286020006761e+01,1.128647178287581276e+01,1.239546627603558626e+01,1.382131634131112463e+01,1.556402198112667534e+01,1.762358319900279824e+01,2.000000000000000000e+01
9.894831225504544747e+00,1.005272448643705197e+01,1.052640426923457717e+01,1.131587057451019263e+01,1.242112340330488429e+01,1.384216275724476475e+01,1.557898863874575568e+01,1.763160105131640876e+01,2.000000000000000000e+01
9.928925308157696250e+00,1.008628584905276959e+01,1.055836747173798607e+01,1.134517017682429518e+01,1.244669396534908579e+01,1.386293883893287848e+01,1.559390479998331358e+01,1.763959185199697899e+01,2.000000000000000000e+01
9.962904359930432108e+00,1.011973397814555220e+01,1.059022283279091603e+01,1.137437092447536280e+01,1.247217825423270199e+01,1.388364482367788533e+01,1.560877063521032149e+01,1.764755569231467547e+01,2.000000000000000000e+01
9.996768768928207649e+00,1.015306925575671926e+01,1.062197071624225053e+01,1.140347315099153924e+01,1.249757656103483683e+01,1.390428094798155989e+01,1.562358631422292277e+01,1.765549266323171906e+01,2.000000000000000000e+01
1.003051892194707762e+01,1.018629206263862663e+01,1.065361148471327546e+01,1.143247718877567465e+01,1.252288917585253358e+01,1.392484744754776038e+01,1.563835200624440525e+01,1.766340285540344723e+01,2.000000000000000000e+01
1.006415520447806244e+01,1.021940277825900623e+01,1.068514549960183579e+01,1.146138336910912869e+01,1.254811638780407179e+01,1.394534455728508426e+01,1.565306787992709481e+01,1.767128635917932300e+01,2.000000000000000000e+01
1.009767800071158206e+01,1.025240178080530029e+01,1.071657312108645499e+01,1.149019202215554714e+01,1.257325848503226773e+01,1.396577251130957897e+01,1.566773410335431471e+01,1.767914326460398300e+01,2.000000000000000000e+01
1.013108769354183636e+01,1.028528944718898686e+01,1.074789470813043657e+01,1.151890347696463301e+01,1.259831575470778020e+01,1.398613154294740468e+01,1.568235084404228985e+01,1.768697366141825711e+01,2.000000000000000000e+01
1.016438466457116796e+01,1.031806615304987318e+01,1.077911061848598706e+01,1.154751806147591253e+01,1.262328848303237727e+01,1.400642188473750060e+01,1.569691826894204567e+01,1.769477763906020940e+01,2.000000000000000000e+01
1.019756929411443558e+01,1.035073227276039809e+01,1.081022120869828562e+01,1.157603610252246007e+01,1.264817695524220120e+01,1.402664376843423710e+01,1.571143654444134086e+01,1.770255528666612932e+01,2.000000000000000000e+01
1.023064196120334479e+01,1.038328817942989879e+01,1.084122683410955901e+01,1.160445792583466051e+01,1.267298145561103695e+01,1.404679742501006601e+01,1.572590583636655204e+01,1.771030669307158689e+01,2.000000000000000000e+01
1.026360304359078590e+01,1.041573424490887412e+01,1.087212784886313877e+01,1.163278385604389875e+01,1.269770226745356112e+01,1.406688308465815673e+01,1.574032630998457627e+01,1.771803194681240967e+01,2.000000000000000000e+01
1.029645291775513449e+01,1.044807083979323004e+01,1.090292460590751311e+01,1.166101421668629001e+01,1.272233967312855896e+01,1.408690097679503417e+01,1.575469813000470864e+01,1.772573113612573081e+01,2.000000000000000000e+01
1.032919195890457509e+01,1.048029833342851802e+01,1.093361745700034682e+01,1.168914933020636049e+01,1.274689395404217152e+01,1.410685133006318281e+01,1.576902146058053233e+01,1.773340434895096251e+01,2.000000000000000000e+01
1.036182054098136085e+01,1.051241709391414680e+01,1.096420675271250644e+01,1.171718951796074570e+01,1.277136539065109133e+01,1.412673437233367046e+01,1.578329646531179087e+01,1.774105167293083340e+01,2.000000000000000000e+01
1.039433903666609815e+01,1.054442748810758879e+01,1.099469284243206069e+01,1.174513510022183915e+01,1.279575426246577763e+01,1.414655033070874524e+01,1.579752330724625331e+01,1.774867319541235489e+01,2.000000000000000000e+01
1.042674781738199918e+01,1.057632988162856691e+01,1.102507607436827364e+01,1.177298639618146581e+01,1.282006084805363955e+01,1.416629943152443261e+01,1.581170214888157588e+01,1.775626900344784787e+01,2.000000000000000000e+01
1.045904725329912566e+01,1.060812463886323975e+01,1.105535679555558026e+01,1.180074372395452365e+01,1.284428542504223003e+01,1.418598190035311468e+01,1.582583315216716535e+01,1.776383918379592686e+01,2.000000000000000000e+01
1.049123771333861832e+01,1.063981212296834933e+01,1.108553535185754590e+01,1.182840740058261808e+01,1.286842827012240065e+01,1.420559796200611480e+01,1.583991647850602291e+01,1.777138382292247698e+01,2.000000000000000000e+01
1.052331956517689981e+01,1.067139269587538131e+01,1.111561208797082401e+01,1.185597774203768573e+01,1.289248965905148303e+01,1.422514784053625725e+01,1.585395228875658979e+01,1.777890300700167359e+01,2.000000000000000000e+01
1.055529317524989175e+01,1.070286671829468972e+01,1.114558734742908541e+01,1.188345506322559153e+01,1.291646986665641172e+01,1.424463175924043412e+01,1.586794074323458581e+01,1.778639682191693439e+01,2.000000000000000000e+01
1.058715890875718735e+01,1.073423454971962698e+01,1.117546147260694944e+01,1.191083967798972942e+01,1.294036916683688077e+01,1.426404994066215082e+01,1.588188200171483011e+01,1.779386535326191421e+01,2.000000000000000000e+01
1.061891712966621704e+01,1.076549654843063486e+01,1.120523480472389011e+01,1.193813189911462480e+01,1.296418783256847540e+01,1.428340260659406091e+01,1.589577622343307972e+01,1.780130868634147845e+01,2.000000000000000000e+01
1.065056820071642818e+01,1.079665307149935494e+01,1.123490768384813521e+01,1.196533203832948544e+01,1.298792613590577538e+01,1.430268997808052056e+01,1.590962356708784675e+01,1.780872690617269072e+01,2.000000000000000000e+01
1.068211248342340447e+01,1.082770447479268938e+01,1.126448044890054234e+01,1.199244040631176489e+01,1.301158434798547070e+01,1.432191227542009138e+01,1.592342419084219429e+01,1.781612009748577208e+01,2.000000000000000000e+01
1.071355033808300483e+01,1.085865111297687591e+01,1.129395343765848558e+01,1.201945731269072404e+01,1.303516273902945777e+01,1.434106971816805753e+01,1.593717825232556962e+01,1.782348834472505672e+01,2.000000000000000000e+01
1.074488212377548457e+01,1.088949333952153786e+01,1.132332698675969773e+01,1.204638306605094833e+01,1.305866157834792496e+01,1.436016252513895708e+01,1.595088590863558231e+01,1.783083173204998317e+01,2.000000000000000000e+01
1.077610819836957923e+01,1.092023150670371656e+01,1.135260143170612501e+01,1.207321797393589158e+01,1.308208113434243636e+01,1.437919091440905284e+01,1.596454731633981083e+01,1.783815034333604288e+01,2.000000000000000000e+01
1.080722891852661860e+01,1.095086596561190184e+01,1.138177710686775335e+01,1.209996234285137895e+01,1.310542167450897644e+01,1.439815510331883885e+01,1.597816263147757709e+01,1.784544426217572877e+01,2.000000000000000000e+01
1.083824463970456087e+01,1.098139706615002886e+01,1.141085434548643640e+01,1.212661647826910105e+01,1.312868346544103382e+01,1.441705530847551486e+01,1.599173200956175656e+01,1.785271357187950514e+01,2.000000000000000000e+01
1.086915571616209775e+01,1.101182515704149623e+01,1.143983347967969344e+01,1.215318068463012224e+01,1.315186677283261396e+01,1.443589174575547496e+01,1.600525560558051552e+01,1.785995835547675981e+01,2.000000000000000000e+01
1.089996250096267794e+01,1.104215058583313080e+01,1.146871484044449474e+01,1.217965526534833565e+01,1.317497186148130339e+01,1.445466463030675186e+01,1.601873357399911768e+01,1.786717869571672779e+01,2.000000000000000000e+01
1.093066534597852524e+01,1.107237369889916145e+01,1.149749875766106655e+01,1.220604052281394658e+01,1.319799899529128240e+01,1.447337417655148784e+01,1.603216606876166495e+01,1.787437467506947186e+01,2.000000000000000000e+01
1.096126460189469221e+01,1.110249484144517851e+01,1.152618556009663564e+01,1.223233675839690981e+01,1.322094843727633418e+01,1.449202059818838961e+01,1.604555324329286847e+01,1.788154637572679562e+01,2.000000000000000000e+01
1.099176061821303740e+01,1.113251435751207730e+01,1.155477557540919520e+01,1.225854427245038991e+01,1.324382044956284865e+01,1.451060410819515134e+01,1.605889525049978772e+01,1.788869387960320267e+01,2.000000000000000000e+01
1.102215374325622399e+01,1.116243258997997856e+01,1.158326913015124404e+01,1.228466336431417716e+01,1.326661529339283341e+01,1.452912491883089530e+01,1.607219224277359615e+01,1.789581726833682040e+01,2.000000000000000000e+01
1.105244432417170763e+01,1.119224988057216130e+01,1.161166654977352586e+01,1.231069433231811772e+01,1.328933322912687309e+01,1.454758324163860728e+01,1.608544437199130073e+01,1.790291662329032718e+01,2.000000000000000000e+01
1.108263270693568892e+01,1.122196656985894769e+01,1.163996815862872580e+01,1.233663747378550823e+01,1.331197451624712613e+01,1.456597928744753467e+01,1.609865178951749343e+01,1.790999202555189740e+01,2.000000000000000000e+01
1.111271923635707282e+01,1.125158299726160394e+01,1.166817427997519729e+01,1.236249308503650823e+01,1.333453941336027349e+01,1.458431326637560410e+01,1.611181464620607073e+01,1.791704355593612874e+01,2.000000000000000000e+01
1.114270425608141402e+01,1.128109950105621984e+01,1.169628523598063907e+01,1.238826146139150808e+01,1.335702817820047450e+01,1.460258538783182303e+01,1.612493309240196382e+01,1.792407129498493390e+01,2.000000000000000000e+01
1.117258810859481777e+01,1.131051641837755994e+01,1.172430134772578114e+01,1.241394289717451116e+01,1.337944106763231211e+01,1.462079586051867075e+01,1.613800727794284740e+01,1.793107532296850337e+01,2.000000000000000000e+01
1.120237113522788341e+01,1.133983408522292535e+01,1.175222293520805295e+01,1.243953768571648943e+01,1.340177833765373272e+01,1.463894489243447339e+01,1.615103735216085212e+01,1.793805571988619718e+01,2.000000000000000000e+01
1.123205367615956618e+01,1.136905283645598530e+01,1.178005031734523911e+01,1.246504611935875317e+01,1.342404024339896296e+01,1.465703269087578953e+01,1.616402346388428057e+01,1.794501256546745793e+01,2.000000000000000000e+01
1.126163607042110648e+01,1.139817300581060877e+01,1.180778381197911564e+01,1.249046848945625854e+01,1.344622703914142470e+01,1.467505946243977633e+01,1.617696576143929832e+01,1.795194593917273096e+01,2.000000000000000000e+01
1.129111865589985975e+01,1.142719492589466590e+01,1.183542373587908436e+01,1.251580508638095779e+01,1.346833897829664117e+01,1.469302541302655030e+01,1.618986439265161792e+01,1.795885592019436672e+01,2.000000000000000000e+01
1.132050176934318664e+01,1.145611892819383826e+01,1.186297040474579667e+01,1.254105619952511574e+01,1.349037631342513066e+01,1.471093074784153032e+01,1.620271950484822554e+01,1.796574258745753028e+01,2.000000000000000000e+01
1.134978574636228110e+01,1.148494534307539716e+01,1.189042413321474356e+01,1.256622211730460137e+01,1.351233929623529306e+01,1.472877567139778954e+01,1.621553124485900810e+01,1.797260601962110016e+01,2.000000000000000000e+01
1.137897092143601974e+01,1.151367449979198199e+01,1.191778523485987229e+01,1.259130312716219535e+01,1.353422817758627517e+01,1.474656038751838771e+01,1.622829975901847277e+01,1.797944629507855296e+01,2.000000000000000000e+01
1.140805762791475786e+01,1.154230672648535361e+01,1.194505402219714085e+01,1.261629951557086748e+01,1.355604320749085545e+01,1.476428509933870714e+01,1.624102519316740967e+01,1.798626349195888707e+01,2.000000000000000000e+01
1.143704619802416289e+01,1.157084235019015139e+01,1.197223080668811512e+01,1.264121156803704338e+01,1.357778463511828093e+01,1.478195000930875835e+01,1.625370769265454030e+01,1.799305768812748951e+01,2.000000000000000000e+01
1.146593696286899444e+01,1.159928169683762178e+01,1.199931589874350735e+01,1.266603956910388540e+01,1.359945270879712176e+01,1.479955531919550715e+01,1.626634740233820509e+01,1.799982896118704190e+01,2.000000000000000000e+01
1.149473025243688795e+01,1.162762509125934685e+01,1.202630960772672175e+01,1.269078380235451142e+01,1.362104767601810451e+01,1.481710123008517321e+01,1.627894446658799055e+01,1.800657738847839440e+01,2.000000000000000000e+01
1.152342639560213122e+01,1.165587285719094979e+01,1.205321224195740548e+01,1.271544455041525978e+01,1.364256978343694726e+01,1.483458794238552159e+01,1.629149902928639904e+01,1.801330304708146102e+01,2.000000000000000000e+01
1.155202572012940188e+01,1.168402531727578975e+01,1.208002410871495158e+01,1.274002209495890980e+01,1.366401927687716089e+01,1.485201565582815775e+01,1.630401123383048656e+01,1.802000601381609002e+01,2.000000000000000000e+01
1.158052855267754211e+01,1.171208279306866018e+01,1.210674551424201262e+01,1.276451671670789700e+01,1.368539640133287349e+01,1.486938456947081200e+01,1.631648122313348281e+01,1.802668636524294499e+01,2.000000000000000000e+01
1.160893521880325885e+01,1.174004560503944461e+01,1.213337676374800722e+01,1.278892869543751942e+01,1.370670140097161749e+01,1.488669488169960253e+01,1.632890913962645385e+01,1.803334417766437880e+01,2.000000000000000000e+01
1.163724604296485410e+01,1.176791407257679012e+01,1.215991816141259996e+01,1.281325830997913329e+01,1.372793451913712204e+01,1.490394679023130919e+01,1.634129512525991146e+01,1.803997952712530761e+01,2.000000000000000000e+01
1.166546134852594996e+01,1.179568851399175422e+01,1.218637001038917056e+01,1.283750583822334512e+01,1.374909599835209661e+01,1.492114049211563831e+01,1.635363932150543675e+01,1.804659248941408478e+01,2.000000000000000000e+01
1.169358145775913727e+01,1.182336924652142507e+01,1.221273261280828848e+01,1.286167155712316834e+01,1.377018608032099500e+01,1.493827618373745203e+01,1.636594186935729667e+01,1.805318314006334646e+01,2.000000000000000000e+01
1.172160669184970239e+01,1.185095658633256477e+01,1.223900626978115191e+01,1.288575574269720825e+01,1.379120500593277576e+01,1.495535406081903673e+01,1.637820290933404621e+01,1.805975155435089263e+01,2.000000000000000000e+01
1.174953737089927053e+01,1.187845084852521182e+01,1.226519128140303749e+01,1.290975867003280086e+01,1.381215301526366446e+01,1.497237431842231636e+01,1.639042258148014497e+01,1.806629780730054691e+01,2.000000000000000000e+01
1.177737381392946325e+01,1.190585234713627827e+01,1.229128794675672154e+01,1.293368061328915175e+01,1.383303034757987504e+01,1.498933715095109953e+01,1.640260102536756293e+01,1.807282197368299848e+01,2.000000000000000000e+01
1.180511633888556311e+01,1.193316139514314678e+01,1.231729656391589245e+01,1.295752184570048371e+01,1.385383724134036143e+01,1.500624275215328574e+01,1.641473838009735076e+01,1.807932412801667965e+01,2.000000000000000000e+01
1.183276526264011075e+01,1.196037830446722516e+01,1.234321742994856486e+01,1.298128263957913653e+01,1.387457393419954066e+01,1.502309131512308227e+01,1.642683478430125632e+01,1.808580434456857944e+01,2.000000000000000000e+01
1.186032090099655001e+01,1.198750338597753107e+01,1.236905084092047247e+01,1.300496326631870225e+01,1.389524066300999294e+01,1.503988303230321577e+01,1.643889037614328430e+01,1.809226269735514236e+01,2.000000000000000000e+01
1.188778356869283215e+01,1.201453694949423223e+01,1.239479709189843248e+01,1.302856399639710183e+01,1.391583766382518128e+01,1.505661809548712249e+01,1.645090529332128071e+01,1.809869926014307495e+01,2.000000000000000000e+01
1.191515357940499520e+01,1.204147930379218323e+01,1.242045647695374377e+01,1.305208509937968664e+01,1.393636517190213553e+01,1.507329669582114562e+01,1.646287967306852096e+01,1.810511410645019481e+01,2.000000000000000000e+01
1.194243124575076997e+01,1.206833075660445864e+01,1.244602928916552287e+01,1.307552684392231335e+01,1.395682342170415424e+01,1.508991902380670602e+01,1.647481365215526594e+01,1.811150730954628685e+01,2.000000000000000000e+01
1.196961687929313278e+01,1.209509161462586313e+01,1.247151582062405417e+01,1.309888949777441702e+01,1.397721264690346565e+01,1.510648526930250135e+01,1.648670736689031102e+01,1.811787894245392394e+01,2.000000000000000000e+01
1.199671079054386524e+01,1.212176218351643442e+01,1.249691636243414372e+01,1.312217332778206291e+01,1.399753308038391353e+01,1.512299562152664301e+01,1.649856095312256343e+01,1.812422907794930182e+01,2.000000000000000000e+01
1.202371328896711056e+01,1.214834276790493917e+01,1.252223120471842321e+01,1.314537859989099822e+01,1.401778495424360749e+01,1.513945026905884816e+01,1.651037454624259482e+01,1.813055778856308464e+01,2.000000000000000000e+01
1.205062468298290668e+01,1.217483367139234929e+01,1.254746063662067712e+01,1.316850557914969144e+01,1.403796849979756622e+01,1.515584939984257673e+01,1.652214828118415824e+01,1.813686514658121851e+01,2.000000000000000000e+01
1.207744527997069817e+01,1.220123519655530941e+01,1.257260494630913783e+01,1.319155452971235754e+01,1.405808394758038560e+01,1.517219320118717718e+01,1.653388229242576912e+01,1.814315122404575575e+01,2.000000000000000000e+01
1.210417538627286227e+01,1.222754764494959012e+01,1.259766442097977368e+01,1.321452571484196881e+01,1.407813152734883566e+01,1.518848185977003773e+01,1.654557671399221519e+01,1.814941609275569334e+01,2.000000000000000000e+01
1.213081530719819057e+01,1.225377131711353940e+01,1.262263934685958766e+01,1.323741939691327474e+01,1.409811146808451987e+01,1.520471556163870197e+01,1.655723167945609475e+01,1.815565982426778291e+01,2.000000000000000000e+01
1.215736534702539018e+01,1.227990651257150923e+01,1.264753000920986459e+01,1.326023583741578804e+01,1.411802399799646501e+01,1.522089449221300761e+01,1.656884732193934795e+01,1.816188248989734788e+01,2.000000000000000000e+01
1.218382580900655476e+01,1.230595352983727686e+01,1.267233669232944315e+01,1.328297529695677781e+01,1.413786934452374844e+01,1.523701883628720388e+01,1.658042377411476309e+01,1.816808416071909704e+01,2.000000000000000000e+01
1.221019699537063552e+01,1.233191266641746608e+01,1.269705967955795956e+01,1.330563803526424493e+01,1.415764773433807378e+01,1.525308877803205654e+01,1.659196116820750078e+01,1.817426490756794166e+01,2.000000000000000000e+01
1.223647920732687133e+01,1.235778421881492406e+01,1.272169925327908224e+01,1.332822431118988682e+01,1.417735939334637862e+01,1.526910450099694216e+01,1.660345963599661445e+01,1.818042480103979130e+01,2.000000000000000000e+01
1.226267274506825089e+01,1.238356848253212306e+01,1.274625569492373778e+01,1.335073438271204793e+01,1.419700454669340317e+01,1.528506618811197093e+01,1.661491930881652834e+01,1.818656391149238871e+01,2.000000000000000000e+01
1.228877790777493573e+01,1.240926575207453375e+01,1.277072928497332782e+01,1.337316850693868453e+01,1.421658341876426768e+01,1.530097402169005250e+01,1.662634031755856867e+01,1.819268230904607719e+01,2.000000000000000000e+01
1.231479499361767260e+01,1.243487632095398610e+01,1.279512030296292480e+01,1.339552694011027967e+01,1.423609623318703399e+01,1.531682818342898145e+01,1.663772279267244159e+01,1.819878006358462841e+01,2.000000000000000000e+01
1.234072429976121121e+01,1.246040048169202663e+01,1.281942902748447821e+01,1.341780993760278307e+01,1.425554321283525994e+01,1.533262885441352985e+01,1.664906686416771464e+01,1.820485724475603462e+01,2.000000000000000000e+01
1.236656612236767039e+01,1.248583852582324916e+01,1.284365573618998546e+01,1.344001775393053144e+01,1.427492457983054486e+01,1.534837621511749362e+01,1.666037266161532315e+01,1.821091392197328673e+01,2.000000000000000000e+01
1.239232075659996468e+01,1.251119074389864139e+01,1.286780070579466972e+01,1.346215064274914219e+01,1.429424055554506801e+01,1.536407044540576905e+01,1.667164031414904102e+01,1.821695016441519854e+01,2.000000000000000000e+01
1.241798849662513327e+01,1.253645742548888364e+01,1.289186421208013478e+01,1.348420885685842130e+01,1.431349136060411098e+01,1.537971172453639923e+01,1.668286995046694798e+01,1.822296604102716344e+01,2.000000000000000000e+01
1.244356963561772567e+01,1.256163885918767420e+01,1.291584652989751980e+01,1.350619264820524279e+01,1.433267721488858371e+01,1.539530023116262392e+01,1.669406169883291113e+01,1.822896162052197511e+01,2.000000000000000000e+01
1.246906446576313776e+01,1.258673533261501021e+01,1.293974793317063110e+01,1.352810226788643533e+01,1.435179833753753620e+01,1.541083614333492058e+01,1.670521568707804505e+01,1.823493697138057712e+01,2.000000000000000000e+01
1.249447327826096021e+01,1.261174713242048995e+01,1.296356869489908448e+01,1.354993796615164570e+01,1.437085494695066323e+01,1.542631963850304189e+01,1.671633204260216132e+01,1.824089216185288009e+01,2.000000000000000000e+01
1.251979636332828427e+01,1.263667454428656711e+01,1.298730908716141386e+01,1.357169999240619163e+01,1.438984726079078769e+01,1.544175089351802832e+01,1.672741089237524648e+01,1.824682725995852195e+01,2.000000000000000000e+01
1.254503401020304842e+01,1.266151785293183174e+01,1.301096938111817636e+01,1.359338859521392351e+01,1.440877549598635632e+01,1.545713008463424742e+01,1.673845236293890082e+01,1.825274233348763175e+01,2.000000000000000000e+01
1.257018650714731756e+01,1.268627734211425206e+01,1.303454984701505737e+01,1.361500402230004703e+01,1.442763986873391602e+01,1.547245738751139399e+01,1.674945658040777374e+01,1.825863745000163618e+01,2.000000000000000000e+01
1.259525414145057454e+01,1.271095329463441992e+01,1.305805075418595429e+01,1.363654652055397065e+01,1.444644059450058826e+01,1.548773297721650088e+01,1.676042367047101322e+01,1.826451267683401269e+01,2.000000000000000000e+01
1.262023719943302069e+01,1.273554599233877660e+01,1.308147237105604788e+01,1.365801633603211229e+01,1.446517788802651694e+01,1.550295702822593746e+01,1.677135375839371534e+01,1.827036808109105337e+01,2.000000000000000000e+01
