6.196181909401691362e-02,4.688278147509551408e-01,1.689425801721769815e+00,3.723756084869200400e+00,6.571820887635889008e+00,1.023363736609328178e+01,1.470934020685308852e+01,2.000000000000000000e+01
1.241445984149941034e-01,5.297129582124308067e-01,1.746418037604740903e+00,3.774262058960139221e+00,6.613257848495831759e+00,1.026347843254692727e+01,1.472529251824753516e+01,2.000000000000000000e+01
1.865156567375279850e-01,5.907866364538119086e-01,1.803599575602663707e+00,3.824962292775468509e+00,6.654910538545569132e+00,1.029359591398326401e+01,1.474153805184606014e+01,2.000000000000000000e+01
2.490450172267587303e-01,6.520196534879284522e-01,1.860943562271437646e+00,3.875834939987510719e+00,6.696761032256864254e+00,1.032394440692458559e+01,1.475797446951400538e+01,2.000000000000000000e+01
3.117055010883875710e-01,7.133855742371792985e-01,1.918425793683554481e+00,3.926858596915010935e+00,6.738784156971513006e+00,1.035447653988434702e+01,1.477454165369626260e+01,2.000000000000000000e+01
3.744725952291235171e-01,7.748603896414244518e-01,1.976023772878327200e+00,3.978011108099536397e+00,6.780951667083882306e+00,1.038515094319709675e+01,1.479120068051251735e+01,2.000000000000000000e+01
4.373240427607305025e-01,8.364220415662968477e-01,2.033716037982995939e+00,4.029269801342286073e+00,6.823235339609653671e+00,1.041593306359633786e+01,1.480792440518373532e+01,2.000000000000000000e+01
5.002393350362680513e-01,8.980499712681563329e-01,2.091481879963821289e+00,4.080612143416132653e+00,6.865608576391959872e+00,1.044679427029818441e+01,1.482469282279223144e+01,2.000000000000000000e+01
5.631992809843375802e-01,9.597247899096229551e-01,2.149301316685479080e+00,4.132016336477832397e+00,6.908047058625889747e+00,1.047771074499997290e+01,1.484149057458655285e+01,2.000000000000000000e+01
6.261857210383102723e-01,1.021428085708608435e+00,2.207155179719503035e+00,4.183461726093710809e+00,6.950528901488715050e+00,1.050866252036812654e+01,1.485830550249842830e+01,2.000000000000000000e+01
6.891813756984902506e-01,1.083142337964369872e+00,2.265025224762008627e+00,4.234929030495250046e+00,6.993034570969974162e+00,1.053963271797969803e+01,1.487512775602048087e+01,2.000000000000000000e+01
7.521697891621678123e-01,1.144850897814180923e+00,2.322894223770220368e+00,4.286400436963450744e+00,7.035546700535659781e+00,1.057060695877978240e+01,1.489194921008312988e+01,2.000000000000000000e+01
8.151353272969316111e-01,1.206538001694183571e+00,2.380746024885939338e+00,4.337859610261999954e+00,7.078049876012225461e+00,1.060157290764539084e+01,1.490876306830463882e+01,2.000000000000000000e+01
8.780631989594670506e-01,1.268188794155140409e+00,2.438565579742160594e+00,4.389291647383398498e+00,7.120530421032951196e+00,1.063251991888980719e+01,1.492556358225836632e+01,2.000000000000000000e+01
9.409394808412053779e-01,1.329789346402413530e+00,2.496338943086037876e+00,4.440683002148601233e+00,7.162976197191522232e+00,1.066343875731235791e+01,1.494234584645456820e+01,2.000000000000000000e+01
1.003751135040802600e+00,1.391326664028320836e+00,2.554053250990875767e+00,4.492021394910673315e+00,7.205376424054243500e+00,1.069432137608939470e+01,1.495910564455307323e+01,2.000000000000000000e+01
1.066486014732205723e+00,1.452788681941188598e+00,2.611696683568137001e+00,4.543295716839011789e+00,7.247721519863931761e+00,1.072516073786237101e+01,1.497583933134570344e+01,2.000000000000000000e+01
1.129132857047999483e+00,1.514164247072657288e+00,2.669258417146630702e+00,4.594495934450882224e+00,7.290002961808706772e+00,1.075595066904000596e+01,1.499254374040694593e+01,2.000000000000000000e+01
1.191681264320124667e+00,1.575443090703610105e+00,2.726728569854066198e+00,4.645612997624857243e+00,7.332213163949139911e+00,1.078668573994611712e+01,1.500921611061072802e+01,2.000000000000000000e+01
1.254121675728466556e+00,1.636615792698161265e+00,2.784098143607245390e+00,4.696638752814238593e+00,7.374345370696834046e+00,1.081736116531328840e+01,1.502585402680777271e+01,2.000000000000000000e+01
1.316445331656278750e+00,1.697673739928838410e+00,2.841358964746517390e+00,4.747565862252028701e+00,7.416393563809205780e+00,1.084797272096791332e+01,1.504245537132887378e+01,2.000000000000000000e+01
1.378644232943462500e+00,1.758609080941846203e+00,2.898503624936996648e+00,4.798387729385235723e+00,7.458352381052752555e+00,1.087851667353133500e+01,1.505901828389937158e+01,2.000000000000000000e+01
1.440711096953211756e+00,1.819414678585629108e+00,2.955525423482881386e+00,4.849098430454675146e+00,7.500217044911441810e+00,1.090898972068288586e+01,1.507554112818221981e+01,2.000000000000000000e+01
1.502639312034842689e+00,1.880084061985471067e+00,3.012418311837355756e+00,4.899692651957646028e+00,7.541983299939999164e+00,1.093938894006828555e+01,1.509202246361103050e+01,2.000000000000000000e+01
1.564422891635787183e+00,1.940611378930790831e+00,3.069176840815801111e+00,4.950165633639229235e+00,7.583647357566663416e+00,1.096971174534221127e+01,1.510846102149243997e+01,2.000000000000000000e+01
1.626056429017921801e+00,2.000991349467192926e+00,3.125796110815006301e+00,5.000513116618465759e+00,7.625205847330062348e+00,1.099995584814302063e+01,1.512485568458912333e+01,2.000000000000000000e+01
1.687535053279183517e+00,2.061219221256819889e+00,3.182271725189729228e+00,5.050731296247098712e+00,7.666655773689657671e+00,1.103011922503545961e+01,1.514120546956653612e+01,2.000000000000000000e+01
1.748854387172390501e+00,2.121290727086280636e+00,3.238599746827951709e+00,5.100816779307639770e+00,7.707994477680105483e+00,1.106020008864219051e+01,1.515750951181588313e+01,2.000000000000000000e+01
1.810010507046118766e+00,2.181202044756487268e+00,3.294776657887592997e+00,5.150766545176296951e+00,7.749219602789900740e+00,1.109019686232966428e+01,1.517376705226399913e+01,2.000000000000000000e+01
1.870999905102107341e+00,2.240949759477262937e+00,3.350799322602729724e+00,5.200577910599839093e+00,7.790329064536656745e+00,1.112010815792814711e+01,1.518997742585674082e+01,2.000000000000000000e+01
1.931819454064027441e+00,2.300530828805680272e+00,3.406664953030638543e+00,5.250248497761038635e+00,7.831321023288069227e+00,1.114993275605652379e+01,1.520614005146135383e+01,2.000000000000000000e+01
1.992466374277978014e+00,2.359942550105411208e+00,3.462371077587710566e+00,5.299776205333001755e+00,7.872193859941828187e+00,1.117966958869505767e+01,1.522225442297956377e+01,2.000000000000000000e+01
2.052938203210705748e+00,2.419182530460279423e+00,3.517915512209000894e+00,5.349159182247725575e+00,7.912946154131302201e+00,1.120931772370774659e+01,1.523832010149972938e+01,2.000000000000000000e+01
2.113232767273072188e+00,2.478248658944858906e+00,3.573296333960219062e+00,5.398395803927897418e+00,7.953576664668894125e+00,1.123887635106326144e+01,1.525433670834553723e+01,2.000000000000000000e+01
2.173348155870075349e+00,2.537139081135138419e+00,3.628511856930326740e+00,5.447484650753147584e+00,7.994084311976828339e+00,1.126834477054193151e+01,1.527030391890220606e+01,2.000000000000000000e+01
2.233282697562003261e+00,2.595852175730497979e+00,3.683560610235981692e+00,5.496424488552495546e+00,8.034468162287211612e+00,1.129772238074789570e+01,1.528622145712005675e+01,2.000000000000000000e+01
2.293034938211632845e+00,2.654386533152424121e+00,3.738441317974798839e+00,5.545214250933690359e+00,8.074727413420392352e+00,1.132700866927156369e+01,1.530208909061069811e+01,2.000000000000000000e+01
2.352603620988094946e+00,2.712740935984012669e+00,3.793152880971766283e+00,5.593853023277452152e+00,8.114861381973895504e+00,1.135620320386905568e+01,1.531790662626372779e+01,2.000000000000000000e+01
2.411987668097543835e+00,2.770914341116069046e+00,3.847694360171645123e+00,5.642340028240508509e+00,8.154869491774125123e+00,1.138530562454341855e+01,1.533367390632219518e+01,2.000000000000000000e+01
2.471186164113154948e+00,2.828905863469663551e+00,3.902064961539189802e+00,5.690674612625767459e+00,8.194751263460105406e+00,1.141431563642742653e+01,1.534939080486369534e+01,2.000000000000000000e+01
2.530198340781192101e+00,2.886714761170464882e+00,3.956264022338283670e+00,5.738856235491156532e+00,8.234506305083456823e+00,1.144323300338056981e+01,1.536505722464116452e+01,2.000000000000000000e+01
2.589023563185477439e+00,2.944340422056682449e+00,4.010290998670297924e+00,5.786884457380616631e+00,8.274134303621654141e+00,1.147205754222366636e+01,1.538067309424340046e+01,2.000000000000000000e+01
2.647661317158950478e+00,3.001782351409452598e+00,4.064145454160959403e+00,5.834758930571638302e+00,8.313635017312821063e+00,1.150078911754373046e+01,1.539623836554053327e+01,2.000000000000000000e+01
2.706111197837767879e+00,3.059040160801743902e+00,4.117827049693671526e+00,5.882479390243608108e+00,8.353008268730237162e+00,1.152942763700969842e+01,1.541175301138382991e+01,2.000000000000000000e+01
2.764372899260415739e+00,3.116113557969173442e+00,4.171335534095446107e+00,5.930045646480222921e+00,8.392253938523355217e+00,1.155797304714641349e+01,1.542721702353304636e+01,2.000000000000000000e+01
2.822446204921183810e+00,3.173002337613238577e+00,4.224670735689401546e+00,5.977457577027343483e+00,8.431371959759779600e+00,1.158642532952019977e+01,1.544263041078758292e+01,2.000000000000000000e+01
2.880330979194200669e+00,3.229706373054400004e+00,4.277832554634998452e+00,6.024715120735076646e+00,8.470362312809399441e+00,1.161478449729449025e+01,1.545799319730049248e+01,2.000000000000000000e+01
2.938027159550704592e+00,3.286225608659029351e+00,4.330820955984004961e+00,6.071818271619538798e+00,8.509225020717904542e+00,1.164305059211851656e+01,1.547330542105672357e+01,2.000000000000000000e+01
2.995534749498489191e+00,3.342560052970477091e+00,4.383635963386439904e+00,6.118767073485869012e+00,8.547960145022189593e+00,1.167122368131597732e+01,1.548856713249902661e+01,2.000000000000000000e+01
3.052853812178310644e+00,3.398709772480367874e+00,4.436277653386540010e+00,6.165561615059508505e+00,8.586567781964969726e+00,1.169930385534407336e+01,1.550377839328675122e+01,2.000000000000000000e+01
3.109984464557521644e+00,3.454674885981681598e+00,4.488746150254161904e+00,6.212202025577801656e+00,8.625048059070115514e+00,1.172729122549641900e+01,1.551893927517437177e+01,2.000000000000000000e+01
3.166926872166387685e+00,3.510455559450268215e+00,4.541041621301909359e+00,6.258688470798464465e+00,8.663401132044073805e+00,1.175518592182600486e+01,1.553404985899789104e+01,2.000000000000000000e+01
3.223681244327215811e+00,3.566052001406111671e+00,4.593164272642798807e+00,6.305021149385570567e+00,8.701627181972067859e+00,1.178298809126683011e+01,1.554911023375856338e+01,2.000000000000000000e+01
3.280247829830872153e+00,3.621464458710002887e+00,4.645114345347394647e+00,6.351200289637400687e+00,8.739726412780917997e+00,1.181069789593497532e+01,1.556412049579444989e+01,2.000000000000000000e+01
3.336626913019299590e+00,3.676693212755243856e+00,4.696892111963076211e+00,6.397226146523906642e+00,8.777699048942988469e+00,1.183831551159179085e+01,1.557908074803124876e+01,2.000000000000000000e+01
3.392818810236357674e+00,3.731738576017662012e+00,4.748497873361574584e+00,6.443098999004531535e+00,8.815545333398242533e+00,1.186584112625360987e+01,1.559399109930473060e+01,2.000000000000000000e+01
3.448823866612716671e+00,3.786600888930542474e+00,4.799931955884019885e+00,6.488819147599909520e+00,8.853265525673704062e+00,1.189327493893391541e+01,1.560885166374788646e+01,2.000000000000000000e+01
3.504642453153667958e+00,3.841280517054145527e+00,4.851194708755579121e+00,6.534386912193490105e+00,8.890859900181444786e+00,1.192061715850527293e+01,1.562366256023654110e+01,2.000000000000000000e+01
3.560274964101554307e+00,3.895777848512263386e+00,4.902286501744390179e+00,6.579802630041348799e+00,8.928328744678198703e+00,1.194786800266958515e+01,1.563842391188782699e+01,2.000000000000000000e+01
3.615721814547131263e+00,3.950093291670804252e+00,4.953207723041822774e+00,6.625066653970531405e+00,8.965672358871227487e+00,1.197502769702633252e+01,1.565313584560646909e+01,2.000000000000000000e+01
3.670983438266534282e+00,4.004227273035716017e+00,5.003958777343260778e+00,6.670179350748127511e+00,9.002891053156554690e+00,1.200209647422943604e+01,1.566779849167428829e+01,2.000000000000000000e+01
3.726060285762695212e+00,4.058180235349651888e+00,5.054540084110522358e+00,6.715141099604941211e+00,9.039985147477024086e+00,1.202907457322434048e+01,1.568241198337880782e+01,2.000000000000000000e+01
3.780952822492014587e+00,4.111952635868717287e+00,5.104952075998825833e+00,6.759952290899146732e+00,9.076954970288806379e+00,1.205596223855766169e+01,1.569697645667723584e+01,2.000000000000000000e+01
3.835661527258872550e+00,4.165544944802355154e+00,5.155195197432802523e+00,6.804613324906727989e+00,9.113800857626099372e+00,1.208275971975250229e+01,1.571149204989246151e+01,2.000000000000000000e+01
3.890186890762205252e+00,4.218957643901029009e+00,5.205269903317501168e+00,6.849124610726708973e+00,9.150523152254683268e+00,1.210946727074322737e+01,1.572595890343801450e+01,2.000000000000000000e+01
3.944529414279829727e+00,4.272191225177786933e+00,5.255176657871658996e+00,6.893486565290320556e+00,9.187122202905978696e+00,1.213608514936403715e+01,1.574037715956922945e+01,2.000000000000000000e+01
3.998689608477544510e+00,4.325246189751088544e+00,5.304915933571719755e+00,6.937699612464309773e+00,9.223598363583917603e+00,1.216261361688621179e+01,1.575474696215813353e+01,2.000000000000000000e+01
4.052667992331264735e+00,4.378123046797480988e+00,5.354488210196130638e+00,6.981764182239484029e+00,9.259951992937800469e+00,1.218905293759948627e+01,1.576906845648980315e+01,2.000000000000000000e+01
4.106465092151517560e+00,4.430822312603758917e+00,5.403893973960482100e+00,7.025680709996418472e+00,9.296183453694817800e+00,1.221540337843328494e+01,1.578334178907817353e+01,2.000000000000000000e+01
4.160081440700667876e+00,4.483344509709223935e+00,5.453133716734893000e+00,7.069449635841085211e+00,9.332293112146691882e+00,1.224166520861410667e+01,1.579756710749941462e+01,2.000000000000000000e+01
4.213517576394121278e+00,4.535690166129564105e+00,5.502207935335893474e+00,7.113071404003735054e+00,9.368281337685226973e+00,1.226783869935562343e+01,1.581174456024124986e+01,2.000000000000000000e+01
4.266774042577567094e+00,4.587859814654616564e+00,5.551117130885764084e+00,7.156546462295111155e+00,9.404148502382199126e+00,1.229392412357835696e+01,1.582587429656669542e+01,2.000000000000000000e+01
4.319851386873124532e+00,4.639853992213085476e+00,5.599861808232969196e+00,7.199875261614535837e+00,9.439894980609363273e+00,1.231992175565619263e+01,1.583995646639082899e+01,2.000000000000000000e+01
4.372750160587835389e+00,4.691673239297852405e+00,5.648442475427904341e+00,7.243058255504994492e+00,9.475521148694799223e+00,1.234583187118715486e+01,1.585399122016939799e+01,2.000000000000000000e+01
4.425470918178668889e+00,4.743318099446187652e+00,5.696859643248743055e+00,7.286095899750759664e+00,9.511027384612154023e+00,1.237165474678613819e+01,1.586797870879812145e+01,2.000000000000000000e+01
4.478014216768667843e+00,4.794789118769663183e+00,5.745113824772648314e+00,7.328988652013548766e+00,9.546414067699677375e+00,1.239739065989756561e+01,1.588191908352166060e+01,2.000000000000000000e+01
4.530380615709422187e+00,4.846086845529081089e+00,5.793205534988056904e+00,7.371736971503558777e+00,9.581681578406216815e+00,1.242303988862602537e+01,1.589581249585137535e+01,2.000000000000000000e+01
4.582570676185489411e+00,4.897211829750157008e+00,5.841135290444160688e+00,7.414341318682094339e+00,9.616830298061632476e+00,1.244860271158325560e+01,1.590965909749101748e+01,2.000000000000000000e+01
4.634584960856802383e+00,4.948164622876122465e+00,5.888903608934081824e+00,7.456802154992792531e+00,9.651860608669338149e+00,1.247407940774985846e+01,1.592345904026960568e+01,2.000000000000000000e+01
4.686424033535478095e+00,4.998945777453740469e+00,5.936511009208525813e+00,7.499119942618749590e+00,9.686772892718849448e+00,1.249947025635039566e+01,1.593721247608081271e+01,2.000000000000000000e+01
4.738088458893765953e+00,5.049555846849592022e+00,5.983958010717071119e+00,7.541295144263099104e+00,9.721567533016454377e+00,1.252477553674060573e+01,1.595091955682823404e+01,2.000000000000000000e+01
4.789578802200193941e+00,5.099995384993759373e+00,6.031245133374453893e+00,7.583328222950815878e+00,9.756244912532325841e+00,1.254999552830555842e+01,1.596458043437601226e+01,2.000000000000000000e+01
4.840895629081276574e+00,5.150264946148332079e+00,6.078372897349500370e+00,7.625219641849758645e+00,9.790805414262443662e+00,1.257513051036774065e+01,1.597819526050427363e+01,2.000000000000000000e+01
4.892039505306317260e+00,5.200365084698376883e+00,6.125341822874557529e+00,7.666969864109100641e+00,9.825249421104031100e+00,1.260018076210414506e+01,1.599176418686894685e+01,2.000000000000000000e+01
4.943010996593177886e+00,5.250296354963255752e+00,6.172152430073490237e+00,7.708579352713541333e+00,9.859577315743127457e+00,1.262514656247144806e+01,1.600528736496552540e+01,2.000000000000000000e+01
4.993810668432973721e+00,5.300059311026352304e+00,6.218805238806487168e+00,7.750048570351781407e+00,9.893789480553211391e+00,1.265002819013860957e+01,1.601876494609643942e+01,2.000000000000000000e+01
5.044439085931969657e+00,5.349654506581496882e+00,6.265300768530077669e+00,7.791377979297911871e+00,9.927886297503821567e+00,1.267482592342609138e+01,1.603219708134164989e+01,2.000000000000000000e+01
5.094896813668988500e+00,5.399082494794477327e+00,6.311639538170943808e+00,7.832568041304514672e+00,9.961868148078185214e+00,1.269954004025114713e+01,1.604558392153219515e+01,2.000000000000000000e+01
5.145184415566909308e+00,5.448343828178229487e+00,6.357822066012189133e+00,7.873619217506346857e+00,9.995735413199072994e+00,1.272417081807855332e+01,1.605892561722639655e+01,2.000000000000000000e+01
5.195302454776904000e+00,5.497439058480407148e+00,6.403848869590915704e+00,7.914531968333615275e+00,1.002948847316202929e+01,1.274871853387630516e+01,1.607222231868844986e+01,2.000000000000000000e+01
5.245251493574198065e+00,5.546368736582155456e+00,6.449720465606026742e+00,7.955306753433935008e+00,1.006312770757534381e+01,1.277318346407578886e+01,1.608547417586923345e+01,2.000000000000000000e+01
5.295032093264292250e+00,5.595133412407039764e+00,6.495437369835282304e+00,7.995944031602149060e+00,1.009665349530607514e+01,1.279756588453599520e+01,1.609868133838905990e+01,2.000000000000000000e+01
5.344644814098628238e+00,5.643733634839154689e+00,6.541000097060734930e+00,8.036444260717267696e+00,1.013006621443158473e+01,1.282186607051144023e+01,1.611184395552222881e+01,2.000000000000000000e+01
5.394090215198814597e+00,5.692169951649552750e+00,6.586409161001768986e+00,8.076807897685830184e+00,1.016336624219604268e+01,1.284608429662335460e+01,1.612496217618320316e+01,2.000000000000000000e+01
5.443368854488603858e+00,5.740442909430201190e+00,6.631665074254991410e+00,8.117035398391131196e+00,1.019655395497145456e+01,1.287022083683393703e+01,1.613803614891421745e+01,2.000000000000000000e+01
5.492481288632897751e+00,5.788553053534761794e+00,6.676768348240356588e+00,8.157127217647696327e+00,1.022962972822274708e+01,1.289427596442329182e+01,1.615106602187424656e+01,2.000000000000000000e+01
5.541428072983070052e+00,5.836500928025529333e+00,6.721719493152908065e+00,8.197083809160558232e+00,1.026259393647656282e+01,1.291824995196885695e+01,1.616405194282915758e+01,2.000000000000000000e+01
5.590209761528076804e+00,5.884287075625963759e+00,6.766519017919621959e+00,8.236905625488841309e+00,1.029544695329339454e+01,1.294214307132704533e+01,1.617699405914295951e+01,2.000000000000000000e+01
5.638826906850749943e+00,5.931912037678280569e+00,6.811167430160870673e+00,8.276593118013279238e+00,1.032818915124273751e+01,1.296595559361691841e+01,1.618989251777000504e+01,2.000000000000000000e+01
5.687280060088792943e+00,5.979376354105606417e+00,6.855665236156045950e+00,8.316146736907265691e+00,1.036082090188098981e+01,1.298968778920566791e+01,1.620274746524811960e+01,2.000000000000000000e+01
5.735569770900064590e+00,6.026680563378294053e+00,6.900012940812981554e+00,8.355566931111107820e+00,1.039334257573183073e+01,1.301333992769579417e+01,1.621555904769250844e+01,2.000000000000000000e+01
5.783696587431701452e+00,6.073825202483968511e+00,6.944211047640771461e+00,8.394854148309205399e+00,1.042575454226883025e+01,1.303691227791372143e+01,1.622832741079040986e+01,2.000000000000000000e+01
5.831661056292734457e+00,6.120810806900976786e+00,6.988260058725704660e+00,8.434008834909821672e+00,1.045805716990010303e+01,1.306040510789982356e+01,1.624105269979638067e+01,2.000000000000000000e+01
5.879463722529878034e+00,6.167637910574906179e+00,7.032160474709989728e+00,8.473031436027273600e+00,1.049025082595479574e+01,1.308381868489963473e+01,1.625373505952821063e+01,2.000000000000000000e+01
5.927105129606168532e+00,6.214307045897880855e+00,7.075912794773018710e+00,8.511922395466243074e+00,1.052233587667122805e+01,1.310715327535619323e+01,1.626637463436335906e+01,2.000000000000000000e+01
5.974585819382189023e+00,6.260818743690372834e+00,7.119517516614925157e+00,8.550682155708040355e+00,1.055431268718654181e+01,1.313040914490338373e+01,1.627897156823587110e+01,2.000000000000000000e+01
6.021906332099644210e+00,6.307173533185286729e+00,7.162975136442211621e+00,8.589311157898633198e+00,1.058618162152771980e+01,1.315358655836017832e+01,1.629152600463375222e+01,2.000000000000000000e+01
6.069067206367047440e+00,6.353371942014099716e+00,7.206286148955259208e+00,8.627809841838274707e+00,1.061794304260381949e+01,1.317668577972569999e+01,1.630403808659673359e+01,2.000000000000000000e+01
6.116068979147319062e+00,6.399414496194873792e+00,7.249451047337538867e+00,8.666178645972555827e+00,1.064959731219933303e+01,1.319970707217504824e+01,1.631650795671439624e+01,2.000000000000000000e+01
6.162912185747136284e+00,6.445301720121939582e+00,7.292470323246350361e+00,8.704418007384786549e+00,1.068114479096854019e+01,1.322265069805576410e+01,1.632893575712462209e+01,2.000000000000000000e+01
6.209597359807827566e+00,6.491034136557109591e+00,7.335344466804953001e+00,8.742528361789513980e+00,1.071258583843078860e+01,1.324551691888492044e+01,1.634132162951235046e+01,2.000000000000000000e+01
6.256125033297706750e+00,6.536612266622269019e+00,7.378073966595955824e+00,8.780510143527161304e+00,1.074392081296657508e+01,1.326830599534677191e+01,1.635366571510857625e+01,2.000000000000000000e+01
6.302495736505666635e+00,6.582036629793210913e+00,7.420659309655841085e+00,8.818363785559585111e+00,1.077515007181440332e+01,1.329101818729086837e+01,1.636596815468962518e+01,2.000000000000000000e+01
6.348709998035952928e+00,6.627307743894593983e+00,7.463100981470519812e+00,8.856089719466519128e+00,1.080627397106826848e+01,1.331365375373065696e+01,1.637822908857660664e+01,2.000000000000000000e+01
6.394768344803964055e+00,6.672426125095923588e+00,7.505399465971803963e+00,8.893688375442819094e+00,1.083729286567579742e+01,1.333621295284244113e+01,1.639044865663509043e+01,2.000000000000000000e+01
6.440671302033024403e+00,6.717392287908451110e+00,7.547555245534733004e+00,8.931160182296396854e+00,1.086820710943690393e+01,1.335869604196476423e+01,1.640262699827496462e+01,2.000000000000000000e+01
6.486419393251991572e+00,6.762206745182902878e+00,7.589568800975636798e+00,8.968505567446799276e+00,1.089901705500295215e+01,1.338110327759806317e+01,1.641476425245042847e+01,2.000000000000000000e+01
6.532013140293635445e+00,6.806870008107953396e+00,7.631440611550907249e+00,9.005724956924391122e+00,1.092972305387636922e+01,1.340343491540465948e+01,1.642686055766013453e+01,2.000000000000000000e+01
6.577453063293735802e+00,6.851382586209394887e+00,7.673171154956370366e+00,9.042818775370035311e+00,1.096032545641065781e+01,1.342569121020901157e+01,1.643891605194750483e+01,2.000000000000000000e+01
6.622739680690788333e+00,6.895744987349897492e+00,7.714760907327224082e+00,9.079787446035254561e+00,1.099082461181077797e+01,1.344787241599820682e+01,1.645093087290108969e+01,2.000000000000000000e+01
6.667873509226292406e+00,6.939957717729339670e+00,7.756210343238481464e+00,9.116631390782835354e+00,1.102122086813384882e+01,1.346997878592266318e+01,1.646290515765510065e+01,2.000000000000000000e+01
6.712855063945540657e+00,6.984021281885619992e+00,7.797519935705857108e+00,9.153351030087783613e+00,1.105151457229016820e+01,1.349201057229704048e+01,1.647483904289000023e+01,2.000000000000000000e+01
6.757684858198889977e+00,7.027936182695937006e+00,7.838690156187078983e+00,9.189946783038664080e+00,1.108170607004446850e+01,1.351396802660133289e+01,1.648673266483319466e+01,2.000000000000000000e+01
6.802363403643433060e+00,7.071702921378463458e+00,7.879721474583556429e+00,9.226419067339227453e+00,1.111179570601743549e+01,1.353585139948211236e+01,1.649858615925979777e+01,2.000000000000000000e+01
6.846891210245043879e+00,7.115321997494381101e+00,7.920614359242391878e+00,9.262768299310328857e+00,1.114178382368745091e+01,1.355766094075391415e+01,1.651039966149345162e+01,2.000000000000000000e+01
6.891268786280785541e+00,7.158793908950258356e+00,7.961369276958676799e+00,9.298994893892102098e+00,1.117167076539249670e+01,1.357939689940075390e+01,1.652217330640723958e+01,2.000000000000000000e+01
6.935496638341592579e+00,7.202119152000714841e+00,8.001986692978082516e+00,9.335099264646355977e+00,1.120145687233227427e+01,1.360105952357777781e+01,1.653390722842463134e+01,2.000000000000000000e+01
6.979575271335249909e+00,7.245298221251354143e+00,8.042467070999666845e+00,9.371081823759178420e+00,1.123114248457045683e+01,1.362264906061299108e+01,1.654560156152048833e+01,2.000000000000000000e+01
7.023505188489612472e+00,7.288331609661937271e+00,8.082810873178909006e+00,9.406942982043732471e+00,1.126072794103709462e+01,1.364416575700909640e+01,1.655725643922211177e+01,2.000000000000000000e+01
7.067286891356038048e+00,7.331219808549768402e+00,8.123018560130956800e+00,9.442683148943201488e+00,1.129021357953113913e+01,1.366560985844541420e+01,1.656887199461032978e+01,2.000000000000000000e+01
7.110920879813029671e+00,7.373963307593276006e+00,8.163090590934015012e+00,9.478302732533901320e+00,1.131959973672308450e+01,1.368698160977986866e+01,1.658044836032062719e+01,2.000000000000000000e+01
7.154407652070055690e+00,7.416562594835773403e+00,8.203027423132928320e+00,9.513802139528509727e+00,1.134888674815771203e+01,1.370828125505107131e+01,1.659198566854428947e+01,2.000000000000000000e+01
7.197747704671517255e+00,7.459018156689357859e+00,8.242829512742879672e+00,9.549181775279423690e+00,1.137807494825693588e+01,1.372950903748041185e+01,1.660348405102960712e+01,2.000000000000000000e+01
7.240941532500879241e+00,7.501330477938964236e+00,8.282497314253218335e+00,9.584442043782226861e+00,1.140716467032270209e+01,1.375066519947425192e+01,1.661494363908307648e+01,2.000000000000000000e+01
7.283989628784908632e+00,7.543500041746535878e+00,8.322031280631415839e+00,9.619583347679233398e+00,1.143615624653999419e+01,1.377174998262615269e+01,1.662636456357062897e+01,2.000000000000000000e+01
7.326892485098042584e+00,7.585527329655308293e+00,8.361431863327103642e+00,9.654606088263149033e+00,1.146505000797987783e+01,1.379276362771912368e+01,1.663774695491889588e+01,2.000000000000000000e+01
7.369650591366844417e+00,7.627412821594186099e+00,8.400699512276213810e+00,9.689510665480765894e+00,1.149384628460261126e+01,1.381370637472793561e+01,1.664909094311646953e+01,2.000000000000000000e+01
7.412264435874554636e+00,7.669156995882211447e+00,8.439834675905181882e+00,9.724297477936755030e+00,1.152254540526081605e+01,1.383457846282145809e+01,1.666039665771520362e+01,2.000000000000000000e+01
7.454734505265734335e+00,7.710760329233112387e+00,8.478837801135245655e+00,9.758966922897508667e+00,1.155114769770267102e+01,1.385538013036501148e+01,1.667166422783150637e+01,2.000000000000000000e+01
7.497061284550955662e+00,7.752223296759912508e+00,8.517709333386783044e+00,9.793519396295033985e+00,1.157965348857516474e+01,1.387611161492277212e+01,1.668289378214764440e+01,2.000000000000000000e+01
7.539245257111574006e+00,7.793546371979608978e+00,8.556449716583713894e+00,9.827955292730887749e+00,1.160806310342738001e+01,1.389677315326017215e+01,1.669408544891309276e+01,2.000000000000000000e+01
7.581286904704545471e+00,7.834730026817894988e+00,8.595059393157944427e+00,9.862275005480158896e+00,1.163637686671379079e+01,1.391736498134634914e+01,1.670523935594583520e+01,2.000000000000000000e+01
7.623186707467293211e+00,7.875774731613936375e+00,8.633538804053864979e+00,9.896478926495484885e+00,1.166459510179761949e+01,1.393788733435657079e+01,1.671635563063372842e+01,2.000000000000000000e+01
7.664945143922614612e+00,7.916680955125180219e+00,8.671888388732877928e+00,9.930567446411087573e+00,1.169271813095417123e+01,1.395834044667471652e+01,1.672743439993583436e+01,2.000000000000000000e+01
7.706562690983630226e+00,7.957449164532206964e+00,8.710108585177938068e+00,9.964540954546846407e+00,1.172074627537422487e+01,1.397872455189573770e+01,1.673847579038377376e+01,2.000000000000000000e+01
7.748039823958759342e+00,7.998079825443609181e+00,8.748199829898158697e+00,9.998399838912394699e+00,1.174867985516742941e+01,1.399903988282815881e+01,1.674947992808309394e+01,2.000000000000000000e+01
7.789377016556715994e+00,8.038573401900887205e+00,8.786162557933403505e+00,1.003214448621122123e+01,1.177651918936570929e+01,1.401928667149655183e+01,1.676044693871460822e+01,2.000000000000000000e+01
7.830574740891535157e+00,8.078930356383381195e+00,8.823997202858921085e+00,1.006577528184481096e+01,1.180426459592667321e+01,1.403946514914405697e+01,1.677137694753577080e+01,2.000000000000000000e+01
7.871633467487616720e+00,8.119151149813209400e+00,8.861704196789984778e+00,1.009929260991676081e+01,1.183191639173706022e+01,1.405957554623486772e+01,1.678227007938204807e+01,2.000000000000000000e+01
7.912553665284789872e+00,8.159236241560227754e+00,8.899283970386541398e+00,1.013269685323694702e+01,1.185947489261616283e+01,1.407961809245675333e+01,1.679312645866827225e+01,2.000000000000000000e+01
7.953335801643365954e+00,8.199186089446994785e+00,8.936736952857881278e+00,1.016598839332567294e+01,1.188694041331926599e+01,1.409959301672356879e+01,1.680394620939000916e+01,2.000000000000000000e+01
7.993980342349225054e+00,8.239001149753747200e+00,8.974063571967311859e+00,1.019916761041783282e+01,1.191431326754109499e+01,1.411950054717775238e+01,1.681472945512492245e+01,2.000000000000000000e+01
8.034487751618900830e+00,8.278681877223382557e+00,9.011264254036827737e+00,1.023223488346707910e+01,1.194159376791926341e+01,1.413934091119287473e+01,1.682547631903415919e+01,2.000000000000000000e+01
8.074858492104668883e+00,8.318228725066452611e+00,9.048339423951800242e+00,1.026519059014999158e+01,1.196878222603771569e+01,1.415911433537611508e+01,1.683618692386370341e+01,2.000000000000000000e+01
8.115093024899644902e+00,8.357642144966145992e+00,9.085289505165645707e+00,1.029803510687023582e+01,1.199587895243017499e+01,1.417882104557080147e+01,1.684686139194572263e+01,2.000000000000000000e+01
8.155191809542857939e+00,8.396922587083276213e+00,9.122114919704527480e+00,1.033076880876274117e+01,1.202288425658359117e+01,1.419846126685890475e+01,1.685749984519997113e+01,2.000000000000000000e+01
8.195155304024359211e+00,8.436070500061271460e+00,9.158816088172006431e+00,1.036339206969786275e+01,1.204979844694157798e+01,1.421803522356356453e+01,1.686810240513512227e+01,2.000000000000000000e+01
8.234983964790300703e+00,8.475086331031162601e+00,9.195393429753750070e+00,1.039590526228554523e+01,1.207662183090785746e+01,1.423754313925157433e+01,1.687866919285013623e+01,2.000000000000000000e+01
8.274678246748022659e+00,8.513970525616562313e+00,9.231847362222184827e+00,1.042830875787947953e+01,1.210335471484969005e+01,1.425698523673590401e+01,1.688920032903563140e+01,2.000000000000000000e+01
8.314238603271128625e+00,8.552723527938637105e+00,9.268178301941164321e+00,1.046060292658125590e+01,1.212999740410131366e+01,1.427636173807819553e+01,1.689969593397522729e+01,2.000000000000000000e+01
8.353665486204556956e+00,8.591345780621079342e+00,9.304386663870642948e+00,1.049278813724450998e+01,1.215655020296736133e+01,1.429567286459124453e+01,1.691015612754689812e+01,2.000000000000000000e+01
8.392959345869655863e+00,8.629837724795072162e+00,9.340472861571322838e+00,1.052486475747906347e+01,1.218301341472628962e+01,1.431491883684151034e+01,1.692058102922432994e+01,2.000000000000000000e+01
8.432120631069219385e+00,8.668199800104238406e+00,9.376437307209291916e+00,1.055683315365506303e+01,1.220938734163377859e+01,1.433409987465158331e+01,1.693097075807826712e+01,2.000000000000000000e+01
8.471149789092557114e+00,8.706432444709585994e+00,9.412280411560672633e+00,1.058869369090709611e+01,1.223567228492614589e+01,1.435321619710268237e+01,1.694132543277785530e+01,2.000000000000000000e+01
8.510047265720507070e+00,8.744536095294442646e+00,9.448002584016251149e+00,1.062044673313831389e+01,1.226186854482375921e+01,1.437226802253711000e+01,1.695164517159198070e+01,2.000000000000000000e+01
8.548813505230489440e+00,8.782511187069388825e+00,9.483604232586085203e+00,1.065209264302453818e+01,1.228797642053439532e+01,1.439125556856073729e+01,1.696193009239062377e+01,2.000000000000000000e+01
8.587448950401508796e+00,8.820358153777162258e+00,9.519085763904124420e+00,1.068363178201835773e+01,1.231399621025665958e+01,1.441017905204545713e+01,1.697218031264617366e+01,2.000000000000000000e+01
8.625954042519149212e+00,8.858077427697562456e+00,9.554447583232802188e+00,1.071506451035321561e+01,1.233992821118333083e+01,1.442903868913164978e+01,1.698239594943477115e+01,2.000000000000000000e+01
8.664329221380578261e+00,8.895669439652337473e+00,9.589690094467615111e+00,1.074639118704749485e+01,1.236577271950475243e+01,1.444783469523061825e+01,1.699257711943763738e+01,2.000000000000000000e+01
8.702574925299529696e+00,8.933134619010074218e+00,9.624813700141709560e+00,1.077761216990857562e+01,1.239153003041216827e+01,1.446656728502705214e+01,1.700272393894239542e+01,2.000000000000000000e+01
8.740691591111257708e+00,8.970473393691053232e+00,9.659818801430438029e+00,1.080872781553690132e+01,1.241720043810108542e+01,1.448523667248144697e+01,1.701283652384439193e+01,2.000000000000000000e+01
8.778679654177505398e+00,9.007686190172107032e+00,9.694705798155911936e+00,1.083973847933001800e+01,1.244278423577461190e+01,1.450384307083253610e+01,1.702291498964801519e+01,2.000000000000000000e+01
8.816539548391432390e+00,9.044773433491458903e+00,9.729475088791536663e+00,1.087064451548661559e+01,1.246828171564677845e+01,1.452238669259971715e+01,1.703295945146799895e+01,2.000000000000000000e+01
8.854271706182547774e+00,9.081735547253545704e+00,9.764127070466539493e+00,1.090144627701054780e+01,1.249369316894587278e+01,1.454086774958548034e+01,1.704297002403074757e+01,2.000000000000000000e+01
8.891876558521619955e+00,9.118572953633835354e+00,9.798662138970481550e+00,1.093214411571484135e+01,1.251901888591774359e+01,1.455928645287779410e+01,1.705294682167563280e+01,2.000000000000000000e+01
8.929354534925579401e+00,9.155286073383622991e+00,9.833080688757751986e+00,1.096273838222570340e+01,1.254425915582909390e+01,1.457764301285252451e+01,1.706288995835629052e+01,2.000000000000000000e+01
8.966706063462396514e+00,9.191875325834812926e+00,9.867383112952063939e+00,1.099322942598650243e+01,1.256941426697078334e+01,1.459593763917581377e+01,1.707279954764193874e+01,2.000000000000000000e+01
9.003931570755959513e+00,9.228341128904700597e+00,9.901569803350925625e+00,1.102361759526175433e+01,1.259448450666110730e+01,1.461417054080649436e+01,1.708267570271863534e+01,2.000000000000000000e+01
9.041031481990922103e+00,9.264683899100713660e+00,9.935641150430088331e+00,1.105390323714107481e+01,1.261947016124906362e+01,1.463234192599844086e+01,1.709251853639060315e+01,2.000000000000000000e+01
9.078006220917547608e+00,9.300904051525161975e+00,9.969597543348005075e+00,1.108408669754314246e+01,1.264437151611761756e+01,1.465045200230294498e+01,1.710232816108149478e+01,2.000000000000000000e+01
9.114856209856526448e+00,9.337001999879959158e+00,1.000343936995025551e+01,1.111416832121962983e+01,1.266918885568696140e+01,1.466850097657110474e+01,1.711210468883568225e+01,2.000000000000000000e+01
9.151581869703804273e+00,9.372978156471345912e+00,1.003716701677397083e+01,1.114414845175913982e+01,1.269392246341773145e+01,1.468648905495615509e+01,1.712184823131952172e+01,2.000000000000000000e+01
9.188183619935360369e+00,9.408832932214576061e+00,1.007078086905222136e+01,1.117402743159111189e+01,1.271857262181426584e+01,1.470441644291583394e+01,1.713155889982265023e+01,2.000000000000000000e+01
9.224661878611994936e+00,9.444566736638604354e+00,1.010428131071843261e+01,1.120380560198973541e+01,1.274313961242780557e+01,1.472228334521471460e+01,1.714123680525922921e+01,2.000000000000000000e+01
9.261017062384093279e+00,9.480179977890754728e+00,1.013766872441074085e+01,1.123348330307783094e+01,1.276762371585971501e+01,1.474008996592654874e+01,1.715088205816923050e+01,2.000000000000000000e+01
9.297249586496372231e+00,9.515673062741370813e+00,1.017094349147636301e+01,1.126306087383073340e+01,1.279202521176467400e+01,1.475783650843658634e+01,1.716049476871968338e+01,2.000000000000000000e+01
9.333359864792626581e+00,9.551046396588457554e+00,1.020410599197595047e+01,1.129253865208015561e+01,1.281634437885388067e+01,1.477552317544390981e+01,1.717007504670593576e+01,2.000000000000000000e+01
9.369348309720434642e+00,9.586300383462303287e+00,1.023715660468791278e+01,1.132191697451804124e+01,1.284058149489821687e+01,1.479315016896372370e+01,1.717962300155290478e+01,2.000000000000000000e+01
9.405215332335869149e+00,9.621435426030087612e+00,1.027009570711274655e+01,1.135119617670041059e+01,1.286473683673141899e+01,1.481071769032968000e+01,1.718913874231634153e+01,2.000000000000000000e+01
9.440961342308186843e+00,9.656451925600475050e+00,1.030292367547733612e+01,1.138037659305118332e+01,1.288881068025324161e+01,1.482822594019616602e+01,1.719862237768403546e+01,2.000000000000000000e+01
9.476586747924505616e+00,9.691350282128192717e+00,1.033564088473925224e+01,1.140945855686599053e+01,1.291280330043260527e+01,1.484567511854059063e+01,1.720807401597710751e+01,2.000000000000000000e+01
9.512091956094453238e+00,9.726130894218597334e+00,1.036824770859102607e+01,1.143844240031599213e+01,1.293671497131072989e+01,1.486306542466568636e+01,1.721749376515120744e+01,2.000000000000000000e+01
9.547477372354816083e+00,9.760794159132215597e+00,1.040074451946441414e+01,1.146732845445165339e+01,1.296054596600426656e+01,1.488039705720174766e+01,1.722688173279775370e+01,2.000000000000000000e+01
9.582743400874171869e+00,9.795340472789291653e+00,1.043313168853465278e+01,1.149611704920652500e+01,1.298429655670841321e+01,1.489767021410893655e+01,1.723623802614517686e+01,2.000000000000000000e+01
9.617890444457485088e+00,9.829770229774284829e+00,1.046540958572468583e+01,1.152480851340101609e+01,1.300796701470001793e+01,1.491488509267951734e+01,1.724556275206013467e+01,2.000000000000000000e+01
9.652918904550739754e+00,9.864083823340402901e+00,1.049757857970939412e+01,1.155340317474614587e+01,1.303155761034068405e+01,1.493204188954012324e+01,1.725485601704871286e+01,2.000000000000000000e+01
9.687829181245474430e+00,9.898281645414055419e+00,1.052963903791980016e+01,1.158190135984727576e+01,1.305506861307984678e+01,1.494914080065398565e+01,1.726411792725767924e+01,2.000000000000000000e+01
9.722621673283386556e+00,9.932364086599356767e+00,1.056159132654726740e+01,1.161030339420785040e+01,1.307850029145785520e+01,1.496618202132319020e+01,1.727334858847566323e+01,2.000000000000000000e+01
9.757296778060874587e+00,9.966331536182574169e+00,1.059343581054767469e+01,1.163860960223309959e+01,1.310185291310903644e+01,1.498316574619089536e+01,1.728254810613438153e+01,2.000000000000000000e+01
9.791854891633564151e+00,1.000018438213656857e+01,1.062517285364558361e+01,1.166682030723375618e+01,1.312512674476475638e+01,1.500009216924354583e+01,1.729171658530983180e+01,2.000000000000000000e+01
9.826296408720837761e+00,1.003392301112522844e+01,1.065680281833839693e+01,1.169493583142974025e+01,1.314832205225645012e+01,1.501696148381310358e+01,1.730085413072349709e+01,2.000000000000000000e+01
9.860621722710348536e+00,1.006754780850788400e+01,1.068832606590049039e+01,1.172295649595383615e+01,1.317143910051867017e+01,1.503377388257925595e+01,1.730996084674354663e+01,2.000000000000000000e+01
9.894831225662494845e+00,1.010105915834370727e+01,1.071974295638734098e+01,1.175088262085536073e+01,1.319447815359211873e+01,1.505052955757160404e+01,1.731903683738600819e+01,2.000000000000000000e+01
9.928925308314914489e+00,1.013445744339609433e+01,1.075105384863963565e+01,1.177871452510382078e+01,1.321743947462663726e+01,1.506722870017186011e+01,1.732808220631599028e+01,2.000000000000000000e+01
9.962904360086932698e+00,1.016774304513704408e+01,1.078225910028737466e+01,1.180645252659255640e+01,1.324032332588423699e+01,1.508387150111603781e+01,1.733709705684883318e+01,2.000000000000000000e+01
9.996768769084020789e+00,1.020091634375150313e+01,1.081335906775395195e+01,1.183409694214235941e+01,1.326312996874207784e+01,1.510045815049661755e+01,1.734608149195129911e+01,2.000000000000000000e+01
1.003051892210221396e+01,1.023397771814171620e+01,1.084435410626022289e+01,1.186164808750510957e+01,1.328585966369546334e+01,1.511698883776473501e+01,1.735503561424275532e+01,2.000000000000000000e+01
1.006415520463253621e+01,1.026692754593154255e+01,1.087524456982856158e+01,1.188910627736736458e+01,1.330851267036081076e+01,1.513346375173232872e+01,1.736395952599634285e+01,2.000000000000000000e+01
1.009767800086541278e+01,1.029976620347078509e+01,1.090603081128690199e+01,1.191647182535396077e+01,1.333108924747860868e+01,1.514988308057431077e+01,1.737285332914013125e+01,2.000000000000000000e+01
1.013108769369503115e+01,1.033249406583946772e+01,1.093671318227277744e+01,1.194374504403159243e+01,1.335358965291639066e+01,1.516624701183070378e+01,1.738171712525830870e+01,2.000000000000000000e+01
1.016438466472374280e+01,1.036511150685213778e+01,1.096729203323732271e+01,1.197092624491238411e+01,1.337601414367165731e+01,1.518255573240878142e+01,1.739055101559231176e+01,2.000000000000000000e+01
1.019756929426639935e+01,1.039761889906212033e+01,1.099776771344928505e+01,1.199801573845745040e+01,1.339836297587482683e+01,1.519880942858521955e+01,1.739935510104201200e+01,2.000000000000000000e+01
1.023064196135470816e+01,1.043001661376578326e+01,1.102814057099900857e+01,1.202501383408042734e+01,1.342063640479216069e+01,1.521500828600820476e+01,1.740812948216684575e+01,2.000000000000000000e+01
1.026360304374155952e+01,1.046230502100677207e+01,1.105841095280241326e+01,1.205192084015102516e+01,1.344283468482866262e+01,1.523115248969956603e+01,1.741687425918696874e+01,2.000000000000000000e+01
1.029645291790533257e+01,1.049448448958023583e+01,1.108857920460494917e+01,1.207873706399853475e+01,1.346495806953100782e+01,1.524724222405688678e+01,1.742558953198440719e+01,2.000000000000000000e+01
1.032919195905419940e+01,1.052655538703703897e+01,1.111864567098555767e+01,1.210546281191535201e+01,1.348700681159042247e+01,1.526327767285560455e+01,1.743427540010419108e+01,2.000000000000000000e+01
1.036182054113042028e+01,1.055851807968796408e+01,1.114861069536059723e+01,1.213209838916046479e+01,1.350898116284557204e+01,1.527925901925110708e+01,1.744293196275549107e+01,2.000000000000000000e+01
1.039433903681459803e+01,1.059037293260789170e+01,1.117847461998777092e+01,1.215864409996293638e+01,1.353088137428543902e+01,1.529518644578084263e+01,1.745155931881276246e+01,2.000000000000000000e+01
1.042674781752994839e+01,1.062212030963996767e+01,1.120823778597002551e+01,1.218510024752539778e+01,1.355270769605218817e+01,1.531106013436639302e+01,1.746015756681685005e+01,2.000000000000000000e+01
1.045904725344652952e+01,1.065376057339976335e+01,1.123790053325946126e+01,1.221146713402748851e+01,1.357446037744402645e+01,1.532688026631554123e+01,1.746872680497614994e+01,2.000000000000000000e+01
1.049123771348548750e+01,1.068529408527941627e+01,1.126746320066120610e+01,1.223774506062932588e+01,1.359613966691805764e+01,1.534264702232436051e+01,1.747726713116769659e+01,2.000000000000000000e+01
1.052331956532323609e+01,1.071672120545174955e+01,1.129692612583728639e+01,1.226393432747493151e+01,1.361774581209309432e+01,1.535836058247926594e+01,1.748577864293830686e+01,2.000000000000000000e+01
1.055529317539570222e+01,1.074804229287439661e+01,1.132628964531048332e+01,1.229003523369567041e+01,1.363927905975251598e+01,1.537402112625908046e+01,1.749426143750566709e+01,2.000000000000000000e+01
1.058715890890247380e+01,1.077925770529389915e+01,1.135555409446817698e+01,1.231604807741365804e+01,1.366073965584707040e+01,1.538962883253707048e+01,1.750271561175946999e+01,2.000000000000000000e+01
1.061891712981098834e+01,1.081036779924978575e+01,1.138471980756617974e+01,1.234197315574517440e+01,1.368212784549768557e+01,1.540518387958301183e+01,1.751114126226250889e+01,2.000000000000000000e+01
1.065056820086068790e+01,1.084137293007865210e+01,1.141378711773254651e+01,1.236781076480404451e+01,1.370344387299827460e+01,1.542068644506520059e+01,1.751953848525177548e+01,2.000000000000000000e+01
1.068211248356715259e+01,1.087227345191821293e+01,1.144275635697139215e+01,1.239356119970504011e+01,1.372468798181851568e+01,1.543613670605249233e+01,1.752790737663956833e+01,2.000000000000000000e+01
1.071355033822625025e+01,1.090306971771135380e+01,1.147162785616666625e+01,1.241922475456722452e+01,1.374586041460664454e+01,1.545153483901633251e+01,1.753624803201459414e+01,2.000000000000000000e+01
1.074488212391822373e+01,1.093376207921015464e+01,1.150040194508594560e+01,1.244480172251734018e+01,1.376696141319222200e+01,1.546688101983276908e+01,1.754456054664304432e+01,2.000000000000000000e+01
1.077610819851182100e+01,1.096435088697991667e+01,1.152907895238420188e+01,1.247029239569313219e+01,1.378799121858889087e+01,1.548217542378445089e+01,1.755284501546968201e+01,2.000000000000000000e+01
1.080722891866835944e+01,1.099483649040315569e+01,1.155765920560754090e+01,1.249569706524670210e+01,1.380895007099713112e+01,1.549741822556263671e+01,1.756110153311893640e+01,2.000000000000000000e+01
1.083824463984581143e+01,1.102521923768359891e+01,1.158614303119696309e+01,1.252101602134782077e+01,1.382983820980700607e+01,1.551260959926919369e+01,1.756933019389599693e+01,2.000000000000000000e+01
1.086915571630286159e+01,1.105549947585016390e+01,1.161453075449207439e+01,1.254624955318725554e+01,1.385065587360090156e+01,1.552774971841857976e+01,1.757753109178785778e+01,2.000000000000000000e+01
1.089996250110295328e+01,1.108567755076091643e+01,1.164282269973480943e+01,1.257139794898006357e+01,1.387140330015623313e+01,1.554283875593983133e+01,1.758570432046440857e+01,2.000000000000000000e+01
1.093066534611831564e+01,1.111575380710702277e+01,1.167101919007314592e+01,1.259646149596888343e+01,1.389208072644818692e+01,1.555787688417853154e+01,1.759384997327950728e+01,2.000000000000000000e+01
1.096126460203399944e+01,1.114572858841669323e+01,1.169912054756477282e+01,1.262144048042722133e+01,1.391268838865240376e+01,1.557286427489878733e+01,1.760196814327205317e+01,2.000000000000000000e+01
1.099176061835186680e+01,1.117560223705909550e+01,1.172712709318078694e+01,1.264633518766271791e+01,1.393322652214768631e+01,1.558780109928518165e+01,1.761005892316702770e+01,2.000000000000000000e+01
1.102215374339457554e+01,1.120537509424826972e+01,1.175503914680935225e+01,1.267114590202040780e+01,1.395369536151869205e+01,1.560268752794473812e+01,1.761812240537656749e+01,2.000000000000000000e+01
1.105244432430958312e+01,1.123504750004702579e+01,1.178285702725935558e+01,1.269587290688597214e+01,1.397409514055860136e+01,1.561752373090886437e+01,1.762615868200101588e+01,2.000000000000000000e+01
1.108263270707309367e+01,1.126461979337083008e+01,1.181058105226404287e+01,1.272051648468895912e+01,1.399442609227179446e+01,1.563230987763529178e+01,1.763416784482997812e+01,2.000000000000000000e+01
1.111271923649401039e+01,1.129409231199167252e+01,1.183821153848465713e+01,1.274507691690603295e+01,1.401468844887652132e+01,1.564704613701001534e+01,1.764214998534337298e+01,2.000000000000000000e+01
1.114270425621788441e+01,1.132346539254192486e+01,1.186574880151404621e+01,1.276955448406416771e+01,1.403488244180753775e+01,1.566173267734922447e+01,1.765010519471246297e+01,2.000000000000000000e+01
1.117258810873082275e+01,1.135273937051818649e+01,1.189319315588027415e+01,1.279394946574386260e+01,1.405500830171875393e+01,1.567636966640122154e+01,1.765803356380092026e+01,2.000000000000000000e+01
1.120237113536342299e+01,1.138191458028511960e+01,1.192054491505020941e+01,1.281826214058233937e+01,1.407506625848587589e+01,1.569095727134833140e+01,1.766593518316583555e+01,2.000000000000000000e+01
1.123205367629464746e+01,1.141099135507926299e+01,1.194780439143310780e+01,1.284249278627671487e+01,1.409505654120902918e+01,1.570549565880883236e+01,1.767381014305876619e+01,2.000000000000000000e+01
1.126163607055572591e+01,1.143997002701284060e+01,1.197497189638418114e+01,1.286664167958717186e+01,1.411497937821536652e+01,1.571998499483883727e+01,1.768165853342678773e+01,2.000000000000000000e+01
1.129111865603402443e+01,1.146885092707755582e+01,1.200204774020815002e+01,1.289070909634013162e+01,1.413483499706168089e+01,1.573442544493419248e+01,1.768948044391347807e+01,2.000000000000000000e+01
1.132050176947689657e+01,1.149763438514836977e+01,1.202903223216279116e+01,1.291469531143140159e+01,1.415462362453701495e+01,1.574881717403238746e+01,1.769727596385997614e+01,2.000000000000000000e+01
1.134978574649553984e+01,1.152632072998727253e+01,1.205592568046247059e+01,1.293860059882930003e+01,1.417434548666523497e+01,1.576316034651440923e+01,1.770504518230598734e+01,2.000000000000000000e+01
1.137897092156882195e+01,1.155491028924703123e+01,1.208272839228165907e+01,1.296242523157780369e+01,1.419400080870761727e+01,1.577745512620665025e+01,1.771278818799080312e+01,2.000000000000000000e+01
1.140805762804710888e+01,1.158340338947494352e+01,1.210944067375844568e+01,1.298616948179966002e+01,1.421358981516543096e+01,1.579170167638275402e+01,1.772050506935431713e+01,2.000000000000000000e+01
1.143704619815606804e+01,1.161180035611655903e+01,1.213606282999803021e+01,1.300983362069949045e+01,1.423311272978248887e+01,1.580590015976550156e+01,1.772819591453803412e+01,2.000000000000000000e+01
1.146593696300045195e+01,1.164010151351939371e+01,1.216259516507621896e+01,1.303341791856689724e+01,1.425256977554771609e+01,1.582005073852864641e+01,1.773586081138607540e+01,2.000000000000000000e+01
1.149473025256789960e+01,1.166830718493664421e+01,1.218903798204287803e+01,1.305692264477954367e+01,1.427196117469768311e+01,1.583415357429879222e+01,1.774349984744617714e+01,2.000000000000000000e+01
1.152342639573269345e+01,1.169641769253087382e+01,1.221539158292541138e+01,1.308034806780623605e+01,1.429128714871915129e+01,1.584820882815722065e+01,1.775111310997070646e+01,2.000000000000000000e+01
1.155202572025952712e+01,1.172443335737769488e+01,1.224165626873220347e+01,1.310369445520997722e+01,1.431054791835160422e+01,1.586221666064172808e+01,1.775870068591763840e+01,2.000000000000000000e+01
1.158052855280722326e+01,1.175235449946943334e+01,1.226783233945606177e+01,1.312696207365104328e+01,1.432974370358976834e+01,1.587617723174849615e+01,1.776626266195156134e+01,2.000000000000000000e+01
1.160893521893250124e+01,1.178018143771878634e+01,1.229392009407763986e+01,1.315015118889001577e+01,1.434887472368611938e+01,1.589009070093386100e+01,1.777379912444466825e+01,2.000000000000000000e+01
1.163724604309366306e+01,1.180791448996246018e+01,1.231991983056885154e+01,1.317326206579081749e+01,1.436794119715340123e+01,1.590395722711618376e+01,1.778131015947773008e+01,2.000000000000000000e+01
1.166546134865431839e+01,1.183555397296480649e+01,1.234583184589627436e+01,1.319629496832374294e+01,1.438694334176710399e+01,1.591777696867764114e+01,1.778879585284109766e+01,2.000000000000000000e+01
1.169358145788706871e+01,1.186310020242143892e+01,1.237165643602455134e+01,1.321925015956846927e+01,1.440588137456795792e+01,1.593155008346603374e+01,1.779625629003566445e+01,2.000000000000000000e+01
1.172160669197720040e+01,1.189055349296283914e+01,1.239739389591975183e+01,1.324212790171706011e+01,1.442475551186442217e+01,1.594527672879660507e+01,1.780369155627385069e+01,2.000000000000000000e+01
1.174953737102634044e+01,1.191791415815794331e+01,1.242304451955275546e+01,1.326492845607696758e+01,1.444356596923513969e+01,1.595895706145382498e+01,1.781110173648058392e+01,2.000000000000000000e+01
1.177737381405610506e+01,1.194518251051773206e+01,1.244860859990260948e+01,1.328765208307400769e+01,1.446231296153141521e+01,1.597259123769318734e+01,1.781848691529424755e+01,2.000000000000000000e+01
1.180511633901177504e+01,1.197235886149879924e+01,1.247408642895987185e+01,1.331029904225534644e+01,1.448099670287965246e+01,1.598617941324298819e+01,1.782584717706767563e+01,2.000000000000000000e+01
1.183276526276589635e+01,1.199944352150690818e+01,1.249947829772994368e+01,1.333286959229244850e+01,1.449961740668381616e+01,1.599972174330611097e+01,1.783318260586909076e+01,2.000000000000000000e+01
1.186032090112191106e+01,1.202643679990053194e+01,1.252478449623639101e+01,1.335536399098404559e+01,1.451817528562785498e+01,1.601321838256179220e+01,1.784049328548308111e+01,2.000000000000000000e+01
1.188778356881776688e+01,1.205333900499439359e+01,1.255000531352427018e+01,1.337778249525907270e+01,1.453667055167814581e+01,1.602666948516738898e+01,1.784777929941156316e+01,2.000000000000000000e+01
1.191515357952951071e+01,1.208015044406298877e+01,1.257514103766341940e+01,1.340012536117960451e+01,1.455510341608590252e+01,1.604007520476015713e+01,1.785504073087469834e+01,2.000000000000000000e+01
1.194243124587486626e+01,1.210687142334408684e+01,1.260019195575174855e+01,1.342239284394378984e+01,1.457347408938959532e+01,1.605343569445897955e+01,1.786227766281188778e+01,2.000000000000000000e+01
1.196961687941680630e+01,1.213350224804223565e+01,1.262515835391852370e+01,1.344458519788875073e+01,1.459178278141734708e+01,1.606675110686613195e+01,1.786949017788269956e+01,2.000000000000000000e+01
1.199671079066712132e+01,1.216004322233224677e+01,1.265004051732762491e+01,1.346670267649349562e+01,1.461002970128934209e+01,1.608002159406902010e+01,1.787667835846781017e+01,2.000000000000000000e+01
1.202371328908995274e+01,1.218649464936267002e+01,1.267483873018082186e+01,1.348874553238181662e+01,1.462821505742020811e+01,1.609324730764191358e+01,1.788384228666995313e+01,2.000000000000000000e+01
1.205062468310533319e+01,1.221285683125925026e+01,1.269955327572099968e+01,1.351071401732516541e+01,1.464633905752139853e+01,1.610642839864769726e+01,1.789098204431485328e+01,2.000000000000000000e+01
1.207744528009271257e+01,1.223913006912838597e+01,1.272418443623540796e+01,1.353260838224554874e+01,1.466440190860356196e+01,1.611956501763955885e+01,1.789809771295215413e+01,2.000000000000000000e+01
1.210417538639445922e+01,1.226531466306056473e+01,1.274873249305888123e+01,1.355442887721836698e+01,1.468240381697891017e+01,1.613265731466275454e+01,1.790518937385636988e+01,2.000000000000000000e+01
1.213081530731937541e+01,1.229141091213379333e+01,1.277319772657704711e+01,1.357617575147529543e+01,1.470034498826357172e+01,1.614570543925627888e+01,1.791225710802779503e+01,2.000000000000000000e+01
1.215736534714616290e+01,1.231741911441700665e+01,1.279758041622953257e+01,1.359784925340711226e+01,1.471822562737993678e+01,1.615870954045460550e+01,1.791930099619342798e+01,2.000000000000000000e+01
1.218382580912692426e+01,1.234333956697348356e+01,1.282188084051316324e+01,1.361944963056655133e+01,1.473604593855901435e+01,1.617166976678937118e+01,1.792632111880790902e+01,2.000000000000000000e+01
1.221019699549059290e+01,1.236917256586422731e+01,1.284609927698512699e+01,1.364097712967111597e+01,1.475380612534274327e+01,1.618458626629107755e+01,1.793331755605443689e+01,2.000000000000000000e+01
1.223647920744642370e+01,1.239491840615135843e+01,1.287023600226616260e+01,1.366243199660589980e+01,1.477150639058632997e+01,1.619745918649078931e+01,1.794029038784565344e+01,2.000000000000000000e+01
1.226267274518740003e+01,1.242057738190147731e+01,1.289429129204370916e+01,1.368381447642641113e+01,1.478914693646056655e+01,1.621028867442180754e+01,1.794723969382460638e+01,2.000000000000000000e+01
1.228877790789368163e+01,1.244614978618902512e+01,1.291826542107505560e+01,1.370512481336135124e+01,1.480672796445413297e+01,1.622307487662135017e+01,1.795416555336562325e+01,2.000000000000000000e+01
1.231479499373602060e+01,1.247163591109963754e+01,1.294215866319048658e+01,1.372636325081541564e+01,1.482424967537589744e+01,1.623581793913223237e+01,1.796106804557522807e+01,2.000000000000000000e+01
1.234072429987915598e+01,1.249703604773346655e+01,1.296597129129639470e+01,1.374753003137206164e+01,1.484171226935722210e+01,1.624851800750453990e+01,1.796794724929304721e+01,2.000000000000000000e+01
1.236656612248521903e+01,1.252235048620851643e+01,1.298970357737840864e+01,1.376862539679630082e+01,1.485911594585423146e+01,1.626117522679727045e+01,1.797480324309271182e+01,2.000000000000000000e+01
1.239232075671711719e+01,1.254757951566396379e+01,1.301335579250450358e+01,1.378964958803743812e+01,1.487646090365010565e+01,1.627378974158001412e+01,1.798163610528273892e+01,2.000000000000000000e+01
1.241798849674189142e+01,1.257272342426344025e+01,1.303692820682808673e+01,1.381060284523183768e+01,1.489374734085735064e+01,1.628636169593458405e+01,1.798844591390745862e+01,2.000000000000000000e+01
1.244356963573408770e+01,1.259778249919833826e+01,1.306042108959108816e+01,1.383148540770566015e+01,1.491097545492004883e+01,1.629889123345668267e+01,1.799523274674786677e+01,2.000000000000000000e+01
1.246906446587910544e+01,1.262275702669108846e+01,1.308383470912703750e+01,1.385229751397759834e+01,1.492814544261611864e+01,1.631137849725752176e+01,1.800199668132253805e+01,2.000000000000000000e+01
1.249447327837653177e+01,1.264764729199843174e+01,1.310716933286413166e+01,1.387303940176160566e+01,1.494525750005956510e+01,1.632382362996547442e+01,1.800873779488851056e+01,2.000000000000000000e+01
1.251979636344347036e+01,1.267245357941467176e+01,1.313042522732827244e+01,1.389371130796959619e+01,1.496231182270273230e+01,1.633622677372769516e+01,1.801545616444215625e+01,2.000000000000000000e+01
1.254503401031784904e+01,1.269717617227492212e+01,1.315360265814613783e+01,1.391431346871416785e+01,1.497930860533850428e+01,1.634858807021172922e+01,1.802215186672006553e+01,2.000000000000000000e+01
1.257018650726173092e+01,1.272181535295834465e+01,1.317670189004818759e+01,1.393484611931129002e+01,1.499624804210255569e+01,1.636090766060717172e+01,1.802882497819993546e+01,2.000000000000000000e+01
1.259525414156460066e+01,1.274637140289137882e+01,1.319972318687171331e+01,1.395530949428299650e+01,1.501313032647556867e+01,1.637318568562724153e+01,1.803547557510142241e+01,2.000000000000000000e+01
1.262023719954665957e+01,1.277084460255095166e+01,1.322266681156382617e+01,1.397570382736005890e+01,1.502995565128542843e+01,1.638542228551039770e+01,1.804210373338703022e+01,2.000000000000000000e+01
