6.196179443155772765e-02,6.157516536363973891e-01,2.277121231250916367e+00,5.046071785145590738e+00,8.922615088326791621e+00,1.390686748494172420e+01,2.000000000000000000e+01
1.241444345096812257e-01,6.761682633324721525e-01,2.332239749800844919e+00,5.092366638967670056e+00,8.956602426736528955e+00,1.392528984087476651e+01,2.000000000000000000e+01
1.865151509605375291e-01,7.367736593765025210e-01,2.387549184624397469e+00,5.138865056600527836e+00,8.990841675057778204e+00,1.394400737852087424e+01,2.000000000000000000e+01
2.490440405590318707e-01,7.975390809434127481e-01,2.443024202096555353e+00,5.185547112669166125e+00,9.025300017238887307e+00,1.396292918767417390e+01,2.000000000000000000e+01
3.117041718246549853e-01,8.584384791063895959e-01,2.498641400951593372e+00,5.232390006159866047e+00,9.059939545590800947e+00,1.398199600047457380e+01,2.000000000000000000e+01
3.744712870945179906e-01,9.194480458291651725e-01,2.554378322033106663e+00,5.279369101456501845e+00,9.094724055824810804e+00,1.400116691356544862e+01,2.000000000000000000e+01
4.373232596505360337e-01,9.805457148057713512e-01,2.610213080271477359e+00,5.326459378926484689e+00,9.129621178880201526e+00,1.402041229118229104e+01,2.000000000000000000e+01
5.002395697207959735e-01,1.041710770738298875e+00,2.666124373790807578e+00,5.373636521723756054e+00,9.164602712866814826e+00,1.403970978456866803e+01,2.000000000000000000e+01
5.632009203825920629e-01,1.102923600901543955e+00,2.722091642458399630e+00,5.420877571047642007e+00,9.199644314394797462e+00,1.405904198901013302e+01,2.000000000000000000e+01
6.261890067300375229e-01,1.164165566694717491e+00,2.778095246588757394e+00,5.468161253581535597e+00,9.234725009918832939e+00,1.407839499892643254e+01,2.000000000000000000e+01
6.891864047815702277e-01,1.225418956096681722e+00,2.834116610042016315e+00,5.515468095141881300e+00,9.269826701600084817e+00,1.409775747692899550e+01,2.000000000000000000e+01
7.521765371133403155e-01,1.286666980929680904e+00,2.890138312378702778e+00,5.562780406895906360e+00,9.304933726279850603e+00,1.411712002950833700e+01,2.000000000000000000e+01
8.151436788785684229e-01,1.347893792413337399e+00,2.946144133017644329e+00,5.610082201625005816e+00,9.340032480589378849e+00,1.413647477302988165e+01,2.000000000000000000e+01
8.780729787755944260e-01,1.409084498261593543e+00,3.002119056719590784e+00,5.657359075800889592e+00,9.375111108547304895e+00,1.415581502227744615e+01,2.000000000000000000e+01
9.409504794758684065e-01,1.470225172249119527e+00,3.058049250568872779e+00,5.704598078712101561e+00,9.410159242966290805e+00,1.417513506062759809e+01,2.000000000000000000e+01
1.003763129447053482e+00,1.531302852416928983e+00,3.113922021326555711e+00,5.751787580698447755e+00,9.445167791438850102e+00,1.419442996629807396e+01,2.000000000000000000e+01
1.066498783016296859e+00,1.592305527304571644e+00,3.169725760169396001e+00,5.798917146951772850e+00,9.480128758661471977e+00,1.421369547819706192e+01,2.000000000000000000e+01
1.129146188452026855e+00,1.653222111355108437e+00,3.225449880064353181e+00,5.845977420018404480e+00,9.515035098218845633e+00,1.423292789044198514e+01,2.000000000000000000e+01
1.191694965398570671e+00,1.714042411441731417e+00,3.281084749571213433e+00,5.892960012219472077e+00,9.549880588254477942e+00,1.425212396809757109e+01,2.000000000000000000e+01
1.254135573671701698e+00,1.774757086688736551e+00,3.336621625739840891e+00,5.939857408135154948e+00,9.584659726567867466e+00,1.427128087892992170e+01,2.000000000000000000e+01
1.316459275573815146e+00,1.835357603662719050e+00,3.392052587929430540e+00,5.986662876733386263e+00,9.619367641584391393e+00,1.429039613746085635e+01,2.000000000000000000e+01
1.378658093754675518e+00,1.895836188757217267e+00,3.447370473764843180e+00,6.033370392452471975e+00,9.654000016365017700e+00,1.430946755861525688e+01,2.000000000000000000e+01
1.440724766378270294e+00,1.956185779284756121e+00,3.502568818004213824e+00,6.079974564443932472e+00,9.688553023391346386e+00,1.432849321895275985e+01,2.000000000000000000e+01
1.502652701047419770e+00,2.016399974479953006e+00,3.557641794777552491e+00,6.126470573171220124e+00,9.723023268308383038e+00,1.434747142396917141e+01,2.000000000000000000e+01
1.564435928634511086e+00,2.076472987334303522e+00,3.612584163433680828e+00,6.172854113597296077e+00,9.757407741158969472e+00,1.436640068030883377e+01,2.000000000000000000e+01
1.626069057893472447e+00,2.136399597939394379e+00,3.667391218077159731e+00,6.219121344253857764e+00,9.791703773921225817e+00,1.438527967198975333e+01,2.000000000000000000e+01
1.687547231494386013e+00,2.196175108813128496e+00,3.722058740769355722e+00,6.265268841552720680e+00,9.825909003379846851e+00,1.440410723993729469e+01,2.000000000000000000e+01
1.748866083929492943e+00,2.255795302520881673e+00,3.776582958295048531e+00,6.311293558767695266e+00,9.860021338536691715e+00,1.442288236426835901e+01,2.000000000000000000e+01
1.810021701584799247e+00,2.315256401775693362e+00,3.830960502348375041e+00,6.357192789179227255e+00,9.894038931905443590e+00,1.444160414887966581e+01,2.000000000000000000e+01
1.871010585150526095e+00,2.374555032103470520e+00,3.885188372962304015e+00,6.402964132932361885e+00,9.927960154147035254e+00,1.446027180797982936e+01,2.000000000000000000e+01
1.931829614450878196e+00,2.433688187085478738e+00,3.939263904989279919e+00,6.448605467210767550e+00,9.961783571592572883e+00,1.447888465427211102e+01,2.000000000000000000e+01
1.992476015704127690e+00,2.492653196136422888e+00,3.993184737433308928e+00,6.494114919375562067e+00,9.995507926273557331e+00,1.449744208854750305e+01,2.000000000000000000e+01
2.052947331173129886e+00,2.551447694738094185e+00,4.046948785432986639e+00,6.539490842758240774e+00,1.002913211813872252e+01,1.451594359048967853e+01,2.000000000000000000e+01
2.113241391130417313e+00,2.610069597022476540e+00,4.100554214698654221e+00,6.584731794832363150e+00,1.006265518918533886e+01,1.453438871052672710e+01,2.000000000000000000e+01
2.173356288037445072e+00,2.668517070581509998e+00,4.153999418213705219e+00,6.629836517519726691e+00,1.009607630927295929e+01,1.455277706259157533e+01,2.000000000000000000e+01
2.233290352821992730e+00,2.726788513371197542e+00,4.207282995018812422e+00,6.674803919413834663e+00,1.012939476342066136e+01,1.457110831767466586e+01,2.000000000000000000e+01
2.293042133128769144e+00,2.784882532573538683e+00,4.260403730907847297e+00,6.719633059727277313e+00,1.016260994041634191e+01,1.458938219807030556e+01,2.000000000000000000e+01
2.352610373414434353e+00,2.842797925279548998e+00,4.313360580874892491e+00,6.764323133790462350e+00,1.019572132258968011e+01,1.460759847223262753e+01,2.000000000000000000e+01
2.411993996758052372e+00,2.900533660859174301e+00,4.366152653162539643e+00,6.808873459947572648e+00,1.022872847661972351e+01,1.462575695016911581e+01,2.000000000000000000e+01
2.471192088260453001e+00,2.958088864888460012e+00,4.418779194772481489e+00,6.853283467711751342e+00,1.026163104526441927e+01,1.464385747930962012e+01,2.000000000000000000e+01
2.530203879910297271e+00,3.015462804510185446e+00,4.471239578309850415e+00,6.897552687055926945e+00,1.029442873991330387e+01,1.466189994079716818e+01,2.000000000000000000e+01
2.589028736800191410e+00,3.072654875110857553e+00,4.523533290042855981e+00,6.941680738728298827e+00,1.032712133387646958e+01,1.467988424615382392e+01,2.000000000000000000e+01
2.647666144582480285e+00,3.129664588204064124e+00,4.575659919068815640e+00,6.985667325492857849e+00,1.035970865633312243e+01,1.469781033428080264e+01,2.000000000000000000e+01
2.706115698061106745e+00,3.186491560417507696e+00,4.627619147486709217e+00,7.029512224205324067e+00,1.039219058687182695e+01,1.471567816875707635e+01,2.000000000000000000e+01
2.764377090822782268e+00,3.243135503488297822e+00,4.679410741484844038e+00,7.073215278643851356e+00,1.042456705056221544e+01,1.473348773540498691e+01,2.000000000000000000e+01
2.822450105817604804e+00,3.299596215178208780e+00,4.731034543260021152e+00,7.116776393021846836e+00,1.045683801350453379e+01,1.475123904009507392e+01,2.000000000000000000e+01
2.880334606805946773e+00,3.355873571027446545e+00,4.782490463691945415e+00,7.160195526117427711e+00,1.048900347880923789e+01,1.476893210676553636e+01,2.000000000000000000e+01
2.938030530594895939e+00,3.411967516871995620e+00,4.833778475703295108e+00,7.203472685960451649e+00,1.052106348296393001e+01,1.478656697563448041e+01,2.000000000000000000e+01
2.995537879993689589e+00,3.467878062055791411e+00,4.884898608242096429e+00,7.246607925023823782e+00,1.055301809254945056e+01,1.480414370158552195e+01,2.000000000000000000e+01
3.052856717423382715e+00,3.523605273274714733e+00,4.935850940828711231e+00,7.289601335870962373e+00,1.058486740127086989e+01,1.482166235270942067e+01,2.000000000000000000e+01
3.109987159121411882e+00,3.579149268994807898e+00,4.986635598614995502e+00,7.332453047215957476e+00,1.061661152727263335e+01,1.483912300898624537e+01,2.000000000000000000e+01
3.166929369886844370e+00,3.634510214392117078e+00,5.037252747907935202e+00,7.375163220357146443e+00,1.064825061071029033e+01,1.485652576109425738e+01,2.000000000000000000e+01
3.223683558316751796e+00,3.689688316766166043e+00,5.087702592114408340e+00,7.417732045948634223e+00,1.067978481155393311e+01,1.487387070933302624e+01,2.000000000000000000e+01
3.280249972488526566e+00,3.744683821383338884e+00,5.137985368067776726e+00,7.460159741077649009e+00,1.071121430760103088e+01,1.489115796264969482e+01,2.000000000000000000e+01
3.336628896046978099e+00,3.799497007710366692e+00,5.188101342700533358e+00,7.502446546618718237e+00,1.074253929267849905e+01,1.490838763775834508e+01,2.000000000000000000e+01
3.392820644658724571e+00,3.854128186001701817e+00,5.238050810030633997e+00,7.544592724838442344e+00,1.077375997501582638e+01,1.492555985834345478e+01,2.000000000000000000e+01
3.448825562799775479e+00,3.908577694207850062e+00,5.287834088432074253e+00,7.586598557227093309e+00,1.080487657577295479e+01,1.494267475433934500e+01,2.000000000000000000e+01
3.504644020845297803e+00,3.962845895174738953e+00,5.337451518163062403e+00,7.628464342535580478e+00,1.083588932770805613e+01,1.495973246127831580e+01,2.000000000000000000e+01
3.560276412433406534e+00,4.016933174106944726e+00,5.386903459127560190e+00,7.670190394998348538e+00,1.086679847397189391e+01,1.497673311970085841e+01,2.000000000000000000e+01
3.615723152077368052e+00,4.070839936270105319e+00,5.436190288848317564e+00,7.711777042724591524e+00,1.089760426701671392e+01,1.499367687462204479e+01,2.000000000000000000e+01
3.670984673003014453e+00,4.124566604910125278e+00,5.485312400631456420e+00,7.753224626241902229e+00,1.092830696760875675e+01,1.501056387504867118e+01,2.000000000000000000e+01
3.726061425190257737e+00,4.178113619368848397e+00,5.534270201904620379e+00,7.794533497177900117e+00,1.095890684393456027e+01,1.502739427354237023e+01,2.000000000000000000e+01
3.780953873599572912e+00,4.231481433377767942e+00,5.583064112712353477e+00,7.835704017066839278e+00,1.098940417079214171e+01,1.504416822582427393e+01,2.000000000000000000e+01
3.835662496566114132e+00,4.284670513513058054e+00,5.631694564353889376e+00,7.876736556269366751e+00,1.101979922885899477e+01,1.506088589041728909e+01,2.000000000000000000e+01
3.890187784345721322e+00,4.337681337796778003e+00,5.680161998149947600e+00,7.917631492994713582e+00,1.105009230402964526e+01,1.507754742832243267e+01,2.000000000000000000e+01
3.944530237798516747e+00,4.390514394430486078e+00,5.728466864326394514e+00,7.958389212415700520e+00,1.108028368681614850e+01,1.509415300272594251e+01,2.000000000000000000e+01
3.998690367197193840e+00,4.443170180648829515e+00,5.776609621003735207e+00,7.999010105867737863e+00,1.111037367180560409e+01,1.511070277873429824e+01,2.000000000000000000e+01
4.052668691148255675e+00,4.495649201681812812e+00,5.824590733282485111e+00,8.039494570123913775e+00,1.114036255716924551e+01,1.512719692313447517e+01,2.000000000000000000e+01
4.106465735615556945e+00,4.547951969815509088e+00,5.872410672415365518e+00,8.079843006738975930e+00,1.117025064421826563e+01,1.514363560417704058e+01,2.000000000000000000e+01
4.160082033036549554e+00,4.600079003541948985e+00,5.920069915058146393e+00,8.120055821455707701e+00,1.120003823700192847e+01,1.516001899137995323e+01,2.000000000000000000e+01
4.213518121522469961e+00,4.652030826789782303e+00,5.967568942591720216e+00,8.160133423667801367e+00,1.122972564194399858e+01,1.517634725535107343e+01,2.000000000000000000e+01
4.266774544134579905e+00,4.703807968228105985e+00,6.014908240508685111e+00,8.200076225933896623e+00,1.125931316751383271e+01,1.519262056762764246e+01,2.000000000000000000e+01
4.319851848229293800e+00,4.755410960636558215e+00,6.062088297858350572e+00,8.239884643537951803e+00,1.128880112392887369e+01,1.520883910053110633e+01,2.000000000000000000e+01
4.372750584865690904e+00,4.806840340335435613e+00,6.109109606744669740e+00,8.279559094091574423e+00,1.131818982288560171e+01,1.522500302703584474e+01,2.000000000000000000e+01
4.425471308269532500e+00,4.858096646670170493e+00,6.155972661872083584e+00,8.319099997174348005e+00,1.134747957731619827e+01,1.524111252065048205e+01,2.000000000000000000e+01
4.478014575348461257e+00,4.909180421545039863e+00,6.202677960134776569e+00,8.358507774008582913e+00,1.137667070116855150e+01,1.525716775531059888e+01,2.000000000000000000e+01
4.530380945253553726e+00,4.960092209001472519e+00,6.249226000245228008e+00,8.397782847165190745e+00,1.140576350920736282e+01,1.527316890528176074e+01,2.000000000000000000e+01
4.582570978982860588e+00,5.010832554836737174e+00,6.295617282398368708e+00,8.436925640297829432e+00,1.143475831683436539e+01,1.528911614507189043e+01,2.000000000000000000e+01
4.634585239022949388e+00,5.061402006259204889e+00,6.341852307967973168e+00,8.475936577902567493e+00,1.146365543992587632e+01,1.530500964935209929e+01,2.000000000000000000e+01
4.686424289024892609e+00,5.111801111576731671e+00,6.387931579232249746e+00,8.514816085100694210e+00,1.149245519468599497e+01,1.532084959288518533e+01,2.000000000000000000e+01
4.738088693511446792e+00,5.162030419915049961e+00,6.433855599125858582e+00,8.553564587442494371e+00,1.152115789751401387e+01,1.533663615046106266e+01,2.000000000000000000e+01
4.789579017612454415e+00,5.212090480963311734e+00,6.479624871015884580e+00,8.592182510729999834e+00,1.154976386488469586e+01,1.535236949683848628e+01,2.000000000000000000e+01
4.840895826825828863e+00,5.261981844744243908e+00,6.525239898499489932e+00,8.630670280856923782e+00,1.157827341324016146e+01,1.536804980669242759e+01,2.000000000000000000e+01
4.892039686801711973e+00,5.311705061406583717e+00,6.570701185221199836e+00,8.669028323664159430e+00,1.160668685889234375e+01,1.538367725456666335e+01,2.000000000000000000e+01
4.943011163147583709e+00,5.361260681037680165e+00,6.616009234707971309e+00,8.707257064809363456e+00,1.163500451793496637e+01,1.539925201483096018e+01,2.000000000000000000e+01
4.993810821252385068e+00,5.410649253494378641e+00,6.661164550220359359e+00,8.745356929649306110e+00,1.166322670616419188e+01,1.541477426164254005e+01,2.000000000000000000e+01
5.044439226127832576e+00,5.459871328250441636e+00,6.706167634618267925e+00,8.783328343133785410e+00,1.169135373900706121e+01,1.543024416891133477e+01,2.000000000000000000e+01
5.094896942265301654e+00,5.508927454258954803e+00,6.751018990239914253e+00,8.821171729709988085e+00,1.171938593145705099e+01,1.544566191026869895e+01,2.000000000000000000e+01
5.145184533506833802e+00,5.557818179828306171e+00,6.795719118792723279e+00,8.858887513236338052e+00,1.174732359801602577e+01,1.546102765903929210e+01,2.000000000000000000e+01
5.195302562928891810e+00,5.606544052510438192e+00,6.840268521255075562e+00,8.896476116904915799e+00,1.177516705264200780e+01,1.547634158821576733e+01,2.000000000000000000e+01
5.245251592737699475e+00,5.655105619000235784e+00,6.884667697787842933e+00,8.933937963171654673e+00,1.180291660870221726e+01,1.549160387043604992e+01,2.000000000000000000e+01
5.295032184175041401e+00,5.703503425044981867e+00,6.928917147654805042e+00,8.971273473693569755e+00,1.183057257893085890e+01,1.550681467796292345e+01,2.000000000000000000e+01
5.344644897433542319e+00,5.751738015362932721e+00,6.973017369151103040e+00,9.008483069272342547e+00,1.185813527539123058e+01,1.552197418266574047e+01,2.000000000000000000e+01
5.394090291580549312e+00,5.799809933570153397e+00,7.016968859538967429e+00,9.045567169803687690e+00,1.188560500944173448e+01,1.553708255600403731e+01,2.000000000000000000e+01
5.443368924489763394e+00,5.847719722114833374e+00,7.060772114990042425e+00,9.082526194231935079e+00,1.191298209170542854e+01,1.555213996901286677e+01,2.000000000000000000e+01
5.492481352779932990e+00,5.895467922218365686e+00,7.104427630533665550e+00,9.119360560509342406e+00,1.194026683204276829e+01,1.556714659228969744e+01,2.000000000000000000e+01
5.541428131759890796e+00,5.943055073822558043e+00,7.147935900010558008e+00,9.156070685559674516e+00,1.196745953952724584e+01,1.558210259598273950e+01,2.000000000000000000e+01
5.590209815379393099e+00,5.990481715542394170e+00,7.191297416031396494e+00,9.192656985245674761e+00,1.199456052242366688e+01,1.559700814978053529e+01,2.000000000000000000e+01
5.638826956185158501e+00,6.037748384623821352e+00,7.234512669939812568e+00,9.229119874340021568e+00,1.202157008816879191e+01,1.561186342290271512e+01,2.000000000000000000e+01
5.687280105281630860e+00,6.084855616906075682e+00,7.277582151779408370e+00,9.265459766499489547e+00,1.204848854335411978e+01,1.562666858409181003e+01,2.000000000000000000e+01
5.735569812296055225e+00,6.131803946788138227e+00,7.320506350264387230e+00,9.301677074241951004e+00,1.207531619371062703e+01,1.564142380160600432e+01,2.000000000000000000e+01
5.783696625347378273e+00,6.178593907198901114e+00,7.363285752753469637e+00,9.337772208926002904e+00,1.210205334409526579e+01,1.565612924321275656e+01,2.000000000000000000e+01
5.831661091018701448e+00,6.225226029570724684e+00,7.405920845226794391e+00,9.373745580732935068e+00,1.212870029847905684e+01,1.567078507618319350e+01,2.000000000000000000e+01
5.879463754332878267e+00,6.271700843816031323e+00,7.448412112265490492e+00,9.409597598650840666e+00,1.215525735993660916e+01,1.568539146728719658e+01,2.000000000000000000e+01
5.927105158730999968e+00,6.318018878306673969e+00,7.490760037033694196e+00,9.445328670460641618e+00,1.218172483063697520e+01,1.569994858278915473e+01,2.000000000000000000e+01
5.974585846053474647e+00,6.364180659855798616e+00,7.532965101262772301e+00,9.480939202723867254e+00,1.220810301183565727e+01,1.571445658844426951e+01,2.000000000000000000e+01
6.021906356523454740e+00,6.410186713701971684e+00,7.575027785237522515e+00,9.516429600772012165e+00,1.223439220386769399e+01,1.572891564949537546e+01,2.000000000000000000e+01
6.069067228732403230e+00,6.456037563495352849e+00,7.616948567784201707e+00,9.551800268697313356e+00,1.226059270614171837e+01,1.574332593067027375e+01,2.000000000000000000e+01
6.116068999627575664e+00,6.501733731285721518e+00,7.658727926260159080e+00,9.587051609344834802e+00,1.228670481713487739e+01,1.575768759617943360e+01,2.000000000000000000e+01
6.162912204501254543e+00,6.547275737512182836e+00,7.700366336544965939e+00,9.622184024305701300e+00,1.231272883438855814e+01,1.577200080971412888e+01,2.000000000000000000e+01
6.209597376981551342e+00,6.592664100994381826e+00,7.741864273032875943e+00,9.657197913911410581e+00,1.233866505450481199e+01,1.578626573444488557e+01,2.000000000000000000e+01
6.256125049024632290e+00,6.637899338925095094e+00,7.783222208626482619e+00,9.692093677229092208e+00,1.236451377314344491e+01,1.580048253302028449e+01,2.000000000000000000e+01
6.302495750908248873e+00,6.682981966864056211e+00,7.824440614731480004e+00,9.726871712057615582e+00,1.239027528501966380e+01,1.581465136756600742e+01,2.000000000000000000e+01
6.348710011226404326e+00,6.727912498732905533e+00,7.865519961252408265e+00,9.761532414924506185e+00,1.241594988390228416e+01,1.582877239968417271e+01,2.000000000000000000e+01
6.394768356885113469e+00,6.772691446811157867e+00,7.906460716589288396e+00,9.796076181083552825e+00,1.244153786261238892e+01,1.584284579045288766e+01,2.000000000000000000e+01
6.440671313099078255e+00,6.817319321733075199e+00,7.947263347635064257e+00,9.830503404513056154e+00,1.246703951302244029e+01,1.585687170042600869e+01,2.000000000000000000e+01
6.486419403389246163e+00,6.861796632485379632e+00,7.987928319773777375e+00,9.864814477914652713e+00,1.249245512605575748e+01,1.587085028963310229e+01,2.000000000000000000e+01
6.532013149581136879e+00,6.906123886405699963e+00,8.028456096879390103e+00,9.899009792712657685e+00,1.251778499168635861e+01,1.588478171757957291e+01,2.000000000000000000e+01
6.577453071803870621e+00,6.950301589181709261e+00,8.068847141315226068e+00,9.933089739053883704e+00,1.254302939893913482e+01,1.589866614324694716e+01,2.000000000000000000e+01
6.622739688489841292e+00,6.994330244850859302e+00,8.109101913933912442e+00,9.967054705807885995e+00,1.256818863589028545e+01,1.591250372509327526e+01,2.000000000000000000e+01
6.667873516374956289e+00,7.038210355800676332e+00,8.149220874077837351e+00,1.000090508056757521e+01,1.259326298966801794e+01,1.592629462105370486e+01,2.000000000000000000e+01
6.712855070499377241e+00,7.081942422769542667e+00,8.189204479580038054e+00,1.003464124965020154e+01,1.261825274645349637e+01,1.594003898854112400e+01,2.000000000000000000e+01
6.757684864208759912e+00,7.125526944847935695e+00,8.229053186765460381e+00,1.006826359809862304e+01,1.264315819148197839e+01,1.595373698444692501e+01,2.000000000000000000e+01
6.802363409155887553e+00,7.168964419480070127e+00,8.268767450452619627e+00,1.010177250968286877e+01,1.266797960904416875e+01,1.596738876514185179e+01,2.000000000000000000e+01
6.846891215302686184e+00,7.212255342465896391e+00,8.308347723955527897e+00,1.013516836690195966e+01,1.269271728248770614e+01,1.598099448647694842e+01,2.000000000000000000e+01
6.891268790922599585e+00,7.255400207963436543e+00,8.347794459085948304e+00,1.016845155098594944e+01,1.271737149421884183e+01,1.599455430378456633e+01,2.000000000000000000e+01
6.935496642603247608e+00,7.298399508491411503e+00,8.387108106155903187e+00,1.020162244189817002e+01,1.274194252570422670e+01,1.600806837187943543e+01,2.000000000000000000e+01
6.979575275249378485e+00,7.341253734932134734e+00,8.426289113980404366e+00,1.023468141833767220e+01,1.276643065747284034e+01,1.602153684505980635e+01,2.000000000000000000e+01
7.023505192086065385e+00,7.383963376534647516e+00,8.465337929880396572e+00,1.026762885774180134e+01,1.279083616911802146e+01,1.603495987710862636e+01,2.000000000000000000e+01
7.067286894662121455e+00,7.426528920918063825e+00,8.504254999685890937e+00,1.030046513628897387e+01,1.281515933929960482e+01,1.604833762129480590e+01,2.000000000000000000e+01
7.110920882853716485e+00,7.468950854075107948e+00,8.543040767739279673e+00,1.033319062890153006e+01,1.283940044574613992e+01,1.606167023037447805e+01,2.000000000000000000e+01
7.154407654868186306e+00,7.511229660375834172e+00,8.581695676898778657e+00,1.036580570924874856e+01,1.286355976525719846e+01,1.607495785659233078e+01,2.000000000000000000e+01
7.197747707247974525e+00,7.553365822571487698e+00,8.620220168542026329e+00,1.039831074974994607e+01,1.288763757370574758e+01,1.608820065168293922e+01,2.000000000000000000e+01
7.240941534874761665e+00,7.595359821798521871e+00,8.658614682569799825e+00,1.043070612157768196e+01,1.291163414604058346e+01,1.610139876687217253e+01,2.000000000000000000e+01
7.283989630973676022e+00,7.637212137582714000e+00,8.696879657409828823e+00,1.046299219466103914e+01,1.293554975628883241e+01,1.611455235287861143e+01,2.000000000000000000e+01
7.326892487117650177e+00,7.678923247843417066e+00,8.735015530020717733e+00,1.049516933768899030e+01,1.295938467755849288e+01,1.612766155991496220e+01,2.000000000000000000e+01
7.369650593231884095e+00,7.720493628897899363e+00,8.773022735895946056e+00,1.052723791811382981e+01,1.298313918204102357e+01,1.614072653768952037e+01,2.000000000000000000e+01
7.412264437598362399e+00,7.761923755465760522e+00,8.810901709067955778e+00,1.055919830215464650e+01,1.300681354101397247e+01,1.615374743540764868e+01,2.000000000000000000e+01
7.454734506860496879e+00,7.803214100673446119e+00,8.848652882112292062e+00,1.059105085480089237e+01,1.303040802484364669e+01,1.616672440177327985e+01,2.000000000000000000e+01
7.497061286027810745e+00,7.844365136058812915e+00,8.886276686151818538e+00,1.062279593981594239e+01,1.305392290298780544e+01,1.617965758499040874e+01,2.000000000000000000e+01
7.539245258480701040e+00,7.885377331575768700e+00,8.923773550860971682e+00,1.065443391974074316e+01,1.307735844399837788e+01,1.619254713276460578e+01,2.000000000000000000e+01
7.581286905975244572e+00,7.926251155598950326e+00,8.961143904470068478e+00,1.068596515589746510e+01,1.310071491552420397e+01,1.620539319230456243e+01,2.000000000000000000e+01
7.623186708648056253e+00,7.966987074928456813e+00,8.998388173769656717e+00,1.071739000839320788e+01,1.312399258431380566e+01,1.621819591032361529e+01,2.000000000000000000e+01
7.664945145021209605e+00,8.007585554794630411e+00,9.035506784114893719e+00,1.074870883612372019e+01,1.314719171621817395e+01,1.623095543304130928e+01,2.000000000000000000e+01
7.706562692007146609e+00,8.048047058862849212e+00,9.072500159429958799e+00,1.077992199677713181e+01,1.317031257619355955e+01,1.624367190618493950e+01,2.000000000000000000e+01
7.748039824913675488e+00,8.088372049238378381e+00,9.109368722212488834e+00,1.081102984683774082e+01,1.319335542830427421e+01,1.625634547499110738e+01,2.000000000000000000e+01
7.789377017448945395e+00,8.128560986471217831e+00,9.146112893538035138e+00,1.084203274158977948e+01,1.321632053572552401e+01,1.626897628420728026e+01,2.000000000000000000e+01
7.830574741726484156e+00,8.168614329561002307e+00,9.182733093064557650e+00,1.087293103512121384e+01,1.323920816074622842e+01,1.628156447809337948e+01,2.000000000000000000e+01
7.871633468270222700e+00,8.208532535961891696e+00,9.219229739036896021e+00,1.090372508032755228e+01,1.326201856477186780e+01,1.629411020042332936e+01,2.000000000000000000e+01
7.912553666019562115e+00,8.248316061587493309e+00,9.255603248291285112e+00,1.093441522891565398e+01,1.328475200832730074e+01,1.630661359448663461e+01,2.000000000000000000e+01
7.953335802334412286e+00,8.287965360815778837e+00,9.291854036259875826e+00,1.096500183140755702e+01,1.330740875105962395e+01,1.631907480308993641e+01,2.000000000000000000e+01
7.993980343000306910e+00,8.327480886494040391e+00,9.327982516975241722e+00,1.099548523714430281e+01,1.332998905174101978e+01,1.633149396855861823e+01,2.000000000000000000e+01
8.034487752233451019e+00,8.366863089943818110e+00,9.363989103074919385e+00,1.102586579428976954e+01,1.335249316827159127e+01,1.634387123273835130e+01,2.000000000000000000e+01
8.074858492685818234e+00,8.406112420965847321e+00,9.399874205805932803e+00,1.105614384983449838e+01,1.337492135768221679e+01,1.635620673699667194e+01,2.000000000000000000e+01
8.115093025450251574e+00,8.445229327845019895e+00,9.435638235029321308e+00,1.108631974959952871e+01,1.339727387613740284e+01,1.636850062222456614e+01,2.000000000000000000e+01
8.155191810065536728e+00,8.484214257355322530e+00,9.471281599224681713e+00,1.111639383824022609e+01,1.341955097893811377e+01,1.638075302883801854e+01,2.000000000000000000e+01
8.195155304521486883e+00,8.523067654764787449e+00,9.506804705494685592e+00,1.114636645925011571e+01,1.344175292052463000e+01,1.639296409677959687e+01,2.000000000000000000e+01
8.234983965264058625e+00,8.561789963840446660e+00,9.542207959569612541e+00,1.117623795496470329e+01,1.346387995447938124e+01,1.640513396552000458e+01,2.000000000000000000e+01
8.274678247200393244e+00,8.600381626853264905e+00,9.577491765811876334e+00,1.120600866656530137e+01,1.348593233352978160e+01,1.641726277405966883e+01,2.000000000000000000e+01
8.314238603703925534e+00,8.638843084583076148e+00,9.612656527220531544e+00,1.123567893408284313e+01,1.350791030955106642e+01,1.642935066093027174e+01,2.000000000000000000e+01
8.353665486619433977e+00,8.677174776323525407e+00,9.647702645435801472e+00,1.126524909640169447e+01,1.352981413356911311e+01,1.644139776419632781e+01,2.000000000000000000e+01
8.392959346268119347e+00,8.715377139886980373e+00,9.682630520743561675e+00,1.129471949126345720e+01,1.355164405576327624e+01,1.645340422145672932e+01,2.000000000000000000e+01
8.432120631452653114e+00,8.753450611609451926e+00,9.717440552079851912e+00,1.132409045527077218e+01,1.357340032546919240e+01,1.646537016984630597e+01,2.000000000000000000e+01
8.471149789462211643e+00,8.791395626355500426e+00,9.752133137035366772e+00,1.135336232389110656e+01,1.359508319118159569e+01,1.647729574603736324e+01,2.000000000000000000e+01
8.510047266077533479e+00,8.829212617523131357e+00,9.786708671859923214e+00,1.138253543146053737e+01,1.361669290055712089e+01,1.648918108624124557e+01,2.000000000000000000e+01
8.548813505575937555e+00,8.866902017048687412e+00,9.821167551466938761e+00,1.141161011118752278e+01,1.363822970041711535e+01,1.650102632620986043e+01,2.000000000000000000e+01
8.587448950736327191e+00,8.904464255411719265e+00,9.855510169437895485e+00,1.144058669515668036e+01,1.365969383675041549e+01,1.651283160123722382e+01,2.000000000000000000e+01
8.625954042844206526e+00,8.941899761639849231e+00,9.889736918026779122e+00,1.146946551433252104e+01,1.368108555471613208e+01,1.652459704616098080e+01,2.000000000000000000e+01
8.664329221696673855e+00,8.979208963313636715e+00,9.923848188164525297e+00,1.149824689856322202e+01,1.370240509864644096e+01,1.653632279536395799e+01,2.000000000000000000e+01
8.702574925607386547e+00,9.016392286571401016e+00,9.957844369463444423e+00,1.152693117658434652e+01,1.372365271204933812e+01,1.654800898277566290e+01,2.000000000000000000e+01
8.740691591411540173e+00,9.053450156114065450e+00,9.991725850221639504e+00,1.155551867602258120e+01,1.374482863761141616e+01,1.655965574187382927e+01,2.000000000000000000e+01
8.778679654470815663e+00,9.090382995209964179e+00,1.002549301742741150e+01,1.158400972339944701e+01,1.376593311720061585e+01,1.657126320568591638e+01,2.000000000000000000e+01
8.816539548678322902e+00,9.127191225699652577e+00,1.005914625676364338e+01,1.161240464413501350e+01,1.378696639186896888e+01,1.658283150679062956e+01,2.000000000000000000e+01
8.854271706463519465e+00,9.163875268000687413e+00,1.009268595261219481e+01,1.164070376255159367e+01,1.380792870185533872e+01,1.659436077731941594e+01,2.000000000000000000e+01
8.891876558797131125e+00,9.200435541112412352e+00,1.012611248805825781e+01,1.166890740187742637e+01,1.382882028658816154e+01,1.660585114895798853e+01,2.000000000000000000e+01
8.929354535196047493e+00,9.236872462620715041e+00,1.015942624489471768e+01,1.169701588425035332e+01,1.384964138468815165e+01,1.661730275294780057e+01,2.000000000000000000e+01
8.966706063728208775e+00,9.273186448702777085e+00,1.019262760362648557e+01,1.172502953072148557e+01,1.387039223397103882e+01,1.662871572008755905e+01,2.000000000000000000e+01
9.003931571017458779e+00,9.309377914131804488e+00,1.022571694347484339e+01,1.175294866125885740e+01,1.389107307145026127e+01,1.664009018073471324e+01,2.000000000000000000e+01
9.041031482248426343e+00,9.345447272281756312e+00,1.025869464238174977e+01,1.178077359475106967e+01,1.391168413333967102e+01,1.665142626480692201e+01,2.000000000000000000e+01
9.078006221171342816e+00,9.381394935132041368e+00,1.029156107701413880e+01,1.180850464901091712e+01,1.393222565505621091e+01,1.666272410178355301e+01,2.000000000000000000e+01
9.114856210106880852e+00,9.417221313272216676e+00,1.032431662276822060e+01,1.183614214077901039e+01,1.395269787122262173e+01,1.667398382070715002e+01,2.000000000000000000e+01
9.151581869950961234e+00,9.452926815906659286e+00,1.035696165377374989e+01,1.186368638572738377e+01,1.397310101567008545e+01,1.668520555018489659e+01,2.000000000000000000e+01
9.188183620179538380e+00,9.488511850859227437e+00,1.038949654289829283e+01,1.189113769846309765e+01,1.399343532144092350e+01,1.669638941839010116e+01,2.000000000000000000e+01
9.224661878853392949e+00,9.523976824577912836e+00,1.042192166175147250e+01,1.191849639253181259e+01,1.401370102079122937e+01,1.670753555306364291e+01,2.000000000000000000e+01
9.261017062622899587e+00,9.559322142139476952e+00,1.045423738068921082e+01,1.194576278042138462e+01,1.403389834519351709e+01,1.671864408151543202e+01,2.000000000000000000e+01
9.297249586732752036e+00,9.594548207254049998e+00,1.048644406881794744e+01,1.197293717356540199e+01,1.405402752533937516e+01,1.672971513062586979e+01,2.000000000000000000e+01
9.333359865026729096e+00,9.629655422269758347e+00,1.051854209399884432e+01,1.200001988234675743e+01,1.407408879114209022e+01,1.674074882684728038e+01,2.000000000000000000e+01
9.369348309952401976e+00,9.664644188177300421e+00,1.055053182285199576e+01,1.202701121610118307e+01,1.409408237173927070e+01,1.675174529620536745e+01,2.000000000000000000e+01
9.405215332565825648e+00,9.699514904614517263e+00,1.058241362076059033e+01,1.205391148312077121e+01,1.411400849549545633e+01,1.676270466430064587e+01,2.000000000000000000e+01
9.440961342536251522e+00,9.734267969870961323e+00,1.061418785187509073e+01,1.208072099065750216e+01,1.413386739000473291e+01,1.677362705630988060e+01,2.000000000000000000e+01
9.476586748150781503e+00,9.768903780892435051e+00,1.064585487911739214e+01,1.210744004492674719e+01,1.415365928209331869e+01,1.678451259698750775e+01,2.000000000000000000e+01
9.512091956319038033e+00,9.803422733285515278e+00,1.067741506418495057e+01,1.213406895111075379e+01,1.417338439782216319e+01,1.679536141066705923e+01,2.000000000000000000e+01
9.547477372577796828e+00,9.837825221322079372e+00,1.070886876755492523e+01,1.216060801336214148e+01,1.419304296248951758e+01,1.680617362126258385e+01,2.000000000000000000e+01
9.582743401095628499e+00,9.872111637943790541e+00,1.074021634848827489e+01,1.218705753480736398e+01,1.421263520063351571e+01,1.681694935227007193e+01,2.000000000000000000e+01
9.617890444677497541e+00,9.906282374766592014e+00,1.077145816503387366e+01,1.221341781755017664e+01,1.423216133603473033e+01,1.682768872676884087e+01,2.000000000000000000e+01
9.652918904769366648e+00,9.940337822085174579e+00,1.080259457403259482e+01,1.223968916267507367e+01,1.425162159171872389e+01,1.683839186742297045e+01,2.000000000000000000e+01
9.687829181462783268e+00,9.974278368877431689e+00,1.083362593112137873e+01,1.226587187025074144e+01,1.427101618995860832e+01,1.684905889648267063e+01,2.000000000000000000e+01
9.722621673499434181e+00,1.000810440280889857e+01,1.086455259073728818e+01,1.229196623933346189e+01,1.429034535227757452e+01,1.685968993578570618e+01,2.000000000000000000e+01
9.757296778275714288e+00,1.004181631023717891e+01,1.089537490612157278e+01,1.231797256797054807e+01,1.430960929945141480e+01,1.687028510675876802e+01,2.000000000000000000e+01
9.791854891847238562e+00,1.007541447621635022e+01,1.092609322932368521e+01,1.234389115320373520e+01,1.432880825151105419e+01,1.688084453041887656e+01,2.000000000000000000e+01
9.826296408933394844e+00,1.010889928450137099e+01,1.095670791120530119e+01,1.236972229107257171e+01,1.434794242774505690e+01,1.689136832737474236e+01,2.000000000000000000e+01
9.860621722921822041e+00,1.014227111755245048e+01,1.098721930144433756e+01,1.239546627661780676e+01,1.436701204670213627e+01,1.690185661782816240e+01,2.000000000000000000e+01
9.894831225872922076e+00,1.017553035653942572e+01,1.101762774853893312e+01,1.242112340388475644e+01,1.438601732619363460e+01,1.691230952157538425e+01,2.000000000000000000e+01
9.928925308524329196e+00,1.020867738134610647e+01,1.104793359981143475e+01,1.244669396592665045e+01,1.440495848329603312e+01,1.692272715800847394e+01,2.000000000000000000e+01
9.962904360295370410e+00,1.024171257057461659e+01,1.107813720141235514e+01,1.247217825480799469e+01,1.442383573435341404e+01,1.693310964611668012e+01,2.000000000000000000e+01
9.996768769291502821e+00,1.027463630154971241e+01,1.110823889832434119e+01,1.249757656160789843e+01,1.444264929497994032e+01,1.694345710448779485e+01,2.000000000000000000e+01
1.003051892230876696e+01,1.030744895032309749e+01,1.113823903436608909e+01,1.252288917642339783e+01,1.446139938006230530e+01,1.695376965130950708e+01,2.000000000000000000e+01
1.006415520483818682e+01,1.034015089167771428e+01,1.116813795219629846e+01,1.254811638837276888e+01,1.448008620376219824e+01,1.696404740437074565e+01,2.000000000000000000e+01
1.009767800107017699e+01,1.037274249913202340e+01,1.119793599331756084e+01,1.257325848559882786e+01,1.449870997951875573e+01,1.697429048106303284e+01,2.000000000000000000e+01
1.013108769389893382e+01,1.040522414494426862e+01,1.122763349808027300e+01,1.259831575527223002e+01,1.451727092005097397e+01,1.698449899838183441e+01,2.000000000000000000e+01
1.016438466492680170e+01,1.043759620011673128e+01,1.125723080568652179e+01,1.262328848359473987e+01,1.453576923736017257e+01,1.699467307292786344e+01,2.000000000000000000e+01
1.019756929446863047e+01,1.046985903439996335e+01,1.128672825419396020e+01,1.264817695580250145e+01,1.455420514273238197e+01,1.700481282090844459e+01,2.000000000000000000e+01
1.023064196155612926e+01,1.050201301629701156e+01,1.131612618051966201e+01,1.267298145616929794e+01,1.457257884674077886e+01,1.701491835813882858e+01,2.000000000000000000e+01
1.026360304394218126e+01,1.053405851306762919e+01,1.134542492044397299e+01,1.269770226800979884e+01,1.459089055924808598e+01,1.702498980004351381e+01,2.000000000000000000e+01
1.029645291810516738e+01,1.056599589073246115e+01,1.137462480861434244e+01,1.272233967368279650e+01,1.460914048940896137e+01,1.703502726165756442e+01,2.000000000000000000e+01
1.032919195925326505e+01,1.059782551407723616e+01,1.140372617854915127e+01,1.274689395459442309e+01,1.462732884567239999e+01,1.704503085762792125e+01,2.000000000000000000e+01
1.036182054132872565e+01,1.062954774665692348e+01,1.143272936264151696e+01,1.277136539120137471e+01,1.464545583578409982e+01,1.705500070221473408e+01,2.000000000000000000e+01
1.039433903701215556e+01,1.066116295079988951e+01,1.146163469216309139e+01,1.279575426301410879e+01,1.466352166678884927e+01,1.706493690929262286e+01,2.000000000000000000e+01
1.042674781772676695e+01,1.069267148761203501e+01,1.149044249726783917e+01,1.282006084860003448e+01,1.468152654503288090e+01,1.707483959235202420e+01,2.000000000000000000e+01
1.045904725364262156e+01,1.072407371698091971e+01,1.151915310699581774e+01,1.284428542558670472e+01,1.469947067616623038e+01,1.708470886450045967e+01,2.000000000000000000e+01
1.049123771368085301e+01,1.075536999757987111e+01,1.154776684927692720e+01,1.286842827066496930e+01,1.471735426514508838e+01,1.709454483846383255e+01,2.000000000000000000e+01
1.052331956551788572e+01,1.078656068687207892e+01,1.157628405093465851e+01,1.289248965959215631e+01,1.473517751623414185e+01,1.710434762658772101e+01,2.000000000000000000e+01
1.055529317558964308e+01,1.081764614111468958e+01,1.160470503768982908e+01,1.291646986719520207e+01,1.475294063300889746e+01,1.711411734083866065e+01,2.000000000000000000e+01
1.058715890909571478e+01,1.084862671536286172e+01,1.163303013416429899e+01,1.294036916737380061e+01,1.477064381835802287e+01,1.712385409280541282e+01,2.000000000000000000e+01
1.061891713000353654e+01,1.087950276347382150e+01,1.166125966388467816e+01,1.296418783310353184e+01,1.478828727448565594e+01,1.713355799370025423e+01,2.000000000000000000e+01
1.065056820105254509e+01,1.091027463811091636e+01,1.168939394928602660e+01,1.298792613643898264e+01,1.480587120291370695e+01,1.714322915436023820e+01,2.000000000000000000e+01
1.068211248375832945e+01,1.094094269074762948e+01,1.171743331171553137e+01,1.301158434851683943e+01,1.482339580448416783e+01,1.715286768524846295e+01,2.000000000000000000e+01
1.071355033841674675e+01,1.097150727167160511e+01,1.174537807143617840e+01,1.303516273955899862e+01,1.484086127936141075e+01,1.716247369645532928e+01,2.000000000000000000e+01
1.074488212410805055e+01,1.100196872998864173e+01,1.177322854763041526e+01,1.305866157887565038e+01,1.485826782703445836e+01,1.717204729769980531e+01,2.000000000000000000e+01
1.077610819870098169e+01,1.103232741362668357e+01,1.180098505840378920e+01,1.308208113486835167e+01,1.487561564631928590e+01,1.718158859833067709e+01,2.000000000000000000e+01
1.080722891885685932e+01,1.106258366933979076e+01,1.182864792078858684e+01,1.310542167503308875e+01,1.489290493536107363e+01,1.719109770732778841e+01,2.000000000000000000e+01
1.083824464003365584e+01,1.109273784271210239e+01,1.185621745074744737e+01,1.312868346596335023e+01,1.491013589163647701e+01,1.720057473330330566e+01,2.000000000000000000e+01
1.086915571649005052e+01,1.112279027816178356e+01,1.188369396317698268e+01,1.315186677335314691e+01,1.492730871195587206e+01,1.721001978450293635e+01,2.000000000000000000e+01
1.089996250128948851e+01,1.115274131894495824e+01,1.191107777191136385e+01,1.317497186200006176e+01,1.494442359246561480e+01,1.721943296880717611e+01,2.000000000000000000e+01
1.093066534630420783e+01,1.118259130715963323e+01,1.193836918972590944e+01,1.319799899580826974e+01,1.496148072865028844e+01,1.722881439373254508e+01,2.000000000000000000e+01
1.096126460221925214e+01,1.121234058374960441e+01,1.196556852834066120e+01,1.322094843779155937e+01,1.497848031533491309e+01,1.723816416643281002e+01,2.000000000000000000e+01
1.099176061853648001e+01,1.124198948850834334e+01,1.199267609842393689e+01,1.324382045007632058e+01,1.499542254668719643e+01,1.724748239370019931e+01,2.000000000000000000e+01
1.102215374357855460e+01,1.127153836008288756e+01,1.201969220959588824e+01,1.326661529390455563e+01,1.501230761621972754e+01,1.725676918196664644e+01,2.000000000000000000e+01
1.105244432449292979e+01,1.130098753597770234e+01,1.204661717043202351e+01,1.328933322963685981e+01,1.502913571679219729e+01,1.726602463730497661e+01,2.000000000000000000e+01
1.108263270725581151e+01,1.133033735255854602e+01,1.207345128846674953e+01,1.331197451675538090e+01,1.504590704061361528e+01,1.727524886543015015e+01,2.000000000000000000e+01
1.111271923667610473e+01,1.135958814505629633e+01,1.210019487019687290e+01,1.333453941386679986e+01,1.506262177924448764e+01,1.728444197170044561e+01,2.000000000000000000e+01
1.114270425639935347e+01,1.138874024757079084e+01,1.212684822108510296e+01,1.335702817870528136e+01,1.507928012359900904e+01,1.729360406111866411e+01,2.000000000000000000e+01
1.117258810891167364e+01,1.141779399307464082e+01,1.215341164556354059e+01,1.337944106813540657e+01,1.509588226394724231e+01,1.730273523833334792e+01,2.000000000000000000e+01
1.120237113554365926e+01,1.144674971341703262e+01,1.217988544703715093e+01,1.340177833815512543e+01,1.511242838991728554e+01,1.731183560763994933e+01,2.000000000000000000e+01
1.123205367647427089e+01,1.147560773932751310e+01,1.220626992788724330e+01,1.342404024389865391e+01,1.512891869049746774e+01,1.732090527298204563e+01,2.000000000000000000e+01
1.126163607073473827e+01,1.150436840041978037e+01,1.223256538947490668e+01,1.344622703963942278e+01,1.514535335403846261e+01,1.732994433795251510e+01,2.000000000000000000e+01
1.129111865621242394e+01,1.153303202519543547e+01,1.225877213214446826e+01,1.346833897879295350e+01,1.516173256825548066e+01,1.733895290579471649e+01,2.000000000000000000e+01
1.132050176965469213e+01,1.156159894104774644e+01,1.228489045522690937e+01,1.349037631391976433e+01,1.517805652023038299e+01,1.734793107940367562e+01,2.000000000000000000e+01
1.134978574667273143e+01,1.159006947426537337e+01,1.231092065704329386e+01,1.351233929672825163e+01,1.519432539641383961e+01,1.735687896132726138e+01,2.000000000000000000e+01
1.137897092174541136e+01,1.161844395003610231e+01,1.233686303490817338e+01,1.353422817807756573e+01,1.521053938262743621e+01,1.736579665376735093e+01,2.000000000000000000e+01
1.140805762822310321e+01,1.164672269245057201e+01,1.236271788513298198e+01,1.355604320798048157e+01,1.522669866406582706e+01,1.737468425858100218e+01,2.000000000000000000e+01
1.143704619833146019e+01,1.167490602450595105e+01,1.238848550302942009e+01,1.357778463560625148e+01,1.524280342529882581e+01,1.738354187728160838e+01,2.000000000000000000e+01
1.146593696317525080e+01,1.170299426810964505e+01,1.241416618291283136e+01,1.359945270928344208e+01,1.525885385027351759e+01,1.739236961104007051e+01,2.000000000000000000e+01
1.149473025274210336e+01,1.173098774408296840e+01,1.243976021810556176e+01,1.362104767650278170e+01,1.527485012231637285e+01,1.740116756068594484e+01,2.000000000000000000e+01
1.152342639590631101e+01,1.175888677216480893e+01,1.246526790094030623e+01,1.364256978391998487e+01,1.529079242413532924e+01,1.740993582670860107e+01,2.000000000000000000e+01
1.155202572043255316e+01,1.178669167101527826e+01,1.249068952276345179e+01,1.366401927735856603e+01,1.530668093782187533e+01,1.741867450925835570e+01,2.000000000000000000e+01
1.158052855297966310e+01,1.181440275821934982e+01,1.251602537393840819e+01,1.368539640181265149e+01,1.532251584485314666e+01,1.742738370814763371e+01,2.000000000000000000e+01
1.160893521910435489e+01,1.184202035029049682e+01,1.254127574384891908e+01,1.370670140144977900e+01,1.533829732609397745e+01,1.743606352285209482e+01,2.000000000000000000e+01
1.163724604326493761e+01,1.186954476267429470e+01,1.256644092090236420e+01,1.372793451961366884e+01,1.535402556179898248e+01,1.744471405251178098e+01,2.000000000000000000e+01
1.166546134882501207e+01,1.189697630975202536e+01,1.259152119253306523e+01,1.374909599882703404e+01,1.536970073161461769e+01,1.745333539593223549e+01,2.000000000000000000e+01
1.169358145805719040e+01,1.192431530484428315e+01,1.261651684520555960e+01,1.377018608079432838e+01,1.538532301458121410e+01,1.746192765158564697e+01,2.000000000000000000e+01
1.172160669214674478e+01,1.195156206021452761e+01,1.264142816441787431e+01,1.379120500640451041e+01,1.540089258913504189e+01,1.747049091761196493e+01,2.000000000000000000e+01
1.174953737119530928e+01,1.197871688707267879e+01,1.266625543470478732e+01,1.381215301573380749e+01,1.541640963311033907e+01,1.747902529182001174e+01,2.000000000000000000e+01
1.177737381422450369e+01,1.200578009557864867e+01,1.269099893964108183e+01,1.383303034804842646e+01,1.543187432374134538e+01,1.748753087168862663e+01,2.000000000000000000e+01
1.180511633917960523e+01,1.203275199484589741e+01,1.271565896184477040e+01,1.385383724180733367e+01,1.544728683766431665e+01,1.749600775436775280e+01,2.000000000000000000e+01
1.183276526293315989e+01,1.205963289294495588e+01,1.274023578298034565e+01,1.387457393466493372e+01,1.546264735091956233e+01,1.750445603667954941e+01,2.000000000000000000e+01
1.186032090128861149e+01,1.208642309690695527e+01,1.276472968376198125e+01,1.389524066347381570e+01,1.547795603895343852e+01,1.751287581511952851e+01,2.000000000000000000e+01
1.188778356898390420e+01,1.211312291272711228e+01,1.278914094395673828e+01,1.391583766428743729e+01,1.549321307662036951e+01,1.752126718585761367e+01,2.000000000000000000e+01
1.191515357969508138e+01,1.213973264536825525e+01,1.281346984238777154e+01,1.393636517236283190e+01,1.550841863818481592e+01,1.752963024473925913e+01,2.000000000000000000e+01
1.194243124603987916e+01,1.216625259876428267e+01,1.283771665693749853e+01,1.395682342216329452e+01,1.552357289732329626e+01,1.753796508728655112e+01,2.000000000000000000e+01
1.196961687958126141e+01,1.219268307582364308e+01,1.286188166455078807e+01,1.397721264736105695e+01,1.553867602712635154e+01,1.754627180869928793e+01,2.000000000000000000e+01
1.199671079083101866e+01,1.221902437843279543e+01,1.288596514123812220e+01,1.399753308083996117e+01,1.555372820010053303e+01,1.755455050385607407e+01,2.000000000000000000e+01
1.202371328925329941e+01,1.224527680745965696e+01,1.290996736207873319e+01,1.401778495469811325e+01,1.556872958817035801e+01,1.756280126731539326e+01,2.000000000000000000e+01
1.205062468326812741e+01,1.227144066275703693e+01,1.293388860122376371e+01,1.403796850025054255e+01,1.558368036268029755e+01,1.757102419331670973e+01,2.000000000000000000e+01
1.207744528025496145e+01,1.229751624316606851e+01,1.295772913189939324e+01,1.405808394803182537e+01,1.559858069439671091e+01,1.757921937578151628e+01,2.000000000000000000e+01
1.210417538655616276e+01,1.232350384651960873e+01,1.298148922640994662e+01,1.407813152779875310e+01,1.561343075350981024e+01,1.758738690831442497e+01,2.000000000000000000e+01
1.213081530748053183e+01,1.234940376964565623e+01,1.300516915614102587e+01,1.409811146853292030e+01,1.562823070963558614e+01,1.759552688420423650e+01,2.000000000000000000e+01
1.215736534730677931e+01,1.237521630837073339e+01,1.302876919156259561e+01,1.411802399844335376e+01,1.564298073181776871e+01,1.760363939642500242e+01,2.000000000000000000e+01
1.218382580928699888e+01,1.240094175752326500e+01,1.305228960223206691e+01,1.413786934496912728e+01,1.565768098852974077e+01,1.761172453763708390e+01,2.000000000000000000e+01
1.221019699565013106e+01,1.242658041093694798e+01,1.307573065679739521e+01,1.415764773478195160e+01,1.567233164767647580e+01,1.761978240018821396e+01,2.000000000000000000e+01
1.223647920760542185e+01,1.245213256145409986e+01,1.309909262300012855e+01,1.417735939378875720e+01,1.568693287659644575e+01,1.762781307611455617e+01,2.000000000000000000e+01
1.226267274534586171e+01,1.247759850092901601e+01,1.312237576767847891e+01,1.419700454713428783e+01,1.570148484206353245e+01,1.763581665714174207e+01,2.000000000000000000e+01
1.228877790805160863e+01,1.250297852023129863e+01,1.314558035677037040e+01,1.421658341920366553e+01,1.571598771028893538e+01,1.764379323468593697e+01,2.000000000000000000e+01
1.231479499389340937e+01,1.252827290924917492e+01,1.316870665531646800e+01,1.423609623362495213e+01,1.573044164692307056e+01,1.765174289985486311e+01,2.000000000000000000e+01
1.234072430003601539e+01,1.255348195689281354e+01,1.319175492746320977e+01,1.425554321327170015e+01,1.574484681705746070e+01,1.765966574344886197e+01,2.000000000000000000e+01
1.236656612264155264e+01,1.257860595109761981e+01,1.321472543646582132e+01,1.427492458026551247e+01,1.575920338522663045e+01,1.766756185596192097e+01,2.000000000000000000e+01
1.239232075687292500e+01,1.260364517882752544e+01,1.323761844469132853e+01,1.429424055597856835e+01,1.577351151540996099e+01,1.767543132758270374e+01,2.000000000000000000e+01
1.241798849689716810e+01,1.262859992607826420e+01,1.326043421362155073e+01,1.431349136103615116e+01,1.578777137103360140e+01,1.768327424819558402e+01,2.000000000000000000e+01
1.244356963588884035e+01,1.265347047788065105e+01,1.328317300385608490e+01,1.433267721531916550e+01,1.580198311497229113e+01,1.769109070738167944e+01,2.000000000000000000e+01
1.246906446603333762e+01,1.267825711830382396e+01,1.330583507511528296e+01,1.435179833796666848e+01,1.581614690955125369e+01,1.769888079441985695e+01,2.000000000000000000e+01
1.249447327853024170e+01,1.270296013045848760e+01,1.332842068624322351e+01,1.437085494737834424e+01,1.583026291654803686e+01,1.770664459828777026e+01,2.000000000000000000e+01
1.251979636359666337e+01,1.272757979650016402e+01,1.335093009521066598e+01,1.438984726121702273e+01,1.584433129719437083e+01,1.771438220766286520e+01,2.000000000000000000e+01
1.254503401047052336e+01,1.275211639763239013e+01,1.337336355911799046e+01,1.440877549641115252e+01,1.585835221217798896e+01,1.772209371092340646e+01,2.000000000000000000e+01
1.257018650741388832e+01,1.277657021410995242e+01,1.339572133419814293e+01,1.442763986915728047e+01,1.587232582164448225e+01,1.772977919614945819e+01,2.000000000000000000e+01
1.259525414171624824e+01,1.280094152524207551e+01,1.341800367581955733e+01,1.444644059492252275e+01,1.588625228519912724e+01,1.773743875112392843e+01,2.000000000000000000e+01
1.262023719969779556e+01,1.282523060939561432e+01,1.344021083848907416e+01,1.446517788844702501e+01,1.590013176190869437e+01,1.774507246333354615e+01,2.000000000000000000e+01
