6.196182668498913942e-02,3.080906311202269987e-01,1.046477044425940583e+00,2.277121103033151961e+00,4.000022990291258296e+00,6.215183682333845105e+00,8.922608455689655216e+00,1.212232615269882530e+01,1.581449578778170739e+01,2.000000000000000000e+01
1.241446535164390658e-01,3.694884113560461536e-01,1.105519684874867403e+00,2.332238805441226415e+00,4.049647196268701954e+00,6.257751120574668313e+00,8.956577283549362889e+00,1.214623241363950257e+01,1.582708800552212658e+01,2.000000000000000000e+01
1.865158335733510808e-01,4.310745636026345751e-01,1.164750753690485086e+00,2.387545838592007197e+00,4.099465059773162778e+00,6.300527387384490474e+00,8.990796348398525595e+00,1.217045823924759773e+01,1.583994568838594219e+01,2.000000000000000000e+01
2.490453338265482819e-01,4.928194506257217444e-01,1.224141801023242104e+00,2.443016388108037340e+00,4.149455709161154360e+00,6.343497266635324650e+00,9.025241873004771875e+00,1.219492038854315119e+01,1.585296286903275487e+01,2.000000000000000000e+01
3.117057794295852724e-01,5.546961592834248611e-01,1.283667298844943572e+00,2.498627456623603305e+00,4.199598980294382500e+00,6.386638750244105545e+00,9.059874997783948558e+00,1.221955616044684234e+01,1.586608547049008600e+01,2.000000000000000000e+01
3.744724186511521613e-01,6.166803457271069488e-01,1.343304126954971256e+00,2.554357498475640753e+00,4.249873383488367296e+00,6.429925061429361044e+00,9.094657335490493821e+00,1.224431966855562059e+01,1.587928060942836694e+01,2.000000000000000000e+01
4.373228599639826797e-01,6.787498648016576652e-01,1.403030879314682622e+00,2.610185486018067547e+00,4.300256263088550135e+00,6.473328513275292018e+00,9.129554835399092738e+00,1.226917640721752889e+01,1.589252606748443597e+01,2.000000000000000000e+01
5.002366176670477449e-01,7.408842913768961536e-01,1.462827312506441269e+00,2.666090682662695777e+00,4.350724786273602263e+00,6.516822606030295617e+00,9.164538208659214646e+00,1.229409962713613602e+01,1.590580576138094493e+01,2.000000000000000000e+01
5.631946379841158423e-01,8.030644929484621608e-01,1.522674057841501227e+00,2.722052813180551478e+00,4.401256783742405254e+00,6.560382911650616045e+00,9.199582446204201958e+00,1.231906804626552976e+01,1.591910748094046824e+01,2.000000000000000000e+01
6.261789432176866343e-01,8.652723416165893910e-01,1.582552536813297550e+00,2.778052326807833872e+00,4.451831275308732572e+00,6.603987334577809065e+00,9.234666173997615246e+00,1.234406437324554062e+01,1.593242163337599671e+01,2.000000000000000000e+01
6.891724279884291482e-01,9.274905666261411552e-01,1.642444982539277287e+00,2.834070620164312437e+00,4.502428739144235692e+00,6.647616081154105849e+00,9.269771054902561147e+00,1.236907432147032004e+01,1.594574048843897707e+01,2.000000000000000000e+01
7.521587762232763152e-01,9.897027068610864120e-01,1.702334498774516813e+00,2.890090185655447730e+00,4.553031210865837508e+00,6.691251504520273841e+00,9.304881283851306861e+00,1.239408592736293535e+01,1.595905769556089204e+01,2.000000000000000000e+01
8.151224515615232979e-01,1.051893118550489170e+00,1.762205119517386676e+00,2.946094690308319830e+00,4.603622279883597734e+00,6.734877905596331260e+00,9.339983174692097379e+00,1.241908906367724796e+01,1.597236795919680219e+01,2.000000000000000000e+01
8.780487216803134487e-01,1.114047004458466938e+00,1.822041852792927186e+00,3.002069000876935068e+00,4.654187028090467138e+00,6.778481327998392203e+00,9.375064824825164678e+00,1.244407508205114432e+01,1.598566681144931145e+01,2.000000000000000000e+01
9.409236905410609531e-01,1.176150443791432743e+00,1.881830703542548111e+00,3.057999171102865787e+00,4.704711939064937454e+00,6.822049363786462095e+00,9.410115842679578790e+00,1.246903654390743377e+01,1.599895044733673011e+01,2.000000000000000000e+01
1.003734324206857265e+00,1.238190412193464818e+00,1.941558676153287477e+00,3.113872403926249977e+00,4.755184794687915328e+00,6.865570976699163275e+00,9.445127125125699408e+00,1.249396701346555894e+01,1.601221560200572469e+01,2.000000000000000000e+01
1.066468463915243969e+00,1.300154787828741831e+00,2.001213759569235418e+00,3.169676998080633190e+00,4.805594568968136748e+00,6.909036344588150413e+00,9.480090674449465737e+00,1.251886089553794257e+01,1.602545945698402718e+01,2.000000000000000000e+01
1.129114824930352645e+00,1.362032343365050080e+00,2.060784898669142162e+00,3.225402285729492391e+00,4.855931324522726911e+00,6.952436720462144670e+00,9.514999446763944491e+00,1.254371330635602355e+01,1.603867956712979392e+01,2.000000000000000000e+01
1.191662982271620264e+00,1.423812725584090000e+00,2.120261955521498987e+00,3.281038565727954381e+00,4.906186114555243449e+00,6.995764310570631750e+00,9.549847225543938833e+00,1.256851996924945603e+01,1.605187380270779585e+01,2.000000000000000000e+01
1.254103345559627547e+00,1.485486425094968421e+00,2.179635663700990822e+00,3.336577035609879172e+00,4.956350891643017675e+00,7.039012167636014894e+00,9.584628515374225444e+00,1.259327712935982824e+01,1.606504030276727235e+01,2.000000000000000000e+01
1.316427125537435350e+00,1.547044738729855595e+00,2.238897578307116110e+00,3.392009724360806278e+00,5.006418423765580883e+00,7.082174097340350194e+00,9.619338452077823121e+00,1.261798148316123935e+01,1.607817743712672964e+01,2.000000000000000000e+01
1.378626294709939026e+00,1.608479726978685465e+00,2.298040023784924557e+00,3.447329427314280714e+00,5.056382217515174027e+00,7.125244576313462197e+00,9.653972726213474687e+00,1.264263011965837258e+01,1.609128377502415930e+01,2.000000000000000000e+01
1.440693544230389422e+00,1.669784168463307683e+00,2.357056041162062687e+00,3.502529644007867926e+00,5.106236448169843456e+00,7.168218680063924708e+00,9.688527517562331326e+00,1.266722047090686054e+01,1.610435805900501549e+01,2.000000000000000000e+01
1.502622238785962017e+00,1.730951513065558389e+00,2.415939335904347729e+00,3.557604519487777228e+00,5.155975896183558227e+00,7.211092019497931105e+00,9.722999438710266062e+00,1.269175027005710277e+01,1.611739918297959662e+01,2.000000000000000000e+01
1.564406370863235862e+00,1.791975834961245573e+00,2.474684227255275371e+00,3.612548789310888520e+00,5.205595889598860992e+00,7.253860684862765140e+00,9.757385486209244618e+00,1.271621751552977919e+01,1.613040617363737184e+01,2.000000000000000000e+01
1.626040515442446877e+00,1.852851786496023445e+00,2.533285599656752929e+00,3.667357728327687472e+00,5.255092251881944954e+00,7.296521196122579767e+00,9.791682998095545543e+00,1.274062044023374085e+01,1.614337817459211522e+01,2.000000000000000000e+01
1.687519785888339285e+00,1.913574553576093518e+00,2.591738856639356658e+00,3.722027103217005362e+00,5.304461254697465655e+00,7.339070458922366313e+00,9.825889616773414659e+00,1.276495748496479798e+01,1.615631443276919654e+01,2.000000000000000000e+01
1.748839791576155989e+00,1.974139813034745394e+00,2.650039877410513611e+00,3.776553128668147075e+00,5.353699575169569513e+00,7.381505725422142561e+00,9.860003256455009080e+00,1.278922727529799630e+01,1.616921428664952387e+01,2.000000000000000000e+01
1.809996597609381697e+00,2.034543692269254578e+00,2.708184976248872999e+00,3.830932427057205825e+00,5.402804257209496974e+00,7.423824559389746724e+00,9.894022074492131225e+00,1.281342860141979401e+01,1.618207715606319042e+01,2.000000000000000000e+01
1.870986686844711810e+00,2.094782731314690061e+00,2.766170864724625034e+00,3.885161991434399997e+00,5.451772676525283856e+00,7.466024805029848110e+00,9.927944446050531724e+00,1.283756040045112812e+01,1.619490253328600105e+01,2.000000000000000000e+01
1.931806924332515552e+00,2.154853847424836655e+00,2.823994616701800187e+00,3.939239151622798030e+00,5.500602508963254422e+00,7.508104559101453468e+00,9.961768941670182897e+00,1.286162174089414378e+01,1.620768997523900623e+01,2.000000000000000000e+01
1.992454524201268784e+00,2.214754302159451793e+00,2.881653636034001043e+00,3.993161543221772192e+00,5.549291701863339199e+00,7.550062145938674085e+00,9.995494307329449768e+00,1.288561180890026137e+01,1.622043909662774297e+01,2.000000000000000000e+01
2.052927018956486549e+00,2.274481670926161936e+00,2.939145626835187652e+00,4.046927079308277442e+00,5.597838448140180390e+00,7.591896095041992254e+00,1.002911944669162558e+01,1.290952989610891954e+01,1.623314956388690433e+01,2.000000000000000000e+01
2.113222231123721873e+00,2.334033814889877156e+00,2.996468566188343008e+00,4.100533924633238847e+00,5.646241162829420901e+00,7.633605120951346912e+00,1.006264340526157142e+01,1.293337538884768279e+01,1.624582108981917372e+01,2.000000000000000000e+01
2.173338247137463153e+00,2.393408855139196323e+00,3.053620679144396277e+00,4.153980472117795308e+00,5.694498461863601868e+00,7.675188105149604034e+00,1.009606535622059376e+01,1.295714775851791956e+01,1.625845342883544831e+01,2.000000000000000000e+01
2.233273393359976655e+00,2.452605148984841055e+00,3.110600415859434698e+00,4.207265321463406593e+00,5.742609142864675498e+00,7.716644079776555643e+00,1.012938458774104689e+01,1.298084655301746260e+01,1.627104637271850507e+01,2.000000000000000000e+01
2.293026214103925486e+00,2.511621268257524964e+00,3.167406430718323396e+00,4.260387259700431528e+00,5.790572167760719147e+00,7.757972212960517311e+00,1.016260049160973011e+01,1.300447138907377109e+01,1.628359974684439493e+01,2.000000000000000000e+01
2.352595451527951464e+00,2.570455979469980168e+00,3.224037563296066722e+00,4.313345243510842586e+00,5.838386647052907108e+00,7.799171795597576562e+00,1.019571255301223189e+01,1.302802194537954072e+01,1.629611340680548182e+01,2.000000000000000000e+01
2.411980027273816773e+00,2.629108225708768565e+00,3.280492821013623495e+00,4.366138383172070370e+00,5.886051825575520979e+00,7.840242229428388221e+00,1.022872034134965347e+01,1.305149795643771427e+01,1.630858723538745991e+01,2.000000000000000000e+01
2.471179025716030875e+00,2.687577110124943491e+00,3.336771363351681341e+00,4.418765927980121688e+00,5.933567069606877631e+00,7.881183016279496023e+00,1.026162350197552620e+01,1.307489920703554276e+01,1.632102113985911984e+01,2.000000000000000000e+01
2.530191678699199809e+00,2.745861880897779272e+00,3.392872487493518552e+00,4.471227253021003989e+00,5.980931855202707759e+00,7.921993748351032316e+00,1.029442174875452665e+01,1.309822552727781364e+01,1.633341504953943257e+01,2.000000000000000000e+01
2.589017351643994491e+00,2.803961917552043381e+00,3.448795615276189164e+00,4.523521847169847732e+00,6.028145757635752666e+00,7.962674099445570697e+00,1.032711485735642931e+01,1.312147678811838425e+01,1.634576891361102469e+01,2.000000000000000000e+01
2.647655530909114763e+00,2.861876718516202622e+00,3.504540281337466645e+00,4.575649302207011715e+00,6.075208441836535300e+00,8.003223817044256450e+00,1.035970265920890832e+01,1.314465289733655950e+01,1.635808269915327884e+01,2.000000000000000000e+01
2.706105812303524871e+00,2.919605889816185407e+00,3.560106122354167013e+00,4.627609302949700520e+00,6.122119653740219825e+00,8.043642715146294364e+00,1.039218503604151422e+01,1.316775379591146056e+01,1.637035638937131665e+01,2.000000000000000000e+01
2.764367890650370807e+00,2.977149134806627462e+00,3.615492867275398314e+00,4.679401618306318511e+00,6.168879212453609817e+00,8.083930667796630942e+00,1.042456191496073359e+01,1.319077945475286207e+01,1.638258998200036132e+01,2.000000000000000000e+01
2.822441550311008296e+00,3.034506244848729217e+00,3.670700328461892425e+00,4.731026093168791746e+00,6.215487003164454016e+00,8.124087603234441346e+00,1.045683326400269664e+01,1.321372987175192826e+01,1.639478348786704487e+01,2.000000000000000000e+01
2.880326656584509593e+00,3.091677090850838638e+00,3.725728393649825776e+00,4.782482641065586293e+00,6.261942970722701673e+00,8.164113498601912156e+00,1.048899908811580062e+01,1.323660506911920720e+01,1.640693692959159122e+01,2.000000000000000000e+01
2.938023147904625265e+00,3.148661615594549712e+00,3.780577018664321720e+00,4.833771237504982388e+00,6.308247113829998476e+00,8.204008375158940325e+00,1.052105942553063223e+01,1.325940509098100684e+01,1.641905034041649358e+01,2.000000000000000000e+01
2.995531028762508097e+00,3.205459826775431953e+00,3.835246220814204854e+00,4.884891913944511721e+00,6.354399479779767823e+00,8.243772293954787500e+00,1.055301434447902764e+01,1.328213000120826770e+01,1.643112376314893552e+01,2.000000000000000000e+01
3.052850363289437485e+00,3.262071790693452211e+00,3.889736072905495945e+00,4.935844752328255147e+00,6.400400159695754709e+00,8.283405351912636050e+00,1.058486394022806998e+01,1.330477988145489476e+01,1.644315724920556576e+01,2.000000000000000000e+01
3.109981269439399565e+00,3.318497626533706057e+00,3.944046697816625535e+00,4.986629880138994331e+00,6.446249284221756248e+00,8.322907678287318589e+00,1.061660833239827362e+01,1.332735482938486982e+01,1.645515085774947295e+01,2.000000000000000000e+01
3.166923913716505723e+00,3.374737501183223465e+00,3.998178263583375802e+00,5.037247465917077172e+00,6.491947019619851211e+00,8.362279431460430956e+00,1.064824766253838639e+01,1.334985495706965786e+01,1.646710465491026554e+01,2.000000000000000000e+01
3.223678506397090526e+00,3.430791624534384798e+00,4.052130978946268058e+00,5.087697715202289750e+00,6.537493564238430643e+00,8.401520796040484740e+00,1.067978209193195305e+01,1.337228038953925591e+01,1.647901871307910682e+01,2.000000000000000000e+01
3.280245297200759413e+00,3.486660245229905808e+00,4.105905089317343659e+00,5.137980866859046536e+00,6.582889145315006907e+00,8.440631980238951115e+00,1.071121179961330405e+01,1.339463126347199129e+01,1.649089311027133675e+01,2.000000000000000000e+01
3.336624571368736358e+00,3.542343646808350677e+00,4.159500873127192300e+00,5.188097189748902771e+00,6.628134016082122493e+00,8.479613213495854396e+00,1.074253698057276729e+01,1.341690772600959569e+01,1.650272792955021472e+01,2.000000000000000000e+01
3.392816646111622703e+00,3.597842144212898496e+00,4.212918638516726766e+00,5.238046979717739582e+00,6.673228453147644679e+00,8.518464744331106786e+00,1.077375784413301751e+01,1.343910993368550422e+01,1.651452325850575065e+01,2.000000000000000000e+01
3.448821867392128926e+00,3.653156080629440972e+00,4.266158720341377553e+00,5.287830556868005516e+00,6.718172754123490797e+00,8.557186838400108186e+00,1.080487461248008074e+01,1.346123805145544061e+01,1.652627918878339131e+01,2.000000000000000000e+01
3.504640607011470621e+00,3.708285824623213323e+00,4.319221477458442315e+00,5.337448263089179967e+00,6.762967235479264261e+00,8.595779776734131516e+00,1.083588751933426408e+01,1.348329225182051339e+01,1.653799581565769472e+01,2.000000000000000000e+01
3.560273259971005189e+00,3.763231767545998974e+00,4.372107290270981217e+00,5.386900459822107301e+00,6.807612230599506375e+00,8.634243854147957364e+00,1.086679680874762077e+01,1.350527271403388418e+01,1.654967323764673282e+01,2.000000000000000000e+01
3.615720242083304559e+00,3.817994321188517670e+00,4.424816558504157449e+00,5.436187526035181072e+00,6.852108088025300248e+00,8.672579377798861344e+00,1.089760273401589785e+01,1.352717962338311786e+01,1.656131155616327177e+01,2.000000000000000000e+01
3.670981987809253777e+00,3.872573915654977661e+00,4.477349699192150645e+00,5.485309856392353467e+00,6.896455169862784729e+00,8.710786665882563895e+00,1.092830555669403836e+01,1.354901317054088317e+01,1.657291087519923423e+01,2.000000000000000000e+01
3.726058948299924456e+00,3.926970997438893107e+00,4.529707144855797729e+00,5.534267859594901751e+00,6.940653850342762610e+00,8.748866046453146694e+00,1.095890554570540054e+01,1.357077355097754179e+01,1.658447130104026002e+01,2.000000000000000000e+01
3.780951589623971376e+00,3.981186027681235640e+00,4.581889341853027986e+00,5.583061956880525756e+00,6.984704514517124707e+00,8.786817856355204626e+00,1.098940297653577680e+01,1.359246096442972096e+01,1.659599294200748787e+01,2.000000000000000000e+01
3.835660391163069338e+00,4.035219480593741359e+00,4.633896748885756978e+00,5.631692580664932279e+00,7.028607557079141976e+00,8.824642440257530751e+00,1.101979813050414236e+01,1.361407561441952474e+01,1.660747590822398578e+01,2.000000000000000000e+01
3.890185844159577133e+00,4.089071842031811954e+00,4.685729835648515085e+00,5.680160173312430949e+00,7.072363381295876827e+00,8.862340149778770382e+00,1.105009129410287194e+01,1.363561770781958060e+01,1.661892031140341786e+01,2.000000000000000000e+01
3.944528450402069453e+00,4.142743608202903438e+00,4.737389081605405394e+00,5.728465186023363742e+00,7.115972398042142544e+00,8.899911342696274374e+00,1.108028275840080035e+01,1.365708745445957106e+01,1.663032626465895092e+01,2.000000000000000000e+01
3.998688721035717375e+00,4.196235284497616291e+00,4.788874974883313484e+00,5.776608077827321885e+00,7.159435024926369628e+00,8.937356382230305485e+00,1.111037281850317271e+01,1.367848506677027487e+01,1.664169388233035818e+01,2.000000000000000000e+01
4.052667175485765050e+00,4.249547384431910046e+00,4.840188011270346813e+00,5.824589314672149243e+00,7.202751685499693579e+00,8.974675636396437284e+00,1.114036177306310371e+01,1.369981075946161297e+01,1.665302327982763586e+01,2.000000000000000000e+01
4.106464340483407582e+00,4.302680428689953374e+00,4.891328693309590747e+00,5.872409368599681656e+00,7.245922808540398385e+00,9.011869477419697461e+00,1.117024992383964488e+01,1.372106474923140240e+01,1.666431457348960521e+01,2.000000000000000000e+01
4.160080749184402293e+00,4.355634944258094166e+00,4.942297529479170670e+00,5.920068717000008363e+00,7.288948827406561470e+00,9.048938281204589984e+00,1.120003757529805277e+01,1.374224725450199003e+01,1.667556788045601124e+01,2.000000000000000000e+01
4.213516940371643926e+00,4.408411463641348504e+00,4.993095033450462239e+00,5.967567841936850748e+00,7.331830179450464335e+00,9.085882426855722116e+00,1.122972503424823287e+01,1.376335849518203780e+01,1.668678331855187125e+01,2.000000000000000000e+01
4.266773457733793684e+00,4.461010524154607637e+00,5.043721723417049496e+00,6.014907229537304723e+00,7.374567305488923807e+00,9.122702296244234788e+00,1.125931260951778157e+01,1.378439869245111637e+01,1.669796100618292911e+01,2.000000000000000000e+01
4.319850849212754973e+00,4.513432667281505495e+00,5.094178121487757060e+00,6.062087369439886686e+00,7.417160649324229915e+00,9.159398273615714459e+00,1.128880061165632043e+01,1.380536806856497023e+01,1.670910106224110692e+01,2.000000000000000000e+01
4.372749666413485947e+00,4.565678438094541214e+00,5.144464753137706126e+00,6.109108754295346166e+00,7.459610657310935089e+00,9.195970745235616306e+00,1.131818935266816517e+01,1.382626684667942207e+01,1.672020360601906219e+01,2.000000000000000000e+01
4.425470464070270893e+00,4.617748384730669287e+00,5.194582146711864468e+00,6.155971879315268680e+00,7.501917777964122180e+00,9.232420099068711750e+00,1.134747914577063810e+01,1.384709525069123970e+01,1.673126875713296613e+01,2.000000000000000000e+01
4.478013799564100061e+00,4.669643057917121531e+00,5.244530832976184165e+00,6.202677241863928437e+00,7.544082461605246870e+00,9.268746724489263400e+00,1.137667030517562061e+01,1.386785350509427417e+01,1.674229663545272473e+01,2.000000000000000000e+01
4.530380232486316494e+00,4.721363010542680705e+00,5.294311344711774225e+00,6.249225341089323926e+00,7.586105160041989315e+00,9.304951012019099466e+00,1.140576314589210405e+01,1.388854183484949090e+01,1.675328736103890748e+01,2.000000000000000000e+01
4.582570324244172433e+00,4.772908797270144277e+00,5.343924216348060696e+00,6.295616677589661592e+00,7.627986326278893614e+00,9.341033353090866242e+00,1.143475798354779371e+01,1.390916046526752048e+01,1.676424105408581866e+01,2.000000000000000000e+01
4.634584637704318943e+00,4.824280974186053506e+00,5.393369983631256304e+00,6.341851753111957812e+00,7.669726414255892522e+00,9.376994139834142317e+00,1.146365513422792048e+01,1.392970962190260131e+01,1.677515783487005407e+01,2.000000000000000000e+01
4.686423736870636070e+00,4.875480098484166191e+00,5.442649183324757445e+00,6.387931070279688761e+00,7.711325878612057316e+00,9.412833764882202914e+00,1.149245491432966837e+01,1.395018953045676824e+01,1.678603782370407771e+01,2.000000000000000000e+01
4.738088186593164330e+00,4.926506728179496974e+00,5.491762352938494018e+00,6.433855132346780081e+00,7.752785174472212049e+00,9.448552621197492840e+00,1.152115764043070634e+01,1.397060041669338837e+01,1.679688114089431750e+01,2.000000000000000000e+01
4.789578552305186143e+00,4.977361421850004852e+00,5.540710030484462756e+00,6.479624442975397969e+00,7.794104757254215698e+00,9.484151101914056525e+00,1.154976362917051524e+01,1.399094250635909731e+01,1.680768790670332535e+01,2.000000000000000000e+01
4.840895399785789088e+00,5.028044738403334435e+00,5.589492754255970475e+00,6.525239506035328318e+00,7.835285082494980458e+00,9.519629600195294472e+00,1.157827319714327707e+01,1.401121602511337194e+01,1.681845824131571732e+01,2.000000000000000000e+01
4.892039294945518257e+00,5.078557236866227065e+00,5.638111062628354375e+00,6.570700825422862934e+00,7.876326605693452443e+00,9.554988509105587724e+00,1.160668666080123579e+01,1.403142119846501856e+01,1.682919226480737507e+01,2.000000000000000000e+01
4.943010803632909678e+00,5.128899476194463070e+00,5.686565493879121469e+00,6.616008904897384468e+00,7.917229782168911711e+00,9.590228221494516703e+00,1.163500433636756348e+01,1.405155825171490136e+01,1.683989009711777740e+01,2.000000000000000000e+01
4.993810491459934831e+00,5.179072015101376714e+00,5.734856586025701475e+00,6.661164247933935023e+00,7.957995066933197137e+00,9.625349129892439848e+00,1.166322653975777612e+01,1.407162740990434102e+01,1.685055185802499977e+01,2.000000000000000000e+01
5.044438923644563033e+00,5.229075411903201243e+00,5.782984876679114983e+00,6.706167357590283373e+00,7.998622914575493681e+00,9.660351626416368021e+00,1.169135358650895640e+01,1.409162889776860617e+01,1.686117766712327537e+01,2.000000000000000000e+01
5.094896664868847402e+00,5.278910224379650629e+00,5.830950902912061196e+00,6.751018736387110586e+00,8.039113779158503448e+00,9.695236102685187873e+00,1.171938579171597894e+01,1.411156293969509967e+01,1.687176764380276239e+01,2.000000000000000000e+01
5.145184279151004070e+00,5.328577009648270746e+00,5.878755201140070774e+00,6.795718886200059927e+00,8.079468114124937372e+00,9.730002949743292717e+00,1.174732346997413934e+01,1.413142975968568926e+01,1.688232190723135773e+01,2.000000000000000000e+01
5.195302329730226099e+00,5.378076324051284551e+00,5.926398307014459022e+00,6.840268308162531952e+00,8.119686372213323011e+00,9.764652557991876591e+00,1.177516693532750658e+01,1.415122958132286080e+01,1.689284057633837577e+01,2.000000000000000000e+01
5.245251378962984212e+00,5.427408723053736672e+00,5.973880755325994052e+00,6.884667502578224685e+00,8.159769005382262463e+00,9.799185317127131256e+00,1.180291650122253522e+01,1.417096262773931947e+01,1.690332376979988993e+01,2.000000000000000000e+01
5.295031988229727204e+00,5.476574761151852933e+00,6.021203079918230117e+00,6.928916968842464996e+00,8.199716464742346389e+00,9.833601616084719055e+00,1.183057248046636190e+01,1.419062912159068190e+01,1.691377160602557694e+01,2.000000000000000000e+01
5.344644717851021909e+00,5.525574991790671575e+00,6.068365813609619686e+00,6.973017205371520255e+00,8.239529200494979833e+00,9.867901842989885708e+00,1.185813518518940057e+01,1.421022928503099614e+01,1.692418420314693606e+01,2.000000000000000000e+01
5.394090127012208136e+00,5.574409967290044676e+00,6.115369488123554298e+00,7.016968709539121107e+00,8.279207661877466151e+00,9.902086385112735201e+00,1.188560492681180847e+01,1.422976333969083385e+01,1.693456167900674458e+01,2.000000000000000000e+01
5.443368773695780760e+00,5.623080238778231710e+00,6.162214634025586335e+00,7.060771977619523021e+00,8.318752297113777061e+00,9.936155628828121422e+00,1.191298201601344253e+01,1.424923150665764915e+01,1.694490415114967163e+01,2.000000000000000000e+01
5.492481214620756447e+00,5.671586356132355178e+00,6.208901780667152259e+00,7.104427504736472443e+00,8.358163553370440368e+00,9.970109959579749770e+00,1.194026676270698495e+01,1.426863400645826196e+01,1.695521173681381555e+01,2.000000000000000000e+01
5.541428005188365091e+00,5.719928867925069049e+00,6.255431456135180035e+00,7.147935784817524230e+00,8.397441876717079978e+00,1.000394976184809082e+01,1.196745947601396054e+01,1.428797105904321185e+01,1.696548455292327873e+01,2.000000000000000000e+01
5.590209699433470014e+00,5.768108321376858250e+00,6.301804187207022068e+00,7.191297310553206756e+00,8.436587712091162317e+00,1.003767541912171346e+01,1.199456046424330857e+01,1.430724288377284203e+01,1.697572271608148142e+01,2.000000000000000000e+01
5.638826849981157352e+00,5.816125262313418531e+00,6.348020499310202069e+00,7.234512573360575516e+00,8.475601503266529946e+00,1.007128731387176757e+01,1.202157003487235265e+01,1.432644969940491642e+01,1.698592634256526779e+01,2.000000000000000000e+01
5.687280008008028354e+00,5.863980235127653984e+00,6.394080916486528210e+00,7.277582063350707564e+00,8.514483692825411509e+00,1.010478582752924481e+01,1.204848849452986492e+01,1.434559172408363459e+01,1.699609554831967628e+01,2.000000000000000000e+01
5.735569723207723847e+00,5.911673782745832995e+00,6.439985961360160438e+00,7.320506269299820623e+00,8.553234722133511880e+00,1.013817134046482415e+01,1.207531614898105232e+01,1.436466917532992937e+01,1.700623044895335312e+01,2.000000000000000000e+01
5.783696543760299846e+00,5.959206446597532292e+00,6.485736155109230516e+00,7.363285678623611830e+00,8.591855031317942704e+00,1.017144423197099989e+01,1.210205330311430671e+01,1.438368227003289945e+01,1.701633115973448795e+01,2.000000000000000000e+01
5.831661016305058176e+00,6.006578766588971163e+00,6.531332017440711013e+00,7.405920777354556783e+00,8.630345059247698458e+00,1.020460488024632362e+01,1.212870026092952003e+01,1.440263122444229005e+01,1.702639779558726829e+01,2.000000000000000000e+01
5.879463685916548776e+00,6.053791281079463182e+00,6.576774066568206401e+00,7.448412050121849148e+00,8.668705243516443559e+00,1.023765366238150953e+01,1.215525732552780624e+01,1.442151625416190974e+01,1.703643047108880637e+01,2.000000000000000000e+01
5.927105096083390201e+00,6.100844526860637274e+00,6.622062819192380267e+00,7.490759980133763207e+00,8.706936020427383127e+00,1.027059095434727176e+01,1.218172479910254147e+01,1.444033757414388930e+01,1.704642930046645688e+01,2.000000000000000000e+01
5.974585788689677379e+00,6.147739039138204298e+00,6.667198790483783277e+00,7.532965049162176463e+00,8.745037824980022023e+00,1.030341713098368217e+01,1.220810298293154972e+01,1.445909539868370963e+01,1.705639439759550413e+01,2.000000000000000000e+01
6.021906303998716403e+00,6.194475351516000927e+00,6.712182494067851835e+00,7.575027737529080873e+00,8.783011090858643399e+00,1.033613256599096175e+01,1.223439217737035634e+01,1.447778994141593500e+01,1.706632587599721163e+01,2.000000000000000000e+01
6.069067180638864301e+00,6.241053995982111857e+00,6.757014442011853639e+00,7.616948524094856232e+00,8.820856250422316691e+00,1.036873763192150122e+01,1.226059268184638462e+01,1.449642141531056971e+01,1.707622384883715583e+01,2.000000000000000000e+01
6.116068955591270395e+00,6.287475502896856305e+00,6.801695144813614924e+00,7.658727886248168915e+00,8.858573734696324919e+00,1.040123270017305934e+01,1.228670479485401579e+01,1.451499003266997789e+01,1.708608842892382995e+01,2.000000000000000000e+01
6.162912164179346064e+00,6.333740400982470042e+00,6.846225111391843754e+00,7.700366299897319244e+00,8.896163973364828337e+00,1.043361814098295781e+01,1.231272881395044472e+01,1.453349600512631667e+01,1.709591972870752130e+01,2.000000000000000000e+01
6.209597340059784365e+00,6.379849217314315091e+00,6.890604849077905492e+00,7.741864239462906916e+00,8.933627394764698693e+00,1.046589432342325310e+01,1.233866503575222140e+01,1.455193954363944009e+01,1.710571786027941243e+01,2.000000000000000000e+01
6.256125015215000751e+00,6.425802477313476757e+00,6.934834863608904776e+00,7.783222177871690128e+00,8.970964425880369575e+00,1.049806161539670946e+01,1.236451375593243007e+01,1.457032085849522751e+01,1.711548293537083509e+01,2.000000000000000000e+01
6.302495719946827002e+00,6.471600704740610333e+00,6.978915659121959436e+00,7.824440586551520305e+00,9.008175492339622892e+00,1.053012038363357838e+01,1.239027526921846523e+01,1.458864015930427094e+01,1.712521506535278704e+01,2.000000000000000000e+01
6.348709982871384661e+00,6.517244421690921996e+00,7.022847738149532226e+00,7.865519935427252030e+00,9.045261018410224452e+00,1.056207099368904956e+01,1.241594986939030321e+01,1.460689765500091752e+01,1.713491436123556255e+01,2.000000000000000000e+01
6.394768330914971877e+00,6.562734148590164907e+00,7.066631601615743996e+00,7.906460692917522515e+00,9.082221426997330482e+00,1.059391380994130927e+01,1.244153784927925521e+01,1.462509355384263898e+01,1.714458093366852864e+01,2.000000000000000000e+01
6.440671289310898828e+00,6.608070404191561664e+00,7.110267748833548396e+00,7.947263325932342859e+00,9.119057139641556731e+00,1.062564919559019749e+01,1.246703950076716083e+01,1.464322806340963901e+01,1.715421489294008239e+01,2.000000000000000000e+01
6.486419381597190892e+00,6.653253705573569654e+00,7.153756677502706829e+00,7.987928299871394522e+00,9.155768576517701263e+00,1.065727751265634637e+01,1.249245511478592263e+01,1.466130139060475024e+01,1.716381634897767938e+01,2.000000000000000000e+01
6.532013129615020119e+00,6.698284568138383577e+00,7.197098883708473949e+00,8.028456078622971503e+00,9.192356156434001946e+00,1.068879912198079118e+01,1.251778498131742978e+01,1.467931374165354441e+01,1.717338541134799712e+01,2.000000000000000000e+01
6.577453053507869463e+00,6.743163505611128983e+00,7.240294861920908431e+00,8.068847124563518491e+00,9.228820296831925063e+00,1.072021438322498632e+01,1.254302938939377832e+01,1.469726532210464143e+01,1.718292218925721926e+01,2.000000000000000000e+01
6.622739671721293853e+00,6.787891030039671314e+00,7.283345104994805475e+00,8.109101898557691257e+00,9.265161413786392686e+00,1.075152365487121564e+01,1.256818862709775964e+01,1.471515633683022095e+01,1.719242679155134468e+01,2.000000000000000000e+01
6.667873501003263925e+00,6.832467651794976504e+00,7.326250104170113353e+00,8.149220859958891339e+00,9.301379922006445256e+00,1.078272729422330833e+01,1.259326298156362256e+01,1.473298699002668322e+01,1.720189932671664934e+01,2.000000000000000000e+01
6.712855056405008902e+00,6.876893879571967183e+00,7.369010349072842025e+00,8.189204466610236821e+00,9.337476234836241673e+00,1.081382565740769586e+01,1.261825273897806454e+01,1.475075748521546792e+01,1.721133990288019078e+01,2.000000000000000000e+01
6.757684851282319549e+00,6.921170220390839845e+00,7.411626327716402507e+00,8.229053174845919472e+00,9.373450764256435974e+00,1.084481909937470689e+01,1.264315818458140939e+01,1.476846802524401170e+01,1.722074862781034810e+01,2.000000000000000000e+01
6.802363397297259695e+00,6.965297179598773702e+00,7.454098526503315725e+00,8.268767439492897608e+00,9.409303920885827566e+00,1.087570797390015009e+01,1.266797960266899103e+01,1.478611881228682279e+01,1.723012560891748279e+01,2.000000000000000000e+01
6.846891204420270327e+00,7.009275260872023239e+00,7.496427430227282862e+00,8.308347713872928253e+00,9.445036113983293902e+00,1.090649263358707444e+01,1.269271727659269722e+01,1.480371004784666766e+01,1.723947095325460666e+01,2.000000000000000000e+01
6.891268780932587212e+00,7.053104966218329608e+00,7.538613522075555906e+00,8.347794449804863959e+00,9.480647751449973626e+00,1.093717342986776053e+01,1.271737148876265522e+01,1.482124193275585711e+01,1.724878476751809941e+01,2.000000000000000000e+01
6.935496633428975599e+00,7.096786795979631357e+00,7.580657283631598631e+00,8.387108097607203661e+00,9.516139239831668206e+00,1.096775071300589666e+01,1.274194252064906507e+01,1.483871466717761223e+01,1.725806715804849389e+01,2.000000000000000000e+01
6.979575266820719825e+00,7.140321248835038048e+00,7.622559194877992716e+00,8.426289106100895765e+00,9.551510984321417652e+00,1.099822483209887736e+01,1.276643065278416067e+01,1.485612845060752285e+01,1.726731823083129314e+01,2.000000000000000000e+01
7.023505184338877605e+00,7.183708821804051681e+00,7.664319734199574796e+00,8.465337922612311772e+00,9.586763388762305382e+00,1.102859613508030101e+01,1.279083616476425433e+01,1.487348348187507341e+01,1.727653809149778752e+01,2.000000000000000000e+01
7.067286887537743034e+00,7.226950010250002165e+00,7.705939378386779559e+00,8.504254992976434835e+00,9.621896855650376779e+00,1.105886496872254909e+01,1.281515933525189510e+01,1.489077995914522390e+01,1.728572684532595005e+01,2.000000000000000000e+01
7.110920876298510329e+00,7.270045307883670205e+00,7.747418602639150720e+00,8.543040761540199313e+00,9.656911786137715836e+00,1.108903167863951111e+01,1.283940044197812824e+01,1.490801807992006012e+01,1.729488459724133520e+01,2.000000000000000000e+01
7.154407648833100097e+00,7.312995206767086032e+00,7.788757880569044723e+00,8.581695671165977757e+00,9.691808580035653264e+00,1.111909660928941257e+01,1.286355976174479387e+01,1.492519804104049008e+01,1.730401145181799549e+01,2.000000000000000000e+01
7.197747701688168576e+00,7.355800197317487132e+00,7.829957684205443691e+00,8.620220163235213562e+00,9.726587635818098931e+00,1.114906010397772107e+01,1.288763757042694102e+01,1.494232003868797420e+01,1.731310751327944075e+01,2.000000000000000000e+01
7.240941529749239436e+00,7.398460768311413638e+00,7.871018483997937132e+00,8.658614677652156644e+00,9.761249350624950694e+00,1.117892250486013772e+01,1.291163414297526657e+01,1.495938426838631763e+01,1.732217288549960088e+01,2.000000000000000000e+01
7.283989626244964377e+00,7.440977406888920953e+00,7.911940748820791569e+00,8.696879652847718134e+00,9.795794120265622240e+00,1.120868415294569154e+01,1.293554975341863766e+01,1.497639092500348923e+01,1.733120767200380641e+01,2.000000000000000000e+01
7.326892482751499180e+00,7.483350598557909628e+00,7.952724945977140969e+00,8.735015525783406787e+00,9.830222339222627781e+00,1.123834538809985872e+01,1.295938467486664081e+01,1.499334020275346369e+01,1.734021197596980102e+01,2.000000000000000000e+01
7.369650589196985457e+00,7.525580827198554701e+00,7.993371541203262431e+00,8.773022731955366638e+00,9.864534400655264434e+00,1.126790654904776368e+01,1.298313917951218599e+01,1.501023229519810265e+01,1.734918590022872920e+01,2.000000000000000000e+01
7.412264433866106117e+00,7.567668575067814984e+00,8.033880998672941587e+00,8.810901705398464401e+00,9.898730696403335472e+00,1.129736797337743326e+01,1.300681353863415701e+01,1.502706739524905188e+01,1.735812954726618784e+01,2.000000000000000000e+01
7.454734503404743862e+00,7.609614322804031161e+00,8.074253781001891284e+00,8.848652878690471013e+00,9.932811616990941062e+00,1.132672999754308485e+01,1.303040802260007247e+01,1.504384569516966863e+01,1.736704301922325300e+01,2.000000000000000000e+01
7.497061282824671657e+00,7.651418549431570959e+00,8.114490349252267976e+00,8.886276682956276929e+00,9.966777551630325860e+00,1.135599295686846233e+01,1.305392290086879825e+01,1.506056738657697558e+01,1.737592641789750658e+01,2.000000000000000000e+01
7.539245255508348009e+00,7.693081732365565806e+00,8.154591162937217419e+00,8.923773547872176692e+00,1.000062888822574969e+01,1.138515718555020761e+01,1.307735844199327424e+01,1.507723266044360066e+01,1.738477984474411642e+01,2.000000000000000000e+01
7.581286903213737993e+00,7.734604347416671466e+00,8.194556680025470996e+00,8.961143901670183709e+00,1.003436601337741507e+01,1.141422301666125350e+01,1.310071491362326945e+01,1.509384170709976480e+01,1.739360340087687007e+01,2.000000000000000000e+01
7.623186706079185804e+00,7.775986868795890850e+00,8.234387356946006875e+00,8.998388171142392977e+00,1.006798931238543027e+01,1.144319078215426977e+01,1.312399258250815848e+01,1.511039471623525898e+01,1.740239718706924776e+01,2.000000000000000000e+01
7.664945142628329044e+00,7.817229769119428795e+00,8.274083648592727158e+00,9.035506781645377572e+00,1.010149916925378122e+01,1.147206081286508450e+01,1.314719171449969792e+01,1.512689187690145687e+01,1.741116130375549886e+01,2.000000000000000000e+01
7.706562689775061870e+00,7.858333519413591262e+00,8.313646008329177661e+00,9.072500157104608220e+00,1.013489596669434256e+01,1.150083343851617990e+01,1.317031257455484550e+01,1.514333337751329189e+01,1.741989585103169702e+01,2.000000000000000000e+01
7.748039822828505230e+00,7.899298589119700509e+00,8.353074887993289011e+00,9.109368720018910182e+00,1.016818008613090818e+01,1.152950898772016863e+01,1.319335542673856132e+01,1.515971940585130362e+01,1.742860092865683086e+01,2.000000000000000000e+01
7.789377015498015311e+00,7.940125446099048467e+00,8.392370737902147937e+00,9.146112891464914796e+00,1.020135190770324485e+01,1.155808778798328085e+01,1.321632053422664299e+01,1.517605014906362904e+01,1.743727663605387335e+01,2.000000000000000000e+01
7.830574739898213288e+00,7.980814556637857216e+00,8.431534006856789887e+00,9.182733091101564327e+00,1.023441181027114055e+01,1.158657016570889731e+01,1.323920815930854822e+01,1.519232579366804359e+01,1.744592307231086181e+01,2.000000000000000000e+01
7.871633466554043501e+00,8.021366385452282088e+00,8.470565142146998738e+00,9.219229737174599038e+00,1.026736017141847945e+01,1.161495644620105594e+01,1.326201856339024054e+01,1.520854652555397557e+01,1.745454033618199219e+01,2.000000000000000000e+01
7.912553664405820086e+00,8.061781395693394359e+00,8.509464589556118952e+00,9.255603246521079797e+00,1.030019736745734171e+01,1.164324695366797968e+01,1.328475200699703329e+01,1.522471252998454538e+01,1.746312852608868127e+01,2.000000000000000000e+01
7.953335800814298473e+00,8.102060048952198557e+00,8.548232793365897919e+00,9.291854034573905352e+00,1.033292377343207491e+01,1.167144201122561320e+01,1.330740874977643529e+01,1.524082399159859236e+01,1.747168774012067161e+01,2.000000000000000000e+01
7.993980341565770864e+00,8.142202805264656007e+00,8.586870196361312324e+00,9.327982515366338490e+00,1.036553976312339564e+01,1.169954194090116140e+01,1.332998905050099836e+01,1.525688109441271223e+01,1.748021807603708666e+01,2.000000000000000000e+01
8.034487750877147505e+00,8.182210123116712808e+00,8.625377239835410492e+00,9.363989101536541071e+00,1.039804570905249115e+01,1.172754706363661903e+01,1.335249316707117195e+01,1.527288402182327154e+01,1.748871963126754281e+01,2.000000000000000000e+01
8.074858491401046834e+00,8.222082459449325142e+00,8.663754363594161845e+00,9.399874204332105521e+00,1.043044198248511734e+01,1.175545769929231810e+01,1.337492135651814529e+01,1.528883295660846287e+01,1.749719250291321515e+01,2.000000000000000000e+01
8.115093024230889185e+00,8.261820269663489924e+00,8.702002005961292141e+00,9.435638233614598747e+00,1.046272895343569509e+01,1.178327416665046457e+01,1.339727387500670197e+01,1.530472808093032278e+01,1.750563678774792464e+01,2.000000000000000000e+01
8.155191808905994932e+00,8.301424007625282542e+00,8.740120603783145370e+00,9.471281597864091850e+00,1.049490699067141541e+01,1.181099678341867332e+01,1.341955097783807815e+01,1.532056957633676397e+01,1.751405258221920747e+01,2.000000000000000000e+01
8.195155303416674641e+00,8.340894125670883952e+00,8.778110592433515436e+00,9.506804704183695165e+00,1.052697646171634460e+01,1.183862586623350310e+01,1.344175291945278516e+01,1.533635762376360390e+01,1.752243998244941281e+01,2.000000000000000000e+01
8.234983964209314777e+00,8.380231074611609543e+00,8.815972405818490287e+00,9.542207958304080861e+00,1.055893773285549564e+01,1.186616173066399682e+01,1.346387995343346766e+01,1.535209240353658089e+01,1.753079908423677225e+01,2.000000000000000000e+01
8.274678246191472297e+00,8.419435303738929122e+00,8.853706476381297819e+00,9.577491764588028644e+00,1.059079116913894048e+01,1.189360469121519159e+01,1.348593233250773871e+01,1.536777409537338279e+01,1.753912998305645488e+01,2.000000000000000000e+01
8.314238602736949701e+00,8.458507260829492225e+00,8.891313235107121571e+00,9.612656526034925264e+00,1.062253713438587965e+01,1.192095506133166261e+01,1.350791030855101660e+01,1.538340287838567022e+01,1.754743277406167934e+01,2.000000000000000000e+01
8.353665485690868309e+00,8.497447392150137446e+00,8.928793111527943083e+00,9.647702644285287121e+00,1.065417599118873504e+01,1.194821315340102430e+01,1.352981413258934396e+01,1.539897893108107674e+01,1.755570755208476186e+01,2.000000000000000000e+01
8.392959345374736202e+00,8.536256142462889329e+00,8.966146533727346934e+00,9.682630519625273990e+00,1.068570810091720702e+01,1.197537927875744579e+01,1.355164405480222456e+01,1.541450243136523035e+01,1.756395441163818560e+01,2.000000000000000000e+01
8.432120630591505517e+00,8.574933955029962362e+00,9.003373928345332899e+00,9.717440550991174320e+00,1.071713382372234591e+01,1.200245374768515383e+01,1.357340032452542822e+01,1.542997355654375902e+01,1.757217344691565941e+01,2.000000000000000000e+01
8.471149788630613742e+00,8.613481271618741886e+00,9.040475720583122765e+00,9.752133135973913625e+00,1.074845351854060382e+01,1.202943686942193935e+01,1.359508319025381340e+01,1.544539248332428372e+01,1.758036475179321556e+01,2.000000000000000000e+01
8.510047265273037453e+00,8.651898532506763217e+00,9.077452334207942286e+00,9.786708670823520251e+00,1.077966754309790076e+01,1.205632895216263023e+01,1.361669289964413743e+01,1.546075938781842574e+01,1.758852841983024007e+01,2.000000000000000000e+01
8.548813504796301643e+00,8.690186176486680125e+00,9.114304191557812018e+00,9.821167550453601791e+00,1.081077625391362851e+01,1.208313030306259250e+01,1.363822969951784891e+01,1.547607444554379441e+01,1.759666454427053850e+01,2.000000000000000000e+01
8.587448949979515689e+00,8.728344640871211979e+00,9.151031713546302626e+00,9.855510168445809072e+00,1.084178000630471850e+01,1.210984122824118714e+01,1.365969383586387131e+01,1.549133783142598020e+01,1.760477321804339823e+01,2.000000000000000000e+01
8.625954042108359587e+00,8.766374361498098011e+00,9.187635319667316836e+00,9.889736917054293031e+00,1.087267915438963684e+01,1.213646203278524638e+01,1.368108555384141134e+01,1.550654971980052288e+01,1.761285453376465071e+01,2.000000000000000000e+01
8.664329220980086177e+00,8.804275772735017824e+00,9.224115427999812766e+00,9.923848187210131400e+00,1.090347405109240242e+01,1.216299302075251987e+01,1.370240509778271765e+01,1.552171028441490996e+01,1.762090858373770175e+01,2.000000000000000000e+01
8.702574924908512699e+00,8.842049307484522558e+00,9.260472455212553911e+00,9.957844368525767820e+00,1.093416504814658374e+01,1.218943449517512967e+01,1.372365271119586083e+01,1.553681969843052180e+01,1.762893545995459021e+01,2.000000000000000000e+01
8.740691590728966176e+00,8.879695397188932304e+00,9.296706816568828913e+00,9.991725849299424311e+00,1.096475249609929570e+01,1.221578675806301106e+01,1.374482863676750100e+01,1.555187813442462641e+01,1.763693525409703255e+01,2.000000000000000000e+01
8.778679653803253657e+00,8.917214471835229972e+00,9.332818925931158915e+00,1.002549301651951374e+01,1.099523674431516973e+01,1.224205011040732849e+01,1.376593311636563399e+01,1.556688576439231930e+01,1.764490805753747438e+01,2.000000000000000000e+01
8.816539548024593387e+00,8.954606959959944490e+00,9.368809195765999576e+00,1.005914625586902034e+01,1.102561814098031867e+01,1.226822485218390746e+01,1.378696639104234833e+01,1.558184275974848809e+01,1.765285396134011364e+01,2.000000000000000000e+01
8.854271705822549521e+00,8.991873288654018026e+00,9.404678037148421765e+00,1.009268595172989613e+01,1.105589703310630334e+01,1.229431128235663806e+01,1.380792870103655900e+01,1.559674929132975585e+01,1.766077305626193450e+01,2.000000000000000000e+01
8.891876558167941980e+00,9.029013883567651888e+00,9.440425859766785166e+00,1.012611248718741308e+01,1.108607376653407073e+01,1.232030969888086780e+01,1.382882028577674838e+01,1.561160552939642798e+01,1.766866543275376600e+01,2.000000000000000000e+01
8.929354534577749192e+00,9.066029168915159531e+00,9.476053071927390548e+00,1.015942624403453287e+01,1.111614868593787975e+01,1.234622039870679089e+01,1.384964138388367161e+01,1.562641164363443558e+01,1.767653118096128750e+01,2.000000000000000000e+01
8.966706063119980641e+00,9.102919567479769825e+00,9.511560080559139152e+00,1.019262760277624125e+01,1.114612213482923231e+01,1.237204367778285352e+01,1.387039223317309400e+01,1.564116780315725563e+01,1.768437039072605543e+01,2.000000000000000000e+01
9.003931570418565400e+00,9.139685500618456970e+00,9.546947291218133458e+00,1.022571694263387698e+01,1.117599445556078663e+01,1.239777983105908277e+01,1.389107307065849106e+01,1.565587417650784374e+01,1.769218315158654065e+01,2.000000000000000000e+01
9.041031481658180269e+00,9.176327388266717122e+00,9.582215108092325906e+00,1.025869464154945909e+01,1.120576598933023682e+01,1.242342915249047053e+01,1.391168413255373970e+01,1.567053093166055078e+01,1.769996955277914097e+01,2.000000000000000000e+01
9.078006220589132980e+00,9.212845648943375210e+00,9.617363934006098347e+00,1.029156107618997495e+01,1.123543707618421550e+01,1.244899193504031487e+01,1.393222565427582005e+01,1.568513823602304136e+01,1.770772968323919372e+01,2.000000000000000000e+01
9.114856209532144149e+00,9.249240699755322481e+00,9.652394170424855702e+00,1.032431662195168087e+01,1.126500805502216096e+01,1.247446847068355602e+01,1.395269787044749243e+01,1.569969625643819633e+01,1.771546363160200599e+01,2.000000000000000000e+01
9.151581869383178969e+00,9.285512956402286022e+00,9.687306217459605406e+00,1.035696165296437776e+01,1.129447926360017540e+01,1.249985905041010881e+01,1.397310101489997081e+01,1.571420515918602412e+01,1.772317148620383875e+01,2.000000000000000000e+01
9.188183619618241593e+00,9.321662833181559193e+00,9.722100473871511994e+00,1.038949654209567086e+01,1.132385103853487962e+01,1.252516396422816847e+01,1.399343532067559082e+01,1.572866510998554190e+01,1.773085333508294070e+01,2.000000000000000000e+01
9.224661878298155315e+00,9.357690742992723187e+00,9.756777337076430356e+00,1.042192166095522055e+01,1.135312371530724640e+01,1.255038350116752888e+01,1.401370102003046370e+01,1.574307627399667098e+01,1.773850926598053590e+01,2.000000000000000000e+01
9.261017062073319650e+00,9.393597097342354374e+00,9.791337203149462098e+00,1.045423737989898072e+01,1.138229762826643032e+01,1.257551794928287414e+01,1.403389834443712481e+01,1.575743881582213035e+01,1.774613936634182210e+01,2.000000000000000000e+01
9.297249586188479853e+00,9.429382306348722764e+00,9.825780466829447946e+00,1.048644406803342122e+01,1.141137311063356741e+01,1.260056759565705597e+01,1.405402752458718041e+01,1.577175289950930193e+01,1.775374372331699035e+01,2.000000000000000000e+01
9.333359864487443147e+00,9.465046778746451395e+00,9.860107521523477914e+00,1.051854209321973421e+01,1.144035049450558894e+01,1.262553272640437640e+01,1.407408879039393845e+01,1.578601868855210100e+01,1.776132242376218784e+01,2.000000000000000000e+01
9.369348309417800280e+00,9.500590921891193474e+00,9.894318759311373057e+00,1.055053182207803175e+01,1.146923011085901223e+01,1.265041362667385272e+01,1.409408237099500916e+01,1.580023634589285741e+01,1.776887555424053744e+01,2.000000000000000000e+01
9.405215332035643527e+00,9.536015141764275782e+00,9.928414570950174323e+00,1.058241361999153085e+01,1.149801228955369581e+01,1.267521058065246109e+01,1.411400849475495178e+01,1.581440603392415589e+01,1.777640320102311122e+01,2.000000000000000000e+01
9.440961342010233182e+00,9.571319842977320747e+00,9.962395345878581665e+00,1.061418785111071728e+01,1.152669735933662487e+01,1.269992387156839087e+01,1.413386738926785924e+01,1.582852791449069763e+01,1.778390545008990742e+01,2.000000000000000000e+01
9.476586747628706675e+00,9.606505428776879185e+00,9.996261472221396716e+00,1.064585487835749689e+01,1.155528564784565049e+01,1.272455378169426687e+01,1.415365928135996398e+01,1.584260214889114593e+01,1.779138238713085585e+01,2.000000000000000000e+01
9.512091955800698884e+00,9.641572301049016858e+00,1.003001333679397078e+01,1.067741506342935409e+01,1.158377748161322707e+01,1.274910059235037352e+01,1.417338439709222087e+01,1.585662889787997187e+01,1.779883409754677359e+01,2.000000000000000000e+01
9.547477372063003287e+00,9.676520860323902795e+00,1.006365132510660132e+01,1.070886876680345345e+01,1.161217318607014626e+01,1.277356458390786287e+01,1.419304296176289526e+01,1.587060832166928570e+01,1.780626066645034200e+01,2.000000000000000000e+01
9.582743400584206483e+00,9.711351505780388749e+00,1.009717582136893377e+01,1.074021634774077505e+01,1.164047308554924598e+01,1.279794603579196632e+01,1.421263519991012458e+01,1.588454057993065760e+01,1.781366217866709789e+01,2.000000000000000000e+01
9.617890444169292508e+00,9.746064635250556663e+00,1.013058720849435090e+01,1.077145816429020364e+01,1.166867750328911590e+01,1.282224522648517073e+01,1.423216133531448868e+01,1.589842583179695445e+01,1.782103871873637857e+01,2.000000000000000000e+01
9.652918904264234712e+00,9.780660645224262595e+00,1.016388586810434624e+01,1.080259457329262496e+01,1.169678676143778340e+01,1.284646243353039807e+01,1.425162159100156067e+01,1.591226423586414285e+01,1.782839037091229173e+01,2.000000000000000000e+01
9.687829180960589426e+00,9.815139930853661099e+00,1.019707218053287434e+01,1.083362593038499000e+01,1.172480118105639235e+01,1.287059793353417803e+01,1.427101618924445603e+01,1.592605595019311338e+01,1.783571721916469244e+01,2.000000000000000000e+01
9.722621673000061193e+00,9.849502885957718945e+00,1.023014652483069220e+01,1.086455259000437046e+01,1.175272108212286604e+01,1.289465200216981522e+01,1.429034535156636387e+01,1.593980113231147655e+01,1.784301934718012461e+01,2.000000000000000000e+01
9.757296777779048469e+00,9.883749903026709305e+00,1.026310927876969181e+01,1.089537490539202835e+01,1.178054678353556461e+01,1.291862491418051739e+01,1.430960929874309251e+01,1.595349993921536225e+01,1.785029683836278735e+01,2.000000000000000000e+01
9.791854891353182211e+00,9.917881373226688169e+00,1.029596081884720427e+01,1.092609322859741638e+01,1.180827860311692845e+01,1.294251694338254133e+01,1.432880825080556342e+01,1.596715252737121382e+01,1.785754977583548708e+01,2.000000000000000000e+01
9.826296408441853814e+00,9.951897686403967214e+00,1.032870152029030919e+01,1.095670791048222625e+01,1.183591685761709478e+01,1.296632836266832278e+01,1.434794242704234968e+01,1.598075905271757513e+01,1.786477824244056478e+01,2.000000000000000000e+01
9.860621722432712843e+00,9.985799231089563577e+00,1.036133175706011222e+01,1.098721930072438013e+01,1.186346186271752501e+01,1.299005944400958867e+01,1.436701204600216464e+01,1.599431967066686511e+01,1.787198232074088011e+01,2.000000000000000000e+01
9.894831225386170104e+00,1.001958639450363187e+01,1.039385190185601537e+01,1.101762774782202214e+01,1.189091393303460897e+01,1.301371045846046215e+01,1.438601732549635770e+01,1.600783453610716478e+01,1.787916209302072801e+01,2.000000000000000000e+01
9.928925308039859843e+00,1.005325956255988906e+01,1.042626232611997494e+01,1.104793359909750272e+01,1.191827338212324605e+01,1.303728167616055522e+01,1.440495848260141365e+01,1.602130380340397053e+01,1.788631764128678014e+01,2.000000000000000000e+01
9.962904359813116173e+00,1.008681911987002167e+01,1.045856340004073814e+01,1.107813720070134522e+01,1.194554052248043874e+01,1.306077336633805785e+01,1.442383573366141292e+01,1.603472762640197047e+01,1.789344904726902286e+01,2.000000000000000000e+01
9.996768768811408634e+00,1.012026544974807507e+01,1.049075549255807616e+01,1.110823889761619476e+01,1.197271566554885958e+01,1.308418579731281461e+01,1.444264929429052735e+01,1.604810615842679766e+01,1.790055639242170571e+01,2.000000000000000000e+01
1.003051892183077420e+01,1.015359893421482873e+01,1.052283897136699409e+01,1.113823903366075641e+01,1.199979912172039676e+01,1.310751923649938000e+01,1.446139937937544850e+01,1.606143955228677100e+01,1.790763975792425100e+01,2.000000000000000000e+01
1.006415520436224931e+01,1.018681995400216778e+01,1.055481420292192496e+01,1.116813795149372801e+01,1.202679120033971039e+01,1.313077395041008089e+01,1.448008620307786920e+01,1.607472796027465023e+01,1.791469922468218456e+01,2.000000000000000000e+01
1.009767800059624854e+01,1.021992888855741732e+01,1.058668155244092546e+01,1.119793599261770822e+01,1.205369220970776567e+01,1.315395020465805587e+01,1.449870997883692425e+01,1.608797153416937675e+01,1.792173487332807369e+01,2.000000000000000000e+01
1.013108769342696824e+01,1.025292611604768744e+01,1.061844138390984504e+01,1.122763349738309913e+01,1.208050245708533943e+01,1.317704826396028395e+01,1.451727091937161696e+01,1.610117042523780384e+01,1.792874678422243306e+01,2.000000000000000000e+01
1.016438466445675992e+01,1.028581201336418616e+01,1.065009406008646486e+01,1.125723080499199646e+01,1.210722224869654440e+01,1.320006839214061678e+01,1.453576923668326337e+01,1.611432478423641967e+01,1.793573503745464848e+01,2.000000000000000000e+01
1.019756929400047518e+01,1.031858695612652355e+01,1.068163994250466864e+01,1.128672825350204256e+01,1.213385188973231621e+01,1.322301085213279315e+01,1.455420514205789928e+01,1.612743476141307752e+01,1.794269971284388987e+01,2.000000000000000000e+01
1.023064196108983026e+01,1.035125131868700876e+01,1.071307939147854427e+01,1.131612617983032187e+01,1.216039168435391282e+01,1.324587590598343034e+01,1.457257884606870313e+01,1.614050050650870460e+01,1.794964088994003149e+01,2.000000000000000000e+01
1.026360304347770835e+01,1.038380547413491151e+01,1.074441276610652096e+01,1.134542491975717660e+01,1.218684193569636598e+01,1.326866381485502622e+01,1.459089055857839234e+01,1.615352216875901092e+01,1.795655864802454715e+01,2.000000000000000000e+01
1.029645291764248860e+01,1.041624979430073061e+01,1.077564042427546021e+01,1.137462480793006314e+01,1.221320294587196464e+01,1.329137483902893280e+01,1.460914048874163917e+01,1.616649989689620881e+01,1.796345306611141623e+01,2.000000000000000000e+01
1.032919195879235552e+01,1.044858464976045020e+01,1.080676272266473248e+01,1.140372617786736242e+01,1.223947501597369225e+01,1.331400923790833879e+01,1.462732884500742614e+01,1.617943383915068978e+01,1.797032422294804022e+01,2.000000000000000000e+01
1.036182054086955873e+01,1.048081040983974965e+01,1.083778001675032066e+01,1.143272936196219547e+01,1.226565844607867106e+01,1.333656727002122722e+01,1.464545583512146010e+01,1.619232414325273695e+01,1.797717219701613445e+01,2.000000000000000000e+01
1.039433903655471170e+01,1.051292744261824552e+01,1.086869266080884522e+01,1.146163469148621239e+01,1.229175353525159053e+01,1.335904919302333305e+01,1.466352166612852947e+01,1.620517095643419481e+01,1.798399706653260921e+01,2.000000000000000000e+01
1.042674781727102307e+01,1.054493611493367666e+01,1.089950100792163745e+01,1.149044249659337957e+01,1.231776058154811615e+01,1.338145526370108129e+01,1.468152654437485971e+01,1.621797442543016388e+01,1.799079890945049698e+01,2.000000000000000000e+01
1.045904725318855633e+01,1.057683679238610530e+01,1.093020540997875223e+01,1.151915310632375800e+01,1.234367988201830002e+01,1.340378573797451089e+01,1.469947067551049713e+01,1.623073469648067046e+01,1.799757780345980862e+01,2.000000000000000000e+01
1.049123771322844867e+01,1.060862983934208792e+01,1.096080621768300389e+01,1.154776684860724778e+01,1.236951173270997018e+01,1.342604087090021636e+01,1.471735426449162887e+01,1.624345191533234356e+01,1.800433382598843934e+01,2.000000000000000000e+01
1.052331956506712807e+01,1.064031561893883548e+01,1.099130378055395951e+01,1.157628405026734342e+01,1.239525642867211630e+01,1.344822091667425035e+01,1.473517751558294009e+01,1.625612622724007394e+01,1.801106705420304976e+01,2.000000000000000000e+01
1.055529317514051435e+01,1.067189449308837013e+01,1.102169844693193923e+01,1.160470503702485878e+01,1.242091426395825238e+01,1.347032612863502798e+01,1.475294063235994635e+01,1.626875777696866621e+01,1.801777756500994698e+01,2.000000000000000000e+01
1.058715890864819720e+01,1.070336682248164273e+01,1.105199056398198110e+01,1.163303013350165216e+01,1.244648553162978466e+01,1.349235675926621880e+01,1.477064381771130641e+01,1.628134670879450852e+01,1.802446543505595855e+01,2.000000000000000000e+01
1.061891712955761413e+01,1.073473296659266829e+01,1.108218047769782899e+01,1.166125966322434770e+01,1.247197052375934945e+01,1.351431306019963507e+01,1.478828727384115993e+01,1.629389316650719977e+01,1.803113074072931354e+01,2.000000000000000000e+01
1.065056820060821074e+01,1.076599328368262398e+01,1.111226853290586547e+01,1.168939394862799297e+01,1.249736953143415086e+01,1.353619528221810242e+01,1.480587120227142428e+01,1.630639729341122646e+01,1.803777355816051298e+01,2.000000000000000000e+01
1.068211248331556540e+01,1.079714813080393654e+01,1.114225507326904996e+01,1.171743331105978037e+01,1.252268284475929327e+01,1.355800367525832151e+01,1.482339580384408606e+01,1.631885923232755076e+01,1.804439396322320022e+01,2.000000000000000000e+01
1.071355033797554235e+01,1.082819786380437321e+01,1.117214044129086226e+01,1.174537807078269935e+01,1.254791075286107827e+01,1.357973848841373332e+01,1.484086127872352101e+01,1.633127912559528738e+01,1.805099203153503140e+01,2.000000000000000000e+01
1.074488212366839512e+01,1.085914283733109365e+01,1.120192497831918743e+01,1.177322854697919219e+01,1.257305354389033525e+01,1.360139996993734890e+01,1.485826782639875177e+01,1.634365711507329877e+01,1.805756783845852098e+01,2.000000000000000000e+01
1.077610819826286637e+01,1.088998340483471061e+01,1.123160902455024512e+01,1.180098505775481321e+01,1.259811150502568289e+01,1.362298836724459505e+01,1.487561564568575356e+01,1.635599334214182932e+01,1.806412145910193345e+01,2.000000000000000000e+01
1.080722891842027167e+01,1.092071991857331525e+01,1.126119291903244601e+01,1.182864792014184196e+01,1.262308492247682068e+01,1.364450392691614233e+01,1.489290493472970311e+01,1.636828794770412543e+01,1.807065296832011114e+01,2.000000000000000000e+01
1.083824463959858520e+01,1.095135272961650941e+01,1.129067699967028382e+01,1.185621745010292649e+01,1.264797408148780455e+01,1.366594689470071167e+01,1.491013589100725589e+01,1.638054107218802358e+01,1.807716244071533751e+01,2.000000000000000000e+01
1.086915571605648978e+01,1.098188218784941483e+01,1.132006160322819177e+01,1.188369396253467158e+01,1.267277926634029406e+01,1.368731751551788989e+01,1.492730871132879145e+01,1.639275285554757389e+01,1.808364995063821468e+01,2.000000000000000000e+01
1.089996250085743235e+01,1.101230864197666648e+01,1.134934706533437421e+01,1.191107777127125367e+01,1.269750076035680664e+01,1.370861603346092039e+01,1.494442359184066760e+01,1.640492343726463531e+01,1.809011557218847344e+01,2.000000000000000000e+01
1.093066534587364025e+01,1.104263243952639684e+01,1.137853372048466660e+01,1.193836918908798950e+01,1.272213884590395239e+01,1.372984269179950090e+01,1.496148072802746576e+01,1.641705295635045658e+01,1.809655937921584368e+01,2.000000000000000000e+01
1.096126460179017137e+01,1.107285392685420966e+01,1.140762190204632454e+01,1.196556852770491908e+01,1.274669380439565636e+01,1.375099773298255279e+01,1.497848031471420782e+01,1.642914155134728560e+01,1.810298144532088926e+01,2.000000000000000000e+01
1.099176061810887006e+01,1.110297344914711992e+01,1.143661194226186595e+01,1.199267609779036547e+01,1.277116591629637377e+01,1.377208139864099046e+01,1.499542254606859615e+01,1.644118936032992906e+01,1.810938184385585714e+01,2.000000000000000000e+01
1.102215374315241547e+01,1.113299135042752042e+01,1.146550417225283347e+01,1.201969220896447688e+01,1.279555546112429631e+01,1.379309392959048530e+01,1.501230761560322691e+01,1.645319652090734053e+01,1.811576064792549445e+01,2.000000000000000000e+01
1.105244432406825261e+01,1.116290797355708975e+01,1.149429892202359937e+01,1.204661716980276331e+01,1.281986271745453898e+01,1.381403556583421732e+01,1.502913571617779276e+01,1.646516317022419429e+01,1.812211793038792251e+01,2.000000000000000000e+01
1.108263270683258916e+01,1.119272366024072163e+01,1.152299652046511902e+01,1.207345128783963339e+01,1.284408796292232680e+01,1.383490654656560714e+01,1.504590704000129620e+01,1.647708944496245564e+01,1.812845376385542551e+01,2.000000000000000000e+01
1.111271923625433011e+01,1.122243875103042221e+01,1.155159729535870028e+01,1.210019486957189194e+01,1.286823147422617097e+01,1.385570711017106582e+01,1.506262177863424512e+01,1.648897548134291924e+01,1.813476822069530670e+01,2.000000000000000000e+01
1.114270425597902126e+01,1.125205358532920208e+01,1.158010157337974100e+01,1.212684822046224475e+01,1.289229352713101129e+01,1.387643749423269846e+01,1.507928012299083242e+01,1.650082141512679001e+01,1.814106137303070554e+01,2.000000000000000000e+01
1.117258810849277495e+01,1.128156850139494694e+01,1.160850968010146111e+01,1.215341164494279624e+01,1.291627439647138509e+01,1.389709793553103090e+01,1.509588226334112271e+01,1.651262738161723576e+01,1.814733329274142548e+01,2.000000000000000000e+01
1.120237113512618699e+01,1.131098383634429361e+01,1.163682193999861347e+01,1.217988544641851512e+01,1.294017435615455902e+01,1.391768867004770449e+01,1.511242838931322119e+01,1.652439351566089698e+01,1.815358405146475462e+01,2.000000000000000000e+01
1.123205367605822147e+01,1.134029992615646876e+01,1.166503867645121062e+01,1.220626992727070537e+01,1.296399367916365364e+01,1.393820993296817790e+01,1.512891868989544619e+01,1.653611995164947501e+01,1.815981372059627574e+01,2.000000000000000000e+01
1.126163607032010283e+01,1.136951710567712581e+01,1.169316021174819653e+01,1.223256538886045952e+01,1.298773263756076979e+01,1.395866195868441650e+01,1.514535335343848210e+01,1.654780682352122767e+01,1.816602237129069053e+01,2.000000000000000000e+01
1.129111865579920071e+01,1.139863570862218545e+01,1.172118686709113966e+01,1.225877213153210477e+01,1.301139150249008303e+01,1.397904498079755697e+01,1.516173256765752875e+01,1.655945426476252891e+01,1.817221007446263314e+01,2.000000000000000000e+01
1.132050176924287221e+01,1.142765606758162811e+01,1.174911896259789579e+01,1.228489045461661888e+01,1.303497054418096468e+01,1.399935923212059308e+01,1.517805651963445257e+01,1.657106240840936806e+01,1.817837690078747670e+01,2.000000000000000000e+01
1.134978574626230774e+01,1.145657851402329896e+01,1.177695681730627264e+01,1.231092065643506928e+01,1.305847003195103007e+01,1.401960494468101004e+01,1.519432539581991826e+01,1.658263138704888462e+01,1.818452292070213616e+01,2.000000000000000000e+01
1.137897092133638210e+01,1.148540337829670221e+01,1.180470074917766254e+01,1.233686303430200759e+01,1.308189023420925423e+01,1.403978234972347039e+01,1.521053938203552569e+01,1.659416133282087458e+01,1.819064820440588193e+01,2.000000000000000000e+01
1.140805762781546129e+01,1.151413098963676518e+01,1.183235107510067863e+01,1.236271788452886788e+01,1.310523141845901840e+01,1.405989167771241632e+01,1.522669866347591494e+01,1.660565237741931810e+01,1.819675282186113918e+01,2.000000000000000000e+01
1.143704619792520027e+01,1.154276167616759707e+01,1.185990811089478747e+01,1.238848550242735413e+01,1.312849385130115998e+01,1.407993315833472892e+01,1.524280342471090854e+01,1.661710465209386101e+01,1.820283684279428016e+01,2.000000000000000000e+01
1.146593696277036578e+01,1.157129576490624778e+01,1.188737217131389379e+01,1.241416618231280289e+01,1.315167779843703322e+01,1.409990702050234113e+01,1.525885384968758807e+01,1.662851828765131756e+01,1.820890033669643060e+01,2.000000000000000000e+01
1.149473025233859147e+01,1.159973358176643110e+01,1.191474357004994999e+01,1.243976021750756367e+01,1.317478352467153080e+01,1.411981349235485617e+01,1.527485012173242040e+01,1.663989341445718040e+01,1.821494337282425491e+01,2.000000000000000000e+01
1.152342639550416514e+01,1.162807545156225686e+01,1.194202261973653023e+01,1.246526790034432963e+01,1.319781129391611429e+01,1.413965280126214985e+01,1.529079242355335033e+01,1.665123016243709131e+01,1.822096602020075196e+01,2.000000000000000000e+01
1.155202572003176975e+01,1.165632169801193108e+01,1.196920963195241328e+01,1.249068952216948958e+01,1.322076136919183220e+01,1.415942517382696586e+01,1.530668093724186107e+01,1.666252866107833341e+01,1.822696834761603668e+01,2.000000000000000000e+01
1.158052855258023861e+01,1.168447264374146144e+01,1.199630491722512993e+01,1.251602537334645149e+01,1.324363401263231488e+01,1.417913083588751455e+01,1.532251584427508995e+01,1.667378903943130908e+01,1.823295042362814300e+01,2.000000000000000000e+01
1.160893521870628398e+01,1.171252861028834324e+01,1.202330878503452105e+01,1.254127574325896077e+01,1.326642948548677303e+01,1.419877001252004156e+01,1.533829732551786940e+01,1.668501142611101784e+01,1.823891231656378409e+01,2.000000000000000000e+01
1.163724604286820785e+01,1.174048991810522047e+01,1.205022154381625654e+01,1.256644092031439897e+01,1.328914804812298556e+01,1.421834292804139643e+01,1.535402556122482309e+01,1.669619594929852369e+01,1.824485409451914464e+01,2.000000000000000000e+01
1.166546134842962879e+01,1.176835688656356460e+01,1.207704350096537560e+01,1.259152119194708419e+01,1.331178996003026960e+01,1.423784980601160655e+01,1.536970073104239631e+01,1.670734273674240100e+01,1.825077582536066956e+01,2.000000000000000000e+01
1.169358145766313761e+01,1.179612983395730019e+01,1.210377496283978260e+01,1.261651684462155920e+01,1.333435547982244351e+01,1.425729086923642974e+01,1.538532301401092361e+01,1.671845191576023737e+01,1.825667757672581715e+01,2.000000000000000000e+01
1.172160669175402781e+01,1.182380907750646060e+01,1.213041623476375896e+01,1.264142816383584744e+01,1.335684486524078451e+01,1.427666633976987853e+01,1.540089258856667698e+01,1.672952361324003334e+01,1.826255941602384425e+01,2.000000000000000000e+01
1.174953737080391925e+01,1.185139493336079930e+01,1.215696762103144302e+01,1.266625543412472510e+01,1.337925837315696143e+01,1.429597643891678871e+01,1.541640963254388907e+01,1.674055795564170168e+01,1.826842141043657364e+01,2.000000000000000000e+01
1.177737381383443882e+01,1.187888771660340481e+01,1.218342942491030456e+01,1.269099893906297893e+01,1.340159625957598877e+01,1.431522138723532045e+01,1.543187432317680852e+01,1.675155506899847779e+01,1.827426362691916495e+01,2.000000000000000000e+01
1.180511633879085842e+01,1.190628774125429779e+01,1.220980194864461765e+01,1.271565896126861972e+01,1.342385877963913465e+01,1.433440140453948786e+01,1.544728683710168760e+01,1.676251507891836212e+01,1.828008613220086431e+01,2.000000000000000000e+01
1.183276526254572047e+01,1.193359532027401571e+01,1.223608549345890317e+01,1.274023578240614185e+01,1.344604618762683401e+01,1.435351670990167250e+01,1.546264735035883575e+01,1.677343811058557677e+01,1.828588899278579660e+01,2.000000000000000000e+01
1.186032090090247948e+01,1.196081076556720291e+01,1.226228035956137141e+01,1.276472968318971724e+01,1.346815873696161603e+01,1.437256752165511919e+01,1.547795603839460554e+01,1.678432428876197591e+01,1.829167227495369374e+01,2.000000000000000000e+01
1.188778356859907781e+01,1.198793438798614730e+01,1.228838684614735577e+01,1.278914094338640695e+01,1.349019668021095519e+01,1.439155405739643179e+01,1.549321307606341946e+01,1.679517373778848111e+01,1.829743604476066920e+01,2.000000000000000000e+01
1.191515357931155705e+01,1.201496649733434907e+01,1.231440525140272690e+01,1.281346984181936399e+01,1.351216026909020407e+01,1.441047653398806361e+01,1.550841863762974526e+01,1.680598658158649172e+01,1.830318036803996407e+01,2.000000000000000000e+01
1.194243124565764624e+01,1.204190740237005919e+01,1.234033587250729447e+01,1.283771665637100945e+01,1.353404975446543901e+01,1.442933516756078838e+01,1.552357289677009966e+01,1.681676294365930602e+01,1.830890531040271085e+01,2.000000000000000000e+01
1.196961687920032169e+01,1.206875741080979481e+01,1.236617900563821237e+01,1.286188166398621036e+01,1.355586538635632721e+01,1.444813017351617290e+01,1.553867602657502367e+01,1.682750294709353156e+01,1.831461093723867251e+01,2.000000000000000000e+01
1.199671079045136857e+01,1.209551682933186534e+01,1.239193494597335032e+01,1.288596514067544696e+01,1.357760741393900439e+01,1.446686176652903022e+01,1.555372819955106500e+01,1.683820671456049567e+01,1.832029731371698489e+01,2.000000000000000000e+01
1.202371328887493007e+01,1.212218596357986478e+01,1.241760398769467066e+01,1.290996736151795865e+01,1.359927608554888323e+01,1.448553016054987808e+01,1.556872958762274628e+01,1.684887436831763452e+01,1.832596450478691352e+01,2.000000000000000000e+01
1.205062468289103883e+01,1.214876511816617644e+01,1.244318642399159103e+01,1.293388860066488277e+01,1.362087164868352573e+01,1.450413556880738142e+01,1.558368036213453678e+01,1.685950603020990357e+01,1.833161257517858900e+01,2.000000000000000000e+01
1.207744527987914296e+01,1.217525459667543686e+01,1.246868254706432033e+01,1.295772913134239701e+01,1.364239435000545342e+01,1.452267820381079311e+01,1.559858069385279400e+01,1.687010182167115602e+01,1.833724158940375304e+01,2.000000000000000000e+01
1.210417538618161437e+01,1.220165470166801569e+01,1.249409264812722142e+01,1.298148922585483511e+01,1.366384443534496640e+01,1.454115827735236799e+01,1.561343075296772476e+01,1.688066186372554256e+01,1.834285161175647971e+01,2.000000000000000000e+01
1.213081530710724998e+01,1.222796573468346537e+01,1.251941701741210977e+01,1.300516915558778663e+01,1.368522214970295003e+01,1.455957600050979295e+01,1.562823070909533030e+01,1.689118627698888275e+01,1.834844270631392504e+01,2.000000000000000000e+01
1.215736534693475868e+01,1.225418799624396371e+01,1.254465594417158414e+01,1.302876919101122333e+01,1.370652773725367446e+01,1.457793158364859742e+01,1.564298073127933364e+01,1.690167518167004701e+01,1.835401493693704822e+01,2.000000000000000000e+01
1.218382580891623235e+01,1.228032178585775469e+01,1.256980971668232172e+01,1.305228960168255625e+01,1.372776144134759058e+01,1.459622523642454794e+01,1.565768098799312114e+01,1.691212869757233506e+01,1.835956836727135766e+01,2.000000000000000000e+01
1.221019699528061331e+01,1.230636740202255730e+01,1.259487862224838750e+01,1.307573065624973729e+01,1.374892350451409051e+01,1.461445716778605330e+01,1.567233164714166982e+01,1.692254694409484017e+01,1.836510306074762156e+01,2.000000000000000000e+01
1.223647920723715110e+01,1.233232514222898502e+01,1.261986294720449031e+01,1.309909262245431805e+01,1.377001416846430182e+01,1.463262758597653779e+01,1.568693287606344100e+01,1.693293004023380632e+01,1.837061908058258908e+01,2.000000000000000000e+01
1.226267274497883086e+01,1.235819530296394397e+01,1.264476297691928330e+01,1.312237576713451226e+01,1.379103367409383551e+01,1.465073669853684102e+01,1.570148484153232715e+01,1.694327810458399597e+01,1.837611648977973289e+01,2.000000000000000000e+01
1.228877790768581768e+01,1.238397817971400983e+01,1.266957899579858982e+01,1.314558035622824050e+01,1.381198226148553410e+01,1.466878471230756098e+01,1.571598770975952064e+01,1.695359125534003297e+01,1.838159535112994902e+01,2.000000000000000000e+01
1.231479499352885476e+01,1.240967406696880992e+01,1.269431128728867719e+01,1.316870665477616775e+01,1.383286016991222134e+01,1.468677183343144677e+01,1.573044164639543752e+01,1.696386961029777751e+01,1.838705572721227810e+01,2.000000000000000000e+01
1.234072429967268825e+01,1.243528325822438951e+01,1.271896013387948976e+01,1.319175492692473028e+01,1.385366763783943078e+01,1.470469826735571850e+01,1.574484681653160933e+01,1.697411328685564058e+01,1.839249768039463717e+01,2.000000000000000000e+01
1.236656612227945118e+01,1.246080604598655484e+01,1.274352581710786403e+01,1.321472543592915905e+01,1.387440490292813422e+01,1.472256421883445121e+01,1.575920338470255189e+01,1.698432240201595533e+01,1.839792127283451251e+01,2.000000000000000000e+01
1.239232075651204035e+01,1.248624272177422156e+01,1.276800861756076344e+01,1.323761844415647815e+01,1.389507220203745241e+01,1.474036989193088054e+01,1.577351151488765346e+01,1.699449707238628093e+01,1.840332656647966658e+01,2.000000000000000000e+01
1.241798849653750914e+01,1.251159357612274725e+01,1.279240881487846160e+01,1.326043421308850512e+01,1.391566977122735338e+01,1.475811549001975997e+01,1.578777137051305601e+01,1.700463741418076680e+01,1.840871362306886994e+01,2.000000000000000000e+01
1.244356963553039463e+01,1.253685889858723357e+01,1.281672668775775215e+01,1.328317300332483697e+01,1.393619784576137555e+01,1.477580121578965944e+01,1.580198311445350079e+01,1.701474354322144933e+01,1.841408250413257974e+01,2.000000000000000000e+01
1.246906446567610338e+01,1.256203897774585698e+01,1.284096251395511956e+01,1.330583507458582915e+01,1.395665666010927097e+01,1.479342727124530477e+01,1.581614690903421483e+01,1.702481557493960196e+01,1.841943327099365746e+01,2.000000000000000000e+01
1.249447327817421360e+01,1.258713410120314258e+01,1.286511657028992950e+01,1.332842068571555849e+01,1.397704644794972495e+01,1.481099385770986387e+01,1.583026291603274593e+01,1.703485362437703543e+01,1.842476598476806515e+01,2.000000000000000000e+01
1.251979636324183609e+01,1.261214455559326986e+01,1.288918913264757116e+01,1.335093009468478265e+01,1.399736744217300632e+01,1.482850117582725780e+01,1.584433129668081719e+01,1.704485780618741941e+01,1.843008070636556894e+01,2.000000000000000000e+01
1.254503401011689334e+01,1.263707062658332525e+01,1.291318047598262275e+01,1.337336355859387993e+01,1.401761987488362315e+01,1.484594942556445574e+01,1.585835221166616904e+01,1.705482823463759345e+01,1.843537749649042468e+01,2.000000000000000000e+01
1.257018650706145557e+01,1.266191259887658660e+01,1.293709087432198146e+01,1.339572133367579809e+01,1.403780397740298724e+01,1.486333880621374703e+01,1.587232582113439072e+01,1.706476502360886371e+01,1.844065641564207780e+01,2.000000000000000000e+01
1.259525414136499855e+01,1.268667075621575080e+01,1.296092060076800401e+01,1.341800367529897287e+01,1.405791998027204670e+01,1.488066951639502200e+01,1.588625228469075523e+01,1.707466828659831748e+01,1.844591752411585261e+01,2.000000000000000000e+01
1.262023719934773247e+01,1.271134538138620229e+01,1.298466992750161531e+01,1.344021083797024652e+01,1.407796811325392206e+01,1.489794175405805099e+01,1.590013176140204010e+01,1.708453813672010213e+01,1.845116088200364146e+01,2.000000000000000000e+01
