2.587361049052530060e-01,5.658597723043800043e-01,1.487230774501760999e+00,3.023186227506569956e+00,5.174444202528986736e+00,7.942514835525636308e+00,1.133054732205111392e+01,1.534511705750198196e+01,2.000000000000000000e+01
7.524592294324795594e-01,1.052414904678129259e+00,1.952281930415078248e+00,3.452723689109255645e+00,5.554866877148314508e+00,8.260343935993056164e+00,1.157089954734948201e+01,1.548660190281297844e+01,2.000000000000000000e+01
1.335627498630651333e+00,1.627132423593386168e+00,2.501647198481590451e+00,3.959375388264639195e+00,6.000473474094111026e+00,8.624809424801362923e+00,1.183180742572290711e+01,1.562141412996364842e+01,2.000000000000000000e+01
1.938356562573713804e+00,2.220518158118667262e+00,3.067002944753526972e+00,4.477748080996921232e+00,6.452723930755337456e+00,8.992128318586640745e+00,1.209670859546764454e+01,1.576741032292098055e+01,2.000000000000000000e+01
2.532292001067588227e+00,2.805183379805703758e+00,3.623857516020051239e+00,4.988399886618937629e+00,6.898941717735795010e+00,9.355544427447121336e+00,1.235784272066748102e+01,1.590494242933895208e+01,2.000000000000000000e+01
3.110630167644185651e+00,3.374534548474941609e+00,4.166247690967209039e+00,5.485746985195979697e+00,7.332962512860933479e+00,9.707819691224701231e+00,1.261054280015589590e+01,1.604201549529593507e+01,2.000000000000000000e+01
3.671275128514309927e+00,3.926400923753940564e+00,4.691778309472833364e+00,5.967410738294012695e+00,7.753346526841787600e+00,1.004968342686850136e+01,1.285634026752635606e+01,1.617256734451179412e+01,2.000000000000000000e+01
4.213612583407609691e+00,4.460276866404664808e+00,5.200269715395829273e+00,6.433602333555423769e+00,8.160254689168484177e+00,1.038014488548950709e+01,1.309328183733972040e+01,1.630029482179358169e+01,2.000000000000000000e+01
4.738169621536479248e+00,4.976635112336578182e+00,5.692031584736874983e+00,6.884345657029364851e+00,8.553583204927313943e+00,1.069981052435398006e+01,1.332306521404410127e+01,1.642283927764843199e+01,2.000000000000000000e+01
5.245306290770287205e+00,5.475847071310067093e+00,6.167469412929407646e+00,7.320185818879139994e+00,8.933999908309122162e+00,1.100886432819140381e+01,1.354472122077286933e+01,1.654197773046869457e+01,2.000000000000000000e+01
5.735620556907817580e+00,5.958502656578354539e+00,6.627148955589965418e+00,7.741550197568995983e+00,9.301699059470868391e+00,1.130762803920603510e+01,1.375940355388785363e+01,1.665670502245574980e+01,2.000000000000000000e+01
6.209648409232586097e+00,6.425121232223505174e+00,7.071539701196260630e+00,8.148910140634560761e+00,9.657241490615477986e+00,1.159651397507280457e+01,1.396666235021255531e+01,1.676793890553383193e+01,2.000000000000000000e+01
6.667918283023468007e+00,6.876232879621829497e+00,7.501176669416912191e+00,8.542746131426596889e+00,1.000093292532643119e+01,1.187574825231950548e+01,1.416725324752592563e+01,1.687525202372885147e+01,2.000000000000000000e+01
7.110968165794585794e+00,7.312358453045002094e+00,7.916529314796248329e+00,8.923482492273130617e+00,1.033322552545708639e+01,1.214575396838845300e+01,1.436101409848305366e+01,1.697915888015191399e+01,2.000000000000000000e+01
7.539287699645481844e+00,7.733986619928944428e+00,8.318083380779333069e+00,9.291577692734787064e+00,1.065446362918657996e+01,1.240674184763492249e+01,1.454845930248652941e+01,1.707949831321574763e+01,2.000000000000000000e+01
7.953379173620921172e+00,8.141607239565411547e+00,8.706291437398883559e+00,9.647431426261819709e+00,1.096503203601208476e+01,1.265909561272849437e+01,1.472958297045818910e+01,1.717658579850193945e+01,2.000000000000000000e+01
8.353705880753613755e+00,8.535679204455023594e+00,9.081599175559251336e+00,9.991466681530740246e+00,1.126527834631864344e+01,1.290303073270930412e+01,1.490475701475282655e+01,1.727038718328326539e+01,2.000000000000000000e+01
8.740731557480442504e+00,8.916657469200256259e+00,9.444435204359697522e+00,1.032406386372093721e+01,1.155554604447184808e+01,1.313888624431876195e+01,1.507405763474929117e+01,1.736111486288381656e+01,2.000000000000000000e+01
9.114894378611367642e+00,9.284974005599877955e+00,9.795212886565408894e+00,1.064561205000935118e+01,1.183616993786575300e+01,1.336688222896725975e+01,1.523777130230670629e+01,1.744879576608038363e+01,2.000000000000000000e+01
9.476623825203290608e+00,9.641051504458664212e+00,1.013433454222478680e+01,1.095647213071497994e+01,1.210746542454912600e+01,1.358731894983283794e+01,1.539601503416300865e+01,1.753358617862131652e+01,2.000000000000000000e+01
9.826332256306498536e+00,9.985295639302295356e+00,1.046218578828968582e+01,1.125700350628831181e+01,1.236974831463360758e+01,1.380041634229386283e+01,1.554902227079801769e+01,1.761554174013005181e+01,2.000000000000000000e+01
1.016441922032867318e+01,1.031810011435280927e+01,1.077914279642521578e+01,1.154754672477954536e+01,1.262331225250048305e+01,1.400644315908847304e+01,1.569692810540911587e+01,1.769478643190938527e+01,2.000000000000000000e+01
1.049127126627149309e+01,1.063984498993865735e+01,1.108556616094015013e+01,1.182843530548807109e+01,1.286845249752630949e+01,1.420561471263377307e+01,1.583993141828939244e+01,1.777138834075644525e+01,2.000000000000000000e+01
1.080726119964304210e+01,1.095089768249003370e+01,1.138180713103101027e+01,1.209998924933319842e+01,1.310544400700882228e+01,1.439817429174588703e+01,1.597817297131801340e+01,1.784545158892485262e+01,2.000000000000000000e+01
1.111275059361611994e+01,1.125161372569260365e+01,1.166820312192205478e+01,1.236251908997046378e+01,1.333456193657409550e+01,1.458432947376651967e+01,1.611182774628062120e+01,1.791704843588902563e+01,2.000000000000000000e+01
1.140808781184879450e+01,1.154233636985732225e+01,1.194508204388290373e+01,1.261632471082464590e+01,1.355606419575556920e+01,1.476430259824030600e+01,1.624103550800203521e+01,1.798626985370585274e+01,2.000000000000000000e+01
1.169361074861449445e+01,1.182339796217769923e+01,1.221275960286731710e+01,1.286169583509592229e+01,1.377020702634423266e+01,1.493829167425633564e+01,1.636595362211967242e+01,1.805318806145596611e+01,2.000000000000000000e+01
1.196964510817968907e+01,1.209511932721113503e+01,1.247154198430547645e+01,1.309891306003744837e+01,1.397723235610834003e+01,1.510650135599264487e+01,1.648671737852879815e+01,1.811788462062230209e+01,2.000000000000000000e+01
1.223650656714860929e+01,1.235781105034608807e+01,1.272172449993852439e+01,1.332824699754327291e+01,1.417737889043002930e+01,1.526911918910857402e+01,1.660347034012200140e+01,1.818042960017329079e+01,2.000000000000000000e+01
1.249449967670361694e+01,1.261177304075409289e+01,1.296359313290551896e+01,1.354995998765564380e+01,1.437087343574149578e+01,1.542633450981154830e+01,1.671634161217024328e+01,1.824089732013295517e+01,2.000000000000000000e+01
