1.630875274570257535e-02,2.794020054950797083e-01,1.068681763743211111e+00,2.384115918007941204e+00,4.225544769636112363e+00,6.592128199923522835e+00,9.479379237633548172e+00,1.286306596838932492e+01,1.661120095949956976e+01,2.000000000000000000e+01
6.362082923158444980e-02,3.429161928152949512e-01,1.180802283566426469e+00,2.576978127656545325e+00,4.530165293446763997e+00,7.034799445807962570e+00,1.006740658042196479e+01,1.353507672711899446e+01,1.711665677606436020e+01,2.006677790133751671e+01
1.419752566418712725e-01,4.373883106644926855e-01,1.323627472732356924e+00,2.799340006093197886e+00,4.859627411512946971e+00,7.486900590073065409e+00,1.062259467414394187e+01,1.409514229063874424e+01,1.750191858627390218e+01,2.013377876708038627e+01
2.511945987305483907e-01,5.623966623447290702e-01,1.496002853187271109e+00,3.048063023938473837e+00,5.206305820568878140e+00,7.934000373890960134e+00,1.113219394360694103e+01,1.457189963644608355e+01,1.781694725090570230e+01,2.020100334168336076e+01
3.906080485339745167e-01,7.168928111865162656e-01,1.695747099144141457e+00,3.318569976396422039e+00,5.562087040102361435e+00,8.366828794577683581e+00,1.159736146714459437e+01,1.498631692510238267e+01,1.808601543808779155e+01,2.026845237208684836e+01
5.587833141514072510e-01,8.990231484472420709e-01,1.919742651334746419e+00,3.605728281576982219e+00,5.920334695048111051e+00,8.781197416687630763e+00,1.202287431818291807e+01,1.535303233760120811e+01,1.832272294989660466e+01,2.033612660772521963e+01
7.534394547734039049e-01,1.106156177637930060e+00,2.164306346231508638e+00,3.904684500046973650e+00,6.276373652013728766e+00,9.175871805933692116e+00,1.241400954943211055e+01,1.568238957177229231e+01,1.853548007840958078e+01,2.040402680053511375e+01
9.715900285582362850e-01,1.335093366650758506e+00,2.425603380928325059e+00,4.211279888954520878e+00,6.627163063883728888e+00,9.551144600864674317e+00,1.277560102014642496e+01,1.598188433088952642e+01,1.872986337603409979e+01,2.047215370496382292e+01
1.209822222572334960e+00,1.582354395010747927e+00,2.699950912325987051e+00,4.522134843403518900e+00,6.970841423274999116e+00,9.908031936782533577e+00,1.311181610379875728e+01,1.625708923841950693e+01,1.890976524452235097e+01,2.054050807797765188e+01
1.464588033528714917e+00,1.844438558154348096e+00,2.983990132031248077e+00,4.834579909826868693e+00,7.306346252471859870e+00,1.024784342901018519e+01,1.342616740093456684e+01,1.651224314595729936e+01,1.907801099149247648e+01,2.060909067907033787e+01
1.732435360842054406e+00,2.118016809508078691e+00,3.274761155506152210e+00,5.146539250554020839e+00,7.633138205174406998e+00,1.057195827182575165e+01,1.372159271557769245e+01,1.675063451963911731e+01,1.923671515934055876e+01,2.067790227027148120e+01
2.010160427045058373e+00,2.400049780944882638e+00,3.569717842644355876e+00,5.456413939805480950e+00,7.951012473826762239e+00,1.088171281292846082e+01,1.400054585426254938e+01,1.697485756789329159e+01,1.938749951459679366e+01,2.074694361615503269e+01
2.294890933607323991e+00,2.687845531549617473e+00,3.866709325376497475e+00,5.762981647121494966e+00,8.259973707768917706e+00,1.117834820444596922e+01,1.426507965562866964e+01,1.718698798669388594e+01,1.953163278902303546e+01,2.081621548384776332e+01
2.584118075332807685e+00,2.979074841527625583e+00,4.163945140112079280e+00,6.065315724366931782e+00,8.560154529439818916e+00,1.146299030061264190e+01,1.451691659599536521e+01,1.738870663379142556e+01,1.967012380467860666e+01,2.088571864303780856e+01
2.875694906876116619e+00,3.271759669375747581e+00,4.459953956874641356e+00,6.362721713996315032e+00,8.851763121328955819e+00,1.173664660180997998e+01,1.475750713865740948e+01,1.758138861542365561e+01,1.980378561051380970e+01,2.095545386598320547e+01
3.167814773801433947e+00,3.564246463615966753e+00,4.753541533059563839e+00,6.654688009996044151e+00,9.135049876390299417e+00,1.200021185952971692e+01,1.498807744002251141e+01,1.776616884256229056e+01,1.993328092813237262e+01,2.102542192752048322e+01
3.458979449729010724e+00,3.855172306687121964e+00,5.043750877561455681e+00,6.940847530833415213e+00,9.410286414463394422e+00,1.225447769291351818e+01,1.520966824842719234e+01,1.794399121237503536e+01,2.005915516424414236e+01,2.109562360507326062e+01
3.747963270833940097e+00,4.143428965597623304e+00,5.329826049888674255e+00,7.220947813247518887e+00,9.677752555386559763e+00,1.250014365182629028e+01,1.542316665093072814e+01,1.811564614742273349e+01,2.018186092122405384e+01,2.116605967866091120e+01
4.033777109739049571e+00,4.428127861703855750e+00,5.611180117598275174e+00,7.494827520713860380e+00,9.937728375821080817e+00,1.273782834131155361e+01,1.562933204629343464e+01,1.828179968763641838e+01,2.030177654778991680e+01,2.123673093090719277e+01
4.315634360863035646e+00,4.708567593653565808e+00,5.887367292025158072e+00,7.762397855867667396e+00,1.019048949134843518e+01,1.296807989597577127e+01,1.582881745601104306e+01,1.844301633533966012e+01,2.041922041575383062e+01,2.130763814704896930e+01
4.592920026468437555e+00,4.984204769060281315e+00,6.158058996835813481e+00,8.023627750174265216e+00,1.043630436847666587e+01,1.319138547752596757e+01,1.602218706045211860e+01,1.859977719814101249e+01,2.053446206721894285e+01,2.137878211494492575e+01
4.865163321173690214e+00,5.254628365650063415e+00,6.423023499079183907e+00,8.278531990033759058e+00,1.067543290154338287e+01,1.340817968576061148e+01,1.620993066668424021e+01,1.875249453510729580e+01,2.064773102597585464e+01,2.145016362508432906e+01
5.132013816271657980e+00,5.519537534450533300e+00,6.682108688987160150e+00,8.527161647753057849e+00,1.090812576738498230e+01,1.361885189227396076e+01,1.639247567251319637e+01,1.890152351196832825e+01,2.075922383511136360e+01,2.152178347059580332e+01
5.393220926391129488e+00,5.778722594027244419e+00,6.935227596935590100e+00,8.769596338322273255e+00,1.113462424933128680e+01,1.382375256753091719e+01,1.657019697997703034e+01,1.904717176321204875e+01,2.086910972667847730e+01,2.159364244725614412e+01
5.648616433402903425e+00,6.032048890580373524e+00,7.182346262112783819e+00,9.005937934490924945e+00,1.135516033656062262e+01,1.402319869981771205e+01,1.674342522416601042e+01,1.918970721216951603e+01,2.097753522205930210e+01,2.166574135349917185e+01
5.898099702133412059e+00,6.279443177777369378e+00,7.423473604709240448e+00,9.236305454946567295e+00,1.156995697791120570e+01,1.421747841322224737e+01,1.691245361425018245e+01,1.932936449474817309e+01,2.108462788667266707e+01,2.173808099042457798e+01
6.141625241145495018e+00,6.520882179450792293e+00,7.658652994366684119e+00,9.460830901821633887e+00,1.177922841567763079e+01,1.440685488984494889e+01,1.707754362873746246e+01,1.946635025537787200e+01,2.119049940927513376e+01,2.181066216180685302e+01
6.379192281778368390e+00,6.756383023338857541e+00,7.887955248020324994e+00,9.679655870183689004e+00,1.198318055428170048e+01,1.459156969401860415e+01,1.723892976305044655e+01,1.960084752639563987e+01,2.129524813737284461e+01,2.188348567410420742e+01
6.610836078857047049e+00,6.985995266128212755e+00,8.111472827941710761e+00,9.892928787723569428e+00,1.218201133715306206e+01,1.477184558645151391e+01,1.739682349208900192e+01,1.973301935875157298e+01,2.139896117167238287e+01,2.195655233646752080e+01
6.836620670441875269e+00,7.209794264015744858e+00,8.329315044737352736e+00,1.010080267043652746e+01,1.237591111664629295e+01,1.494788890564722728e+01,1.755141658172135877e+01,1.986301183865694853e+01,2.150171610103571140e+01,2.202986296074935524e+01
7.056632867935003439e+00,7.427875675943806044e+00,8.541604099970212971e+00,1.030343330173427141e+01,1.256506300889720684e+01,1.511989158366217545e+01,1.770288385973582734e+01,1.999095659892246957e+01,2.160358244303651531e+01,2.210341836151295425e+01
7.270977279770325374e+00,7.640350917084004934e+00,8.748471829025042723e+00,1.050097775958564483e+01,1.274964322980832421e+01,1.528803285373599685e+01,1.785138553762688574e+01,2.011697291336668769e+01,2.170462284255332364e+01,2.217721935604130223e+01
7.479772200820714367e+00,7.847343407394228976e+00,8.950057027114775465e+00,1.069359323001140538e+01,1.292982141088977777e+01,1.545248069878582164e+01,1.799706915885729686e+01,2.024116944647421690e+01,2.180489407091416254e+01,2.225126676434621231e+01
7.683146225222444059e+00,8.048985483990456657e+00,9.146503260294494453e+00,1.088143605632389210e+01,1.310576089512855447e+01,1.561339308225183231e+01,1.814007123628493545e+01,2.036364571748575258e+01,2.190444786024933066e+01,2.232556140917742482e+01
7.881235462559629035e+00,8.245415866772100699e+00,9.337957079409516581e+00,1.106466098247728702e+01,1.327761901383503940e+01,1.577091899628429950e+01,1.828051863075422290e+01,2.048449332759798480e+01,2.200333160142528399e+01,2.240010411603176266e+01
8.074181256479974422e+00,8.436777584470515734e+00,9.524566568442141445e+00,1.124342055621117353e+01,1.344554734578610500e+01,1.592519935669406195e+01,1.841852971401739936e+01,2.060379699041229529e+01,2.210158892886887827e+01,2.247489571316229018e+01
8.262128321126141373e+00,8.623216283368751789e+00,9.706480170096583038e+00,1.141786466365968522e+01,1.360969196011443394e+01,1.607636776935131451e+01,1.855421535183788251e+01,2.072163539879648297e+01,2.219926021148430095e+01,2.254993703158751472e+01
8.445223224592808720e+00,8.804878853693434593e+00,9.883845740995310436e+00,1.158814017201781432e+01,1.377019364438775462e+01,1.622455118870934143e+01,1.868767973706897223e+01,2.083808195560412457e+01,2.229638296551632592e+01,2.262522890510064144e+01
8.623613160284040902e+00,8.981912319421921254e+00,1.005680979683556231e+01,1.175439066090690510e+01,1.392718811924246403e+01,1.636987048575235093e+01,1.881902109747613494e+01,2.095320539099209256e+01,2.239299220247183442e+01,2.270077217027882099e+01
8.797444956852087827e+00,9.154462946268312251e+00,1.022551691451698908e+01,1.191675622642347498e+01,1.408080624082222876e+01,1.651244093982850814e+01,1.894833229890132387e+01,2.106707028519813818e+01,2.248912072295897602e+01,2.277656766649243636e+01
8.966864285621999997e+00,9.322675530169060920e+00,1.039010926381024724e+01,1.207537334461719958e+01,1.423117419214625201e+01,1.665237266645081959e+01,1.907570136090574664e+01,2.117973751243633629e+01,2.258479936544796374e+01,2.285261623591445357e+01
9.132015031287831874e+00,9.486692834908527772e+00,1.055072624577061546e+01,1.223037478342892470e+01,1.437841366440655655e+01,1.678977099115783034e+01,1.920121189915177595e+01,2.129126461891721078e+01,2.268005721742589387e+01,2.292891872352975113e+01
9.293038797416082630e+00,9.646655152802395605e+00,1.070750421896133631e+01,1.238188955401183300e+01,1.452264202907607249e+01,1.692473677786266606e+01,1.932494350639522196e+01,2.140170614580372188e+01,2.277492179515123993e+01,2.300547597714454895e+01
9.450074523090444600e+00,9.802699966759307770e+00,1.086057629776589906e+01,1.253004289392696258e+01,1.466397250160238031e+01,1.705736671872993426e+01,1.944697208197344196e+01,2.151111390609364094e+01,2.286941919716540994e+01,2.308228884739576614e+01
9.603258191032841395e+00,9.954961695710551339e+00,1.101007220974368472e+01,1.267495627600437835e+01,1.480251429736703628e+01,1.718775359146128423e+01,1.956737011802357173e+01,2.161953722290831692e+01,2.296357423584939284e+01,2.315935818776053878e+01
9.752722610869014375e+00,1.010357150845404206e+01,1.115611820120912512e+01,1.281674743773956671e+01,1.493837278050712314e+01,1.731598648890397030e+01,1.968620694929268922e+01,2.172702313541378771e+01,2.305741055059280953e+01,2.323668485456565946e+01
9.898597263982424010e+00,1.024865719350318649e+01,1.129883698206547216e+01,1.295553042698903923e+01,1.507164960612346150e+01,1.744215102509126680e+01,1.980354897225991451e+01,2.183361657755851937e+01,2.315095070554413326e+01,2.331426970699712342e+01
1.004100819871031547e+01,1.039034307464858742e+01,1.143834770246340327e+01,1.309141566047118488e+01,1.520244285633761550e+01,1.756632952115209889e+01,1.991945983834105860e+01,2.193936053394659780e+01,2.324421627441407878e+01,2.339211360710962495e+01
1.018007796655747121e+01,1.052874996370161043e+01,1.157476595513402806e+01,1.322450999219406675e+01,1.533084717060627256e+01,1.768860117396791054e+01,2.003400062515643043e+01,2.204429617644560224e+01,2.333722791439115340e+01,2.347021741983620657e+01
1.031592559170154466e+01,1.066399514335340193e+01,1.170820379830897551e+01,1.335491678944254446e+01,1.545695387065575055e+01,1.780904220998832344e+01,2.014722998918511365e+01,2.214846298453044682e+01,2.343000543088527721e+01,2.354858201299780163e+01
1.044866656739263178e+01,1.079619237430040357e+01,1.183876979502371896e+01,1.348273601438063807e+01,1.558085108036008570e+01,1.792772602622881806e+01,2.025920430258231875e+01,2.225189885186694028e+01,2.352256783453024269e+01,2.362720825731291541e+01
1.057841287395427976e+01,1.092545192179919589e+01,1.196656906533394249e+01,1.360806430967636516e+01,1.570262384085246410e+01,1.804472332014968572e+01,2.036997777648099373e+01,2.235464018122496199e+01,2.361493339163828509e+01,2.370609702640730987e+01
1.070527301401092224e+01,1.105188059765424669e+01,1.209170334858421647e+01,1.373099508684738090e+01,1.582235422113100221e+01,1.816010220984556156e+01,2.047960257272008988e+01,2.245672196946711097e+01,2.370711966910304014e+01,2.378524919682366345e+01
1.082935206132927419e+01,1.117558181434046105e+01,1.221427107337402163e+01,1.385161861626704294e+01,1.594012142439507684e+01,1.827392834574980185e+01,2.058812890562635900e+01,2.255817788407201974e+01,2.379914357458277507e+01,2.386466564803134816e+01
1.095075172029437915e+01,1.129665564854231974e+01,1.233436743328614149e+01,1.397002211797040694e+01,1.605600189032698211e+01,1.838626501487008014e+01,2.069560513521368250e+01,2.265904033241315929e+01,2.389102139265934710e+01,2.394434726243620304e+01
1.106957039356697159e+01,1.141519891187289737e+01,1.245208446679067293e+01,1.408628985256492072e+01,1.617006939351545824e+01,1.849717323841500871e+01,2.080207785294536649e+01,2.275934052481548875e+01,2.398276881755453260e+01,2.402429492539031486e+01
1.118590325590509771e+01,1.153130522693555093e+01,1.256751114002690706e+01,1.420050321168748120e+01,1.628239513820145845e+01,1.860671186354068496e+01,2.090759196102202466e+01,2.285910853224698513e+01,2.407440098289083963e+01,2.410450952520186974e+01
1.129984233249524372e+01,1.164506510722260835e+01,1.268073343140470399e+01,1.431274080756262634e+01,1.639304784951279714e+01,1.871493764983678076e+01,2.101219074600601999e+01,2.295837333936435343e+01,2.416593248890503887e+01,2.418499195314502970e+01
1.141147658043840529e+01,1.175656603962017677e+01,1.279183441716549119e+01,1.442307856130979715e+01,1.650209386134213219e+01,1.882190535108052742e+01,2.111591594746647971e+01,2.305716289351758164e+01,2.425737742745707237e+01,2.426574310346981989e+01
1.152089197228577255e+01,1.186589256851613428e+01,1.290089435720722122e+01,1.453158978972478543e+01,1.660959720101191195e+01,1.892766779271040534e+01,2.121880782222313755e+01,2.315550415022234532e+01,2.434874940512218089e+01,2.434676387341206549e+01
1.162817158072487445e+01,1.197312638069705493e+01,1.300799078061359815e+01,1.463834529032367371e+01,1.671561967086088529e+01,1.903227594540744150e+01,2.132090520467910011e+01,2.325342311552953234e+01,2.444006156460869050e+01,2.442805516320339621e+01
1.173339566368805542e+01,1.207834639037610280e+01,1.311319857044024673e+01,1.474341342448984804e+01,1.682022092687795478e+01,1.913577899511830438e+01,2.142224556365873767e+01,2.335094488565469462e+01,2.453132660470578230e+01,2.450961787608118669e+01
1.183664174929646684e+01,1.218162882382316958e+01,1.321659004740328314e+01,1.484686019860724748e+01,1.692345855450214032e+01,1.923822440980948656e+01,2.152286505610544154e+01,2.344809368417468676e+01,2.462255679893388560e+01,2.459145291829864632e+01
1.193798472016980838e+01,1.228304730317544369e+01,1.331823505219234960e+01,1.494874934309815195e+01,1.702538814170042869e+01,1.933965800320384787e+01,2.162279857794241167e+01,2.354489289705247046e+01,2.471376401304388537e+01,2.467356119913486268e+01
1.203749689672857492e+01,1.238267292909473305e+01,1.341820102619321275e+01,1.504914238931223025e+01,1.712606334942942610e+01,1.944012399571917982e+01,2.172207981235641228e+01,2.364136510571219318e+01,2.480495972148926498e+01,2.475594363090491612e+01
1.213524811919532986e+01,1.248057436201073322e+01,1.351655309045694153e+01,1.514809874423692904e+01,1.722553597958132343e+01,1.953966507280140519e+01,2.182074127572842315e+01,2.373753211835450116e+01,2.489615502297688110e+01,2.483860112897000150e+01
1.223130582806724931e+01,1.257681790174923897e+01,1.361335412279520796e+01,1.524567576301797089e+01,1.732385604050947236e+01,1.963832244082247414e+01,2.191881436140466732e+01,2.383341499967464472e+01,2.498736065518650307e+01,2.492153461174761730e+01
1.232573514288615435e+01,1.267146756539366947e+01,1.370866483291621662e+01,1.534192881929396712e+01,1.742107181022463891e+01,1.973613588069375169e+01,2.201632938147609053e+01,2.392903409912345936e+01,2.507858700873646285e+01,2.500474500072175843e+01
1.241859893917681035e+01,1.276458516326865400e+01,1.380254383554418673e+01,1.543691137336129415e+01,1.751722989734851765e+01,1.983314379932942728e+01,2.211331560671288088e+01,2.402440907783211088e+01,2.516984414046196505e+01,2.508823322045315507e+01
1.250995792346043523e+01,1.285623037296747384e+01,1.389504772148858791e+01,1.553067503819497119e+01,1.761237529990746609e+01,1.992938327908061424e+01,2.220980130478261927e+01,2.411955893430559072e+01,2.526114178606329830e+01,2.517200019858955784e+01
1.259987070628040762e+01,1.294646081137232052e+01,1.398623112664805923e+01,1.562326964335890267e+01,1.770655146204557440e+01,2.002489012524888423e+01,2.230581377686526778e+01,2.421450202897640480e+01,2.535248937217393816e+01,2.525604686587602643e+01
1.268839387320108081e+01,1.303533210463811010e+01,1.407614679894919441e+01,1.571474329684475357e+01,1.779980032873305262e+01,2.011969891177797010e+01,2.240137939276547030e+01,2.430925610769858380e+01,2.544389602789171789e+01,2.534037415616528222e+01
1.277558205376058709e+01,1.312289795612857368e+01,1.416484566323252992e+01,1.580514244488316855e+01,1.789216239854262369e+01,2.021384302521348530e+01,2.249652362461150901e+01,2.440383832425262511e+01,2.553537059581121937e+01,2.542498300642809284e+01
1.286148798837418639e+01,1.320921021230758541e+01,1.425237688410778070e+01,1.589451192977444016e+01,1.798367677456369762e+01,2.030735470701311485e+01,2.259127107922109090e+01,2.449826526192378751e+01,2.562692164259073380e+01,2.550987435676365678e+01
1.294616259319769291e+01,1.329431892660026904e+01,1.433878792680799208e+01,1.598289504578811560e+01,1.807438121352141280e+01,2.040026509428313162e+01,2.268564552920602750e+01,2.459255295420938836e+01,2.571855746908327944e+01,2.559504915041007678e+01
1.302965502297051081e+01,1.337827242124746618e+01,1.442412461607833229e+01,1.607033359318267074e+01,1.816431217316483071e+01,2.049260425901141502e+01,2.277966994288133407e+01,2.468671690470479874e+01,2.581028612005817280e+01,2.568050833375482966e+01
1.311201273186607175e+01,1.346111734718447117e+01,1.450843119313967300e+01,1.615686793039739655e+01,1.825350485798622557e+01,2.058440124586219255e+01,2.287336651303803592e+01,2.478077210621301774e+01,2.590211539353646231e+01,2.576625285634526819e+01
1.319328153238365609e+01,1.354289874198041765e+01,1.459175037077070591e+01,1.624253702446912229e+01,1.834199326333100899e+01,2.067568410859323791e+01,2.296675668463436537e+01,2.487473305911822763e+01,2.599405284976157304e+01,2.585228367089919743e+01
1.327350565232045199e+01,1.362366008587901511e+01,1.467412338655470805e+01,1.632737849972658850e+01,1.842981021795550589e+01,2.076647994515262496e+01,2.305986118145526831e+01,2.496861378906033480e+01,2.608610581982416576e+01,2.593860173331543706e+01
1.335272778986642095e+01,1.370344335598454144e+01,1.475559005433890647e+01,1.641142868481484385e+01,1.851698742508784079e+01,2.085681493150838861e+01,2.315270003178662961e+01,2.506242786394407673e+01,2.617828141395865771e+01,2.602520800268445811e+01
1.343098916686720834e+01,1.378228907863924313e+01,1.483618881395534395e+01,1.649472265810181071e+01,1.860355550204488395e+01,2.094671435426158013e+01,2.324529259314718033e+01,2.515618841031380271e+01,2.627058652952735329e+01,2.611210344129904470e+01
1.350832958030223097e+01,1.386023638003991110e+01,1.491595677925295504e+01,1.657729429151820355e+01,1.868954401845650892e+01,2.103620264209041935e+01,2.333765757611807956e+01,2.524990812912245985e+01,2.636302785870667620e+01,2.619928901466494509e+01
1.358478745202623372e+01,1.393732303514232029e+01,1.499492978449057823e+01,1.665917629288127344e+01,1.877498153314636298e+01,2.112530339607049612e+01,2.342981306730769120e+01,2.534359931092134843e+01,2.645561189588911333e+01,2.628676569151166831e+01
1.366039987682357726e+01,1.401358551490281101e+01,1.507314242914051228e+01,1.674040024675176497e+01,1.885989562971666089e+01,2.121403941891416878e+01,2.352177655148674873e+01,2.543727385049538370e+01,2.654834494481325891e+01,2.637453444380317791e+01
1.373520266882440843e+01,1.408905903190628450e+01,1.515062812115190916e+01,1.682099665387244158e+01,1.894431295088276812e+01,2.130243274316970314e+01,2.361356493292701586e+01,2.553094326096695710e+01,2.664123312543366495e+01,2.646259624674873834e+01
1.380923040633214249e+01,1.416377758442974155e+01,1.522741911872254050e+01,1.690099496923534161e+01,1.902825923160162347e+01,2.139050465841915383e+01,2.370519455597471747e+01,2.562461868739011805e+01,2.673428238054136941e+01,2.655095207881373653e+01
1.388251647511112274e+01,1.423777399899004692e+01,1.530354657062681945e+01,1.698042363882369088e+01,1.911175933103656988e+01,2.147827573751205676e+01,2.379668122488844872e+01,2.571831091985544759e+01,2.682749848214524846e+01,2.663960292173054611e+01
1.395509311018290610e+01,1.431107997142391319e+01,1.537904055514693447e+01,1.705931013507321126e+01,1.919483726339962359e+01,2.156576586187047084e+01,2.388804022296961449e+01,2.581203040612491861e+01,2.692088703762386359e+01,2.672854976050944131e+01
1.402699143617875599e+01,1.438372610654731787e+01,1.545393011765300351e+01,1.713768099109621801e+01,1.927751622771059914e+01,2.165299424589927213e+01,2.397928633101220086e+01,2.590578726381501085e+01,2.701445349565680232e+01,2.681779358344955000e+01
1.409824150629508210e+01,1.445574195644058868e+01,1.552824330687710486e+01,1.721556183371075477e+01,1.935981863651139179e+01,2.173997946053422936e+01,2.407043384509735517e+01,2.599959129214536802e+01,2.710820315194411023e+01,2.690733538214982445e+01
1.416887233989771033e+01,1.452715605740447735e+01,1.560200720992477841e+01,1.729297741531565435e+01,1.944176614357199995e+01,2.182673945595916720e+01,2.416149659375708580e+01,2.609345198326943915e+01,2.720214115472198557e+01,2.699717615152006545e+01
1.423891195881954808e+01,1.459799596563131807e+01,1.567524798606662984e+01,1.736995164465106356e+01,1.952337967062388557e+01,2.191329158352203876e+01,2.425248795453035200e+01,2.618737853320282483e+01,2.729627251008238176e+01,2.708731688979195340e+01
1.430838742239541261e+01,1.466828829163437042e+01,1.574799089935124208e+01,1.744650761648302506e+01,1.960467943315485684e+01,2.199965261687877316e+01,2.434342086993382281e+01,2.628137985236427099e+01,2.739060208710393951e+01,2.717775859853018261e+01
1.437732486127638509e+01,1.473805873347719242e+01,1.582026035007961440e+01,1.752266764024911438e+01,1.968568496529840317e+01,2.208583877239254178e+01,2.443430786286851486e+01,2.637546457574356751e+01,2.748513462280129360e+01,2.726850228264355636e+01
1.444574951006497798e+01,1.480733210884373818e+01,1.589207990518002056e+01,1.759845326770121687e+01,1.976641514384940734e+01,2.217186572881498208e+01,2.452516105148287551e+01,2.646964107271008970e+01,2.757987472689935871e+01,2.735954895039616730e+01
1.451368573881126878e+01,1.487613238598870957e+01,1.596347232752103196e+01,1.767388531958018660e+01,1.984688821143687676e+01,2.225774864627498673e+01,2.461599216351184438e+01,2.656391745647502134e+01,2.767482688643914912e+01,2.745089961341859564e+01
1.458115708340885952e+01,1.494448271360645819e+01,1.603445960419925598e+01,1.774898391135604214e+01,1.992712179888333424e+01,2.234350218459971416e+01,2.470681255011072253e+01,2.665830159321986059e+01,2.776999547022117554e+01,2.754255528671914277e+01
1.464818627492841152e+01,1.501240544965560630e+01,1.610506297383718888e+01,1.782376847806620646e+01,2.000713294677944276e+01,2.242914052099147071e+01,2.479763319920200360e+01,2.675280111090324908e+01,2.786538473309238384e+01,2.763451698869512541e+01
1.471479526792530557e+01,1.507992218917534899e+01,1.617530295292548104e+01,1.789825779828324670e+01,2.008693812630147235e+01,2.251467736708331557e+01,2.488846474835253986e+01,2.684742340775763481e+01,2.796099882008215687e+01,2.772678574114417316e+01
1.478100526775678247e+01,1.514705379112825590e+01,1.624519936124267616e+01,1.797247001724243276e+01,2.016655325929813714e+01,2.260012598539539042e+01,2.497931749719776917e+01,2.694217566048701684e+01,2.805684177039306348e+01,2.781936256927560436e+01
1.484683675694294713e+01,1.521382040430333937e+01,1.631477134638451787e+01,1.804642266915849902e+01,2.024599373767253496e+01,2.268549920521313368e+01,2.507020141942913938e+01,2.703706483217627721e+01,2.815291752125125768e+01,2.791224850172179117e+01
1.491230952060456083e+01,1.528024149231187323e+01,1.638403740743380510e+01,1.812013269875989252e+01,2.032527444208390222e+01,2.277080943790782896e+01,2.516112617436020926e+01,2.713209767992263011e+01,2.824922991162178576e+01,2.800544457054960645e+01
1.497744267100991955e+01,1.534633585770761144e+01,1.645301541780068533e+01,1.819361648206785986e+01,2.040440975999310425e+01,2.285606869171914113e+01,2.525210111808645408e+01,2.722728076219875604e+01,2.834578268579349114e+01,2.809895181127187413e+01
1.504225467126159366e+01,1.541212166526178429e+01,1.652172264726235795e+01,1.826688984644686542e+01,2.048341360307486880e+01,2.294128858601864351e+01,2.534313531425298649e+01,2.732262044595750794e+01,2.844257949683823483e+01,2.819277126285891555e+01
1.510676335815312221e+01,1.547761646442236838e+01,1.659017578323011222e+01,1.833996808995171435e+01,2.056229942401908062e+01,2.302648036507260443e+01,2.543423754444427587e+01,2.741812291348700015e+01,2.853962390994882270e+01,2.828690396775003535e+01
1.517098596422450640e+01,1.554283721098605398e+01,1.665839095127069669e+01,1.841286599999616413e+01,2.064108023274248183e+01,2.311165491132169336e+01,2.552541631820902168e+01,2.751379416902527097e+01,2.863691940566002003e+01,2.838135097186514244e+01
1.523493913904452235e+01,1.560780028801040764e+01,1.672638373490806174e+01,1.848559787136664312e+01,2.071976861203158293e+01,2.319682275819458539e+01,2.561667988273319452e+01,2.760964004514271153e+01,2.873446938295675679e+01,2.847611332461637801e+01
1.529863896974680593e+01,1.567252152599277615e+01,1.679416919473068504e+01,1.855817752360411532e+01,2.079837673263669018e+01,2.328199410247192347e+01,2.570803623217361178e+01,2.770566620890069487e+01,2.883227716227347059e+01,2.857119207891973645e+01
1.536210100084583274e+01,1.573701622234156083e+01,1.686176188682874511e+01,1.863061831777620014e+01,2.087691636783634408e+01,2.336717881621636650e+01,2.579949311666399936e+01,2.780187816779413268e+01,2.893034598838854876e+01,2.866658829120680352e+01
1.542534025335793579e+01,1.580129916016460534e+01,1.692917588058461575e+01,1.870293317266093780e+01,2.095539890749081025e+01,2.345238645828412416e+01,2.589105805100505719e+01,2.789828127548577896e+01,2.902867903321746823e+01,2.876230302143647322e+01
1.548837124325171111e+01,1.586538462639862068e+01,1.699642477583935474e+01,1.877513458036283112e+01,2.103383537160245353e+01,2.353762628543254465e+01,2.598273832304978725e+01,2.799488073733939331e+01,2.912727939850824299e+01,2.885833733310673921e+01
1.555120799925127528e+01,1.592928642930271188e+01,1.706352171945702167e+01,1.884723462138104111e+01,2.111223642340044293e+01,2.362290726303805855e+01,2.607454100179460355e+01,2.809168161575905387e+01,2.922615011844267485e+01,2.895469229326648986e+01
1.561386408001503945e+01,1.599301791533825323e+01,1.713047942130789281e+01,1.891924497914899916e+01,2.119061238196638541e+01,2.370823807543814254e+01,2.616647294518675437e+01,2.818868883534135250e+01,2.932529416214663698e+01,2.905136897252738493e+01
1.567635259071185949e+01,1.605659198545666300e+01,1.719731016969107174e+01,1.899117695406395967e+01,2.126897323441706078e+01,2.379362713591053335e+01,2.625854080765796894e+01,2.828590718784701608e+01,2.942471443611263382e+01,2.914836844507574654e+01
1.573868619901571719e+01,1.612002111081578448e+01,1.726402584621598990e+01,1.906304147702436680e+01,2.134732864765977922e+01,2.387908259630240693e+01,2.635075104739393126e+01,2.838334133699843420e+01,2.952441378653781001e+01,2.924569178868448915e+01
1.580087715053927333e+01,1.618331734794492860e+01,1.733063794016188908e+01,1.913484912249234782e+01,2.142568797973540740e+01,2.396461235632182962e+01,2.644310993334892146e+01,2.848099582310912226e+01,2.962439500158021843e+01,2.934334008472509936e+01
1.586293728372601741e+01,1.624649235337789577e+01,1.739715756233352906e+01,1.920661012109794186e+01,2.150406029076346925e+01,2.405022407250339356e+01,2.653562355201453471e+01,2.857887506755103857e+01,2.972466081353637435e+01,2.944131441817965111e+01
1.592487804421990916e+01,1.630955739777264668e+01,1.746359545843085570e+01,1.927833437180120058e+01,2.158245435350341879e+01,2.413592516685941902e+01,2.662829781395117834e+01,2.867698337706551825e+01,2.982521390094278146e+01,2.953961587765285302e+01
1.598671049873097694e+01,1.637252337953562886e+01,1.752996202194958286e+01,1.935003145362766830e+01,2.166087866354537894e+01,2.422172283522779779e+01,2.672113846009063920e+01,2.877532494792323092e+01,2.992605689060412644e+01,2.963824555538415595e+01
1.604844534841438630e+01,1.643540083796811402e+01,1.759626730662929361e+01,1.942171063699214884e+01,2.173934144914353439e+01,2.430762405532717096e+01,2.681415106781773972e+01,2.887390386993858016e+01,3.002719235955076016e+01,2.973720454725988205e+01
1.611009294178021278e+01,1.649819996595135052e+01,1.766252103846476373e+01,1.949338089462530021e+01,2.181785068070464106e+01,2.439363559452960573e+01,2.690734105683897326e+01,2.897272413034356475e+01,3.012862283692785326e+01,2.983649395282540695e+01
1.617166328715024903e+01,1.656093062218668166e+01,1.772873262729597599e+01,1.956505091211696978e+01,2.189641407994370681e+01,2.447976401736084284e+01,2.700071369484541250e+01,2.907178961752604351e+01,3.023035080581878020e+01,2.993611487529736692e+01
1.623316606467781398e+01,1.662360234300625095e+01,1.779491117799156896e+01,1.963672909808967049e+01,2.197503912871868081e+01,2.456601569273756880e+01,2.709427410297729111e+01,2.917110412463730995e+01,3.033237870500482103e+01,3.003606842157592638e+01
1.629461063794588327e+01,1.668622435376938995e+01,1.786106550123990999e+01,1.970842359401525457e+01,2.205373307755527890e+01,2.465239680095100638e+01,2.718802726109714030e+01,2.927067135307334667e+01,3.043470893066374217e+01,3.013635570225707028e+01
1.635600606515835054e+01,1.674880557985919438e+01,1.792720412396172591e+01,1.978014228368726535e+01,2.213250295387287991e+01,2.473891334040570555e+01,2.728197801287816660e+01,2.937049491583437089e+01,3.053734383800903274e+01,3.023697783164495334e+01
1.641736110993866049e+01,1.681135465729334655e+01,1.799333529935740472e+01,1.985189280236107123e+01,2.221135556992200222e+01,2.482557113412213212e+01,2.737613107071450003e+01,2.947057834076690597e+01,3.064028574287216955e+01,3.033793592776426706e+01
1.647868425174962681e+01,1.687387994296269866e+01,1.805946701660191067e+01,1.992368254557344898e+01,2.229029753044346052e+01,2.491237583601138184e+01,2.747049102045941282e+01,2.957092507369242895e+01,3.074353692322981502e+01,3.043923111237267420e+01
1.653998369594775752e+01,1.693638952451072655e+01,1.812560701019963361e+01,1.999551867765284996e+01,2.236933524005900864e+01,2.499933293692998149e+01,2.756506232599765127e+01,2.967153848142670469e+01,3.084709962067780609e+01,3.054086451097327171e+01
1.660126738348481368e+01,1.699889122986639123e+01,1.819176276901111677e+01,2.006740813993121364e+01,2.244847491040285448e+01,2.508644777052252550e+01,2.765984933365767162e+01,2.977242185469354752e+01,3.095097604185395568e+01,3.064283725282708559e+01
1.666254300026912816e+01,1.706139263644263693e+01,1.825794154496316679e+01,2.013935765866784422e+01,2.252772256700314912e+01,2.517372551885955545e+01,2.775485627646938980e+01,2.987357841093674438e+01,3.105516835981135415e+01,3.074515047096562981e+01
1.672381798619849747e+01,1.712390108001224931e+01,1.832415036145350129e+01,2.021137375269538694e+01,2.260708405592229298e+01,2.526117121787797259e+01,2.785008727827293029e+01,2.997501129703378808e+01,3.115967871534394007e+01,3.084780530220349348e+01
1.678509954387629577e+01,1.718642366327237525e+01,1.839039602146062080e+01,2.028346274079772371e+01,2.268656505016443603e+01,2.534878976263077277e+01,2.794554635768351147e+01,3.007672359191469269e+01,3.126450921826603135e+01,3.095080288715096373e+01
1.684639464702177136e+01,1.724896726410864289e+01,1.845668511536925749e+01,2.035563074882919921e+01,2.276617105585840406e+01,2.543658591235295319e+01,2.804123743191762941e+01,3.017871830908948283e+01,3.136966194864740842e+01,3.105414437022671947e+01
1.690771004858546078e+01,1.731153854356945132e+01,1.852302402852141938e+01,2.042788371658418711e+01,2.284590741822393767e+01,2.552456429534989724e+01,2.813716432048529370e+01,3.028099839908731639e+01,3.147513895800557293e+01,3.115783089967052533e+01
1.696905228857990977e+01,1.737414395356058350e+01,1.858941894850260468e+01,2.050022740442584634e+01,2.292577932732880797e+01,2.561272941371460732e+01,2.823333074875314708e+01,3.038356675181047706e+01,3.158094227045657831e+01,3.126186362755598225e+01
1.703042770163576947e+01,1.743678974426996220e+01,1.865587587217254040e+01,2.057266739968250135e+01,2.300579182364419495e+01,2.570108564787971517e+01,2.832974035138288471e+01,3.048642619880623883e+01,3.168707388382602375e+01,3.136624370980337773e+01
1.709184242429289569e+01,1.749948197133202399e+01,1.872240061244940890e+01,2.064520912281975740e+01,2.308594980340540204e+01,2.578963726101004639e+01,2.842639667564944972e+01,3.058957951545943388e+01,3.179353577072147985e+01,3.147097230619246488e+01
1.715330240203576651e+01,1.756222650274085950e+01,1.878899880485613494e+01,2.071785783339626263e+01,2.316625802378473864e+01,2.587838840324147682e+01,2.852330318464314729e+01,3.069302942310847016e+01,3.190032987956782762e+01,3.157605058037539791e+01
1.721481339608217809e+01,1.762502902552094142e+01,1.885567591383723496e+01,2.079061863581076608e+01,2.324672110788315038e+01,2.596734311577125354e+01,2.862046326035980570e+01,3.079677859108762661e+01,3.200745813560664743e+01,3.168147969988963553e+01
1.727638098993385185e+01,1.768789505216392755e+01,1.892243723885415463e+01,2.086349648484765851e+01,2.332734354954698119e+01,2.605650533480524800e+01,2.871788020668290287e+01,3.090082963869809873e+01,3.211492244186116096e+01,3.178726083617092613e+01
1.733801059569742264e+01,1.775082992683979199e+01,1.898928792026690715e+01,2.093649619102823678e+01,2.340812971801600639e+01,2.614587889536699095e+01,2.881555725226145270e+01,3.100518513711031687e+01,3.222272468006769941e+01,3.189339516456631074e+01
1.739970746018369496e+01,1.781383883139016433e+01,1.905623294500957243e+01,2.100962242577436712e+01,2.348908386240866619e+01,2.623546753497337747e+01,2.891349755328730353e+01,3.110984761119997088e+01,3.233086671157499126e+01,3.199988386434720411e+01
1.746147667079314658e+01,1.787692679111156480e+01,1.912327715206682299e+01,2.108287972639126551e+01,2.357021011605019467e+01,2.632527489718177804e+01,2.901170419617540830e+01,3.121481954132012504e+01,3.243935037821244549e+01,3.210672811872247223e+01
1.752332316119501243e+01,1.794009868033587907e+01,1.919042523775847187e+01,2.115627250087562672e+01,2.365151250064917932e+01,2.641530453501301778e+01,2.911018020015041685e+01,3.132010336501149439e+01,3.254817750312839308e+01,3.221392911485160226e+01
1.758525171680734545e+01,1.800335922781522058e+01,1.925768176083884597e+01,2.122980503255531204e+01,2.373299493032784824e+01,2.650555991425460434e+01,2.920892851974295112e+01,3.142570147865328778e+01,3.265734989159942359e+01,3.232148804385786889e+01
1.764726698008488626e+01,1.806671302191801587e+01,1.932505114741740471e+01,2.130348148456648616e+01,2.381466121551127557e+01,2.659604441664840380e+01,2.930795204719870384e+01,3.153161623905652533e+01,3.276686933181186134e+01,3.242940610084158948e+01
1.770937345562161980e+01,1.813016451564294584e+01,1.939253769570692043e+01,2.137730590417392662e+01,2.389651506668039715e+01,2.668676134296685021e+01,2.940725361480340183e+01,3.163784996500191227e+01,3.287673759561631215e+01,3.253768448489340415e+01
1.777157551507448829e+01,1.819371803145719113e+01,1.946014558060529609e+01,2.145128222693997344e+01,2.397856009799367882e+01,2.677771391598153983e+01,2.950683599712662186e+01,3.174440493872426217e+01,3.298695643925614718e+01,3.264632439910757711e+01
1.783387740191450632e+01,1.825737776596508510e+01,1.952787885811681790e+01,2.152541428074747643e+01,2.406079983078195283e+01,2.686890528332805417e+01,2.960670191318729394e+01,3.185128340734522823e+01,3.309752760407106820e+01,3.275532705059539040e+01
1.789628323601137083e+01,1.832114779441315022e+01,1.959574146961849195e+01,2.159970578968183830e+01,2.414323769692102672e+01,2.696033852027062494e+01,2.970685402854365265e+01,3.195848758425637826e+01,3.320845281717641484e+01,3.286469365049852343e+01
1.795879701805737838e+01,1.838503207503726955e+01,1.966373724597693950e+01,2.167416037777711679e+01,2.422587704208619996e+01,2.705201663237017939e+01,2.980729495731027257e+01,3.206601965045402380e+01,3.331973379211912345e+01,3.297442541400256744e+01
1.802142263383639076e+01,1.844903445325755698e+01,1.973186991152105918e+01,2.174878157263096412e+01,2.430872112889293035e+01,2.714394255805909495e+01,2.990802726410476708e+01,3.217388175582785692e+01,3.343137222951125409e+01,3.308452356035044062e+01
1.808416385834309992e+01,1.851315866572620550e+01,1.980014308787551869e+01,2.182357280889297613e+01,2.439177313992765050e+01,2.723611917112605951e+01,3.000905346592661616e+01,3.228207602040475876e+01,3.354336981764171099e+01,3.319498931285603760e+01
1.814702435975807404e+01,1.857740834423355381e+01,1.986856029765999665e+01,2.189853743163094890e+01,2.447503618067252873e+01,2.732854928311407505e+01,3.011037603397049622e+01,3.239060453554949959e+01,3.365572823306712280e+01,3.330582389891772976e+01
1.821000770328348395e+01,1.864178701947732719e+01,1.993712496805886047e+01,2.197367869957928832e+01,2.455851328232794373e+01,2.742123564563472016e+01,3.021199739537645357e+01,3.249946936512374407e+01,3.376844914118239416e+01,3.341702855003205741e+01
1.827311735484444810e+01,1.870629812469979569e+01,2.000584043426583847e+01,2.204899978827371854e+01,2.464220740453627911e+01,2.751418095260159546e+01,3.031391993491906689e+01,3.260867254660492165e+01,3.388153419677182399e+01,3.352860450180741481e+01
1.833635668466076041e+01,1.877094499919759585e+01,2.007470994280809862e+01,2.212450379307629333e+01,2.472612143801045548e+01,2.760738784238580124e+01,3.041614599663778762e+01,3.271821609216633675e+01,3.399498504454143699e+01,3.364055299397772814e+01
1.839972897069350211e+01,1.883573089170860015e+01,2.014373665475389075e+01,2.220019373209456504e+01,2.481025820707058571e+01,2.770085889989616490e+01,3.051867788541058957e+01,3.282810198971979787e+01,3.410880331963303291e+01,3.375287527041629687e+01
1.846323740197090402e+01,1.890065896368016851e+01,2.021292364880795844e+01,2.227607254899861999e+01,2.489462047209197593e+01,2.779459665858686890e+01,3.062151786847274693e+01,3.293833220392226480e+01,3.422299064812089142e+01,3.386557257914956409e+01
1.852688508179782545e+01,1.896573229242300940e+01,2.028227392429855769e+01,2.235214311573954404e+01,2.497921093186755925e+01,2.788860360239506164e+01,3.072466817688287932e+01,3.304890867714760105e+01,3.433754864749143820e+01,3.397864617237101470e+01
1.859067503085275419e+01,1.903095387415455519e+01,2.035179040405995465e+01,2.242840823517284221e+01,2.506403222588777524e+01,2.798288216761084612e+01,3.082813100693791952e+01,3.315983333042473902e+01,3.445247892710669646e+01,3.409209730645506653e+01
1.865461019017644873e+01,1.909632662693584493e+01,2.042147593721403354e+01,2.250487064359007050e+01,2.514908693654085070e+01,2.807743474468210465e+01,3.093190852153895776e+01,3.327110806434342294e+01,3.456778308865196436e+01,3.420592724197103962e+01
1.871869342405589975e+01,1.916185339350557015e+01,2.049133330185458490e+01,2.258153301316197670e+01,2.523437759123617852e+01,2.817226367995635883e+01,3.103600285150957561e+01,3.338273475992875916e+01,3.468346272656830820e+01,3.432013724369716812e+01
1.878292752280738753e+01,1.922753694401495039e+01,2.056136520763764253e+01,2.265839795429620906e+01,2.531990666445357974e+01,2.826737127736193145e+01,3.114041609686842804e+01,3.349471527948545457e+01,3.479951942847051782e+01,3.443472858063464770e+01
1.884731520546209182e+01,1.929337997866689136e+01,2.063157429828128997e+01,2.273546801791261629e+01,2.540567657972101401e+01,2.836275980003057029e+01,3.124515032805759773e+01,3.360705146741305782e+01,3.491595477555077309e+01,3.454970252602173986e+01
1.891185912235773969e+01,1.935938513026278684e+01,2.070196315397792475e+01,2.281274569763902704e+01,2.549168971152323593e+01,2.845843147186348787e+01,3.135020758712835232e+01,3.371974515099301328e+01,3.503277034296880998e+01,3.466506035734790458e+01
1.897656185763955250e+01,1.942555496666022918e+01,2.077253429372225924e+01,2.289023343193028026e+01,2.557794838714389485e+01,2.855438847904293809e+01,3.145558988888572571e+01,3.383279814114869311e+01,3.514996770022890615e+01,3.478080335636801124e+01
1.904142593167368247e+01,1.949189199314471921e+01,2.084329017755782587e+01,2.296793360611327373e+01,2.566445488844333056e+01,2.865063297149110255e+01,3.156129922199343696e+01,3.394621223317923864e+01,3.526754841154414777e+01,3.489693280911656359e+01
1.910645380337627230e+01,1.955839865471846295e+01,2.091423320874503844e+01,2.304584855436052138e+01,2.575121145357434216e+01,2.874716706427829394e+01,3.166733755004052142e+01,3.405998920746817760e+01,3.538551403618853186e+01,3.501345000592202439e+01
1.917164787246095869e+01,1.962507733830906886e+01,2.098536573585339937e+01,2.312398056159483062e+01,2.583822027863818249e+01,2.884399283898209276e+01,3.177370681257099250e+01,3.417413083016768383e+01,3.550386612883720261e+01,3.513035624142109725e+01
1.923701048160789284e+01,1.969193037490107301e+01,2.105669005478060996e+01,2.320233186532743375e+01,2.592548351928277484e+01,2.894111234499927932e+01,3.188040892607788734e+01,3.428863885385940335e+01,3.562260623989530472e+01,3.524765281457317201e+01
1.930254391855680396e+01,1.975896004159288566e+01,2.112820841070112721e+01,2.328090465743201776e+01,2.601300329224523722e+01,2.903852760081212381e+01,3.198744578496284419e+01,3.440351501819254310e+01,3.574173591581590870e+01,3.536534102867469898e+01
1.936825041812694792e+01,1.982616856358187363e+01,2.119992299994665075e+01,2.335970108585675220e+01,2.610078167684068262e+01,2.913624059521071175e+01,3.209481926246259320e+01,3.451876105050016719e+01,3.586125669940723526e+01,3.548342219137373377e+01
1.943413216416644218e+01,1.989355811608006164e+01,2.127183597182092356e+01,2.343872325627667053e+01,2.618882071639914244e+01,2.923425328847278948e+01,3.220253121154333087e+01,3.463437866639434759e+01,3.598117013012976884e+01,3.560189761468437553e+01
1.950019129143344898e+01,1.996113082616286860e+01,2.134394943035112391e+01,2.351797323368835180e+01,2.627712241965247486e+01,2.933256761350265762e+01,3.231058346576429585e+01,3.475036957034100027e+01,3.610147774438343760e+01,3.572076861500146805e+01
1.956642988741164757e+01,2.002888877455327687e+01,2.141626543597816834e+01,2.359745304394899534e+01,2.636568876207296697e+01,2.943118547693054410e+01,3.241897784011142392e+01,3.486673545621507486e+01,3.622218107578525093e+01,3.584003651311510907e+01
1.963284999406225140e+01,2.009683399734367981e+01,2.148878600718796861e+01,2.367716467526186008e+01,2.645452168716537500e+01,2.953010876017383879e+01,3.252771613180235022e+01,3.498347800783677286e+01,3.634328165543787037e+01,3.595970263422540114e+01
1.969945360951486535e+01,2.016496848765758543e+01,2.156151312208573856e+01,2.375711007960989818e+01,2.654362310771403344e+01,2.962933932046154695e+01,3.263680012106358674e+01,3.510059889948956879e+01,3.646478101218917800e+01,3.607976830795713852e+01
1.976624268969925780e+01,2.023329419725330069e+01,2.163444871991542939e+01,2.383729117413943754e+01,2.663299490698657124e+01,2.972887899182320837e+01,3.274623157188098332e+01,3.521809979642046784e+01,3.658668067288343906e+01,3.620023486837460069e+01
1.983321914992016133e+01,2.030181303807165349e+01,2.170759470252612999e+01,2.391770984249569310e+01,2.672263893989580552e+01,2.982872958604361813e+01,3.285601223272428939e+01,3.533598235532340226e+01,3.670898216260412283e+01,3.632110365399636009e+01
1.990038486637710946e+01,2.037052688372966003e+01,2.178095293578731173e+01,2.399836793611171970e+01,2.681255703412126579e+01,2.992889289358447513e+01,3.296614383724690356e+01,3.545424822480610771e+01,3.683168700490881520e+01,3.644237600781017505e+01
1.996774167763124908e+01,2.043943757096212721e+01,2.185452525095475806e+01,2.407926727545252632e+01,2.690275099119176971e+01,3.002937068447410240e+01,3.307662810496143635e+01,3.557289904584119711e+01,3.695479672205649280e+01,3.656405327728789700e+01
2.003529138602092630e+01,2.050854690101291311e+01,2.192831344598888066e+01,2.416040965121587902e+01,2.699322258753037929e+01,3.013016470916649681e+01,3.318746674189216606e+01,3.569193645220192224e+01,3.707831283522730104e+01,3.668613681440041319e+01
2.010303575902788609e+01,2.057785664097768574e+01,2.200231928682708116e+01,2.424179682549133119e+01,2.708397357546315121e+01,3.023127669937058570e+01,3.329866144120510540e+01,3.581136207088330536e+01,3.720223686473531188e+01,3.680862797563274569e+01
2.017097653059594009e+01,2.064736852509991039e+01,2.207654450861181772e+01,2.432343053287892332e+01,2.717500568419285401e+01,3.033270836885092692e+01,3.341021388381644641e+01,3.593117752250891783e+01,3.732657033023433968e+01,3.693152812199905810e+01
2.023911540240348828e+01,2.071708425602158243e+01,2.215099081687586491e+01,2.440531248156903388e+01,2.726632062073894858e+01,3.043446141420075080e+01,3.352212573898017922e+01,3.605138442172401625e+01,3.745131475091710627e+01,3.705483861905779008e+01
2.030745404509177732e+01,2.078700550599042174e+01,2.222565988868635856e+01,2.448744435438467448e+01,2.735792007084501520e+01,3.053653751558832852e+01,3.363439866485559548e+01,3.617198437757541996e+01,3.757647164570801834e+01,3.717856083692684166e+01
2.037599409945037721e+01,2.085713391802502770e+01,2.230055337374898627e+01,2.456982780978758285e+01,2.744980569985470709e+01,3.063893833747762230e+01,3.374703430905542234e+01,3.629297899387864845e+01,3.770204253344979861e+01,3.730269615029880015e+01
2.044473717756131848e+01,2.092747110703943392e+01,2.237567289547378735e+01,2.465246448284936065e+01,2.754197915355740278e+01,3.074166552932411278e+01,3.386003430917520518e+01,3.641436986957265276e+01,3.782802893308407732e+01,3.742724593845620262e+01
2.051368486390336798e+01,2.099801866092849778e+01,2.245102005200388007e+01,2.473535598618894937e+01,2.763444205900463757e+01,3.084472072624673444e+01,3.397340029330469235e+01,3.653615859906282992e+01,3.795443236382632080e+01,3.755221158528686232e+01
2.058283871641795315e+01,2.106877814161556728e+01,2.252659641720841321e+01,2.481850391087755625e+01,2.772719602529826233e+01,3.094810554967657978e+01,3.408713388052174054e+01,3.665834677255235619e+01,3.808125434533516085e+01,3.767759447929925187e+01
2.065220026753781823e+01,2.113975108606362596e+01,2.260240354164104915e+01,2.490190982731219904e+01,2.782024264435136018e+01,3.105182160798347368e+01,3.420123668136945838e+01,3.678093597636267020e+01,3.820849639787641649e+01,3.780339601363793633e+01
2.072177102518009306e+01,2.121093900725134773e+01,2.267844295346511174e+01,2.498557528605896039e+01,2.791358349162295127e+01,3.115587049708092238e+01,3.431571029831710007e+01,3.690392779324310624e+01,3.833616004248190734e+01,3.792961758609902745e+01
2.079155247370466952e+01,2.128234339511515572e+01,2.275471615934661784e+01,2.506950181866708505e+01,2.800722012682726003e+01,3.126025380101033235e+01,3.443055632620536954e+01,3.702732380267037371e+01,3.846424680110332162e+01,3.805626059914573744e+01
2.086154607483932466e+01,2.135396571745858196e+01,2.283122464531635387e+01,2.515369093845484016e+01,2.810115409461860381e+01,3.136497309250528787e+01,3.454577635267656177e+01,3.715112558113803942e+01,3.859275819676132357e+01,3.818332645992396834e+01
2.093175326857270235e+01,2.142580742083002576e+01,2.290796987760199954e+01,2.523814414126817596e+01,2.819538692525260259e+01,3.147002993353638445e+01,3.466137195859020892e+01,3.727533470243638192e+01,3.872169575368994998e+01,3.831081658027792258e+01
2.100217547401624429e+01,2.149786993137003677e+01,2.298495330343141418e+01,2.532286290621319935e+01,2.828992013522466564e+01,3.157542587583754568e+01,3.477734471842463648e+01,3.739995273792312958e+01,3.885106099747660835e+01,3.843873237676579890e+01
2.107281409023618934e+01,2.157015465562916390e+01,2.306217635180809467e+01,2.540784869636328480e+01,2.838475522788649386e+01,3.168116246141428149e+01,3.489369620066500488e+01,3.752498125678518903e+01,3.898085545519774797e+01,3.856707527067554508e+01
2.114367049705673551e+01,2.164266298135748912e+01,2.313964043425974637e+01,2.549310295944177085e+01,2.847989369404139381e+01,3.178724122303464839e+01,3.501042796817822733e+01,3.765042182629178313e+01,3.911108065555037427e+01,3.869584668804063199e+01
2.121474605583529538e+01,2.171539627826671648e+01,2.321734694556097978e+01,2.557862712848109865e+01,2.857533701251911396e+01,3.189366368470342294e+01,3.512754157857532533e+01,3.777627601203932528e+01,3.924173812897959124e+01,3.882504805965591288e+01
2.128604211021087167e+01,2.178835589876588941e+01,2.329529726443094262e+01,2.566442262245920602e+01,2.867108665073097740e+01,3.200043136212018879e+01,3.524503858456158412e+01,3.790254537818825753e+01,3.937282940780222873e+01,3.895468082109351826e+01
2.135755998682653001e+01,2.186154317867161723e+01,2.337349275420688244e+01,2.575049084691399415e+01,2.876714406520597223e+01,3.210754576312181285e+01,3.536292053427496995e+01,3.802923148769220774e+01,3.950435602632678922e+01,3.908474641271879335e+01
2.142930099602681082e+01,2.193495943789370628e+01,2.345193476349438910e+01,2.583683319453658456e+01,2.886351070210843162e+01,3.221500838810985812e+01,3.548118897161322138e+01,3.815633590251962914e+01,3.963631952096977784e+01,3.921524627970631371e+01
2.150126643253097924e+01,2.200860598109703403e+01,2.353062462679519840e+01,2.592345104574423331e+01,2.896018799773806407e+01,3.232282073046356174e+01,3.559984543655005496e+01,3.828386018386835588e+01,3.976872143036862894e+01,3.934618187205594353e+01
2.157345757608304027e+01,2.208248409834061121e+01,2.360956366511332050e+01,2.601034576923343877e+01,2.905717737901281339e+01,3.243098427693877284e+01,3.571889146544074123e+01,3.841180589237313825e+01,3.990156329549118652e+01,3.947755464460895780e+01
2.164587569207919771e+01,2.215659506569446080e+01,2.368875318654025008e+01,2.609751872251413829e+01,2.915448026393528025e+01,3.253950050805344318e+01,3.583832859131761950e+01,3.854017458830653453e+01,4.003484665974206536e+01,3.960936605706415747e+01
2.171852203217367716e+01,2.223094014583526601e+01,2.376819448682003610e+01,2.618497125242546986e+01,2.925209806204319207e+01,3.264837089846002272e+01,3.595815834417570755e+01,3.866896783177336516e+01,4.016857306906585734e+01,3.974161757399416928e+01
2.179139783486360216e+01,2.230552058862140541e+01,2.384788884989482227e+01,2.627270469563391586e+01,2.935003217484452165e+01,3.275759691730537071e+01,3.607838225124891807e+01,3.879818718289891422e+01,4.030274407204734644e+01,3.987431066486164610e+01
2.186450432605366245e+01,2.238033763164817103e+01,2.392783754843169319e+01,2.636072037911435473e+01,2.944828399623781223e+01,3.286718002857849541e+01,3.619900183727707343e+01,3.892783420201116940e+01,4.043736122000888145e+01,4.000744680403563081e+01
2.193784271960135257e+01,2.245539250078384796e+01,2.400804184433133059e+01,2.644901962061456047e+01,2.954685491291816390e+01,3.297712169144660521e+01,3.632001862476420229e+01,3.905791044981722848e+01,4.057242606710489241e+01,4.014102747080792000e+01
2.201141421784335250e+01,2.253068641068731992e+01,2.408850298921921862e+01,2.653760372910392107e+01,2.964574630476949935e+01,3.308742336057991196e+01,3.644143413422825972e+01,3.918841748757419197e+01,4.070794017041375668e+01,4.027505414940953443e+01
2.208522001210382868e+01,2.260622056530787205e+01,2.416922222492000216e+01,2.662647400520676300e+01,2.974495954524345009e+01,3.319808648646553451e+01,3.656324988444271185e+01,3.931935687725460582e+01,4.084390509002714253e+01,4.040952832902715386e+01
2.215926128318518806e+01,2.268199615836777028e+01,2.425020078391551692e+01,2.671563174162087151e+01,2.984449600172546013e+01,3.330911251571085785e+01,3.668546739267016221e+01,3.945073018170671730e+01,4.098032238913673808e+01,4.054445150381972240e+01
2.223353920184196753e+01,2.275801437382827075e+01,2.433143988978716976e+01,2.680507822352177172e+01,2.994435703588847275e+01,3.342050289133685936e+01,3.680808817488836127e+01,3.958253896480982092e+01,4.111719363411868500e+01,4.067982517293501132e+01
2.230805492923849798e+01,2.283427638633966339e+01,2.441294075764315963e+01,2.689481472895320735e+01,3.004454400403470871e+01,3.353225905306156562e+01,3.693111374600892560e+01,3.971478479162461639e+01,4.125452039461562492e+01,4.081565084052630255e+01
2.238280961739070918e+01,2.291078336167579721e+01,2.449470459453105775e+01,2.698484252920435722e+01,3.014505825742586964e+01,3.364438243757415137e+01,3.705454562008883812e+01,3.984746922853904749e+01,4.139230424361653604e+01,4.095193001576905800e+01
2.245780440959293855e+01,2.298753645715378724e+01,2.457673259983633685e+01,2.707516288917421932e+01,3.024590114260225349e+01,3.375687447879990799e+01,3.717838531053523354e+01,3.998059384340955091e+01,4.153054675753443803e+01,4.108866421287775239e+01
2.253304044082998914e+01,2.306453682203929745e+01,2.465902596566722593e+01,2.716577706772361367e+01,3.034707400169114067e+01,3.386973660815644394e+01,3.730263433030348352e+01,4.011416020569804886e+01,4.166924951628197960e+01,4.122585495112264908e+01
2.260851883817514718e+01,2.314178559793798939e+01,2.474158587722651603e+01,2.725668631801529784e+01,3.044857817270481704e+01,3.398297025480145805e+01,3.742729419208895791e+01,4.024816988660469974e+01,4.180841410334503649e+01,4.136350375484668973e+01
2.268424072117452894e+01,2.321928391917355583e+01,2.482441351317064004e+01,2.734789188784251834e+01,3.055041498982861725e+01,3.409657684587230619e+01,3.755236640851259011e+01,4.038262445919665566e+01,4.194804210585442661e+01,4.150161215348244781e+01
2.276020720221831084e+01,2.329703291315288283e+01,2.490751004595659168e+01,2.743939501994649177e+01,3.065258578369935449e+01,3.421055780671765945e+01,3.767785249230063016e+01,4.051752549853292606e+01,4.208813511465569235e+01,4.164018168156911059e+01
2.283641938689932616e+01,2.337503370071874542e+01,2.499087664217699256e+01,2.753119695232314967e+01,3.075509188167439945e+01,3.432491456112168748e+01,3.780375395645853587e+01,4.065287458178548974e+01,4.222869472437716354e+01,4.177921387876951087e+01
2.291287837435935515e+01,2.345328739649047733e+01,2.507451446288384389e+01,2.762329891851955921e+01,3.085793460809187394e+01,3.443964853152077410e+01,3.793007231443944249e+01,4.078867328835679729e+01,4.236972253349625106e+01,4.191871028988728654e+01
2.298958525762366278e+01,2.353179510919306594e+01,2.515842466390127541e+01,2.771570214792037845e+01,3.096111528452212980e+01,3.455476113921327652e+01,3.805680908030733178e+01,4.092492319999379191e+01,4.251122014440406360e+01,4.205867246488399047e+01
2.306654112392413936e+01,2.361055794197503843e+01,2.524260839612772855e+01,2.780840786602468384e+01,3.106463523001093208e+01,3.467025380456235695e+01,3.818396576889496430e+01,4.106162590089854802e+01,4.265318916346847544e+01,4.219910195889634963e+01
2.314374705501149876e+01,2.368957699271559747e+01,2.532706680582789360e+01,2.790141729471347176e+01,3.116849576131454569e+01,3.478612794719233392e+01,3.831154389595695875e+01,4.119878297783566978e+01,4.279563120109564522e+01,4.234000033225349569e+01
2.322120412745679729e+01,2.376885335432131185e+01,2.541180103491486264e+01,2.799473165250829609e+01,3.127269819312710553e+01,3.490238498617863883e+01,3.843954497831808226e+01,4.133639602023664139e+01,4.293854787178993604e+01,4.248136915049437334e+01
2.329891341294280949e+01,2.384838811501277434e+01,2.549681222122267243e+01,2.808835215482119096e+01,3.137724383830045483e+01,3.501902634023161909e+01,3.856797053401692921e+01,4.147446662030105102e+01,4.308194079421259914e+01,4.262320998438509889e+01
2.337687597854551314e+01,2.392818235860158538e+01,2.558210149876979855e+01,2.818228001419627660e+01,3.148213400805676443e+01,3.513605342787454333e+01,3.869682208244513788e+01,4.161299637309497967e+01,4.322581159123890160e+01,4.276552440993636850e+01
2.345509288700602823e+01,2.400823716475794356e+01,2.566766999801368954e+01,2.827651644054336089e+01,3.158737001219425977e+01,3.525346766761578010e+01,3.882610114448235095e+01,4.175198687664656205e+01,4.337016189001400335e+01,4.290831400842107257e+01
2.353356519699344673e+01,2.408855360926930089e+01,2.575351884609685982e+01,2.837106264136372857e+01,3.169295315928605916e+01,3.537127047811559066e+01,3.895580924262706901e+01,4.189143973203888294e+01,4.351499332200752690e+01,4.305158036639174668e+01
2.361229396335872366e+01,2.416913276429021451e+01,2.583964916708467996e+01,2.846591982196849813e+01,3.179888475687267402e+01,3.548946327834754300e+01,3.908594790112345407e+01,4.203135654350022321e+01,4.366030752306696883e+01,4.319532507569830670e+01
2.369128023738008437e+01,2.424997569858387791e+01,2.592606208219526565e+01,2.856108918568971333e+01,3.190516611164821370e+01,3.560804748775488804e+01,3.921651864608440263e+01,4.217173891849181189e+01,4.380610613346978255e+01,4.333954973350564899e+01
2.377052506700016110e+01,2.433108347775553781e+01,2.601275871002167506e+01,2.865657193408453551e+01,3.201179852964052230e+01,3.572702452640191950e+01,3.934752300561075344e+01,4.231258846779320493e+01,4.395239079797443793e+01,4.348425594231146363e+01
2.385002949705519981e+01,2.441245716447808789e+01,2.609974016674675568e+01,2.875236926713264651e+01,3.211878331638550321e+01,3.584639581512066542e+01,3.947896250990712730e+01,4.245390680558523400e+01,4.409916316587036533e+01,4.362944530996401937e+01
2.392979456949657546e+01,2.449409781871012726e+01,2.618700756635078264e+01,2.884848238342722837e+01,3.222612177709582681e+01,3.596616277565294695e+01,3.961083869139412883e+01,4.259569554953082360e+01,4.424642489102674858e+01,4.377511944967999113e+01
2.400982132360488208e+01,2.457600649790673941e+01,2.627456202081231496e+01,2.894491248035962627e+01,3.233381521682428428e+01,3.608632683078801051e+01,3.974315308481735798e+01,4.273795632085354868e+01,4.439417763194039424e+01,4.392127998006242251e+01
2.409011079619697071e+01,2.465818425722331142e+01,2.636240464030232644e+01,2.904166075429807847e+01,3.244186494062178383e+01,3.620688940449592508e+01,3.987590722735316007e+01,4.288069074441415296e+01,4.454242305178262740e+01,4.406792852511873804e+01
2.417066402182597429e+01,2.474063214971248215e+01,2.645053653337199862e+01,2.913872840076053095e+01,3.255027225369045851e+01,3.632785192205682989e+01,4.000910265871135607e+01,4.302390044878502096e+01,4.469116281844510041e+01,4.421506671427869151e+01
2.425148203297479199e+01,2.482335122651466364e+01,2.653895880713428213e+01,2.923611661458191335e+01,3.265903846153177881e+01,3.644921581018623158e+01,4.014274092123483939e+01,4.316758706632277409e+01,4.484039860458487681e+01,4.436269618241258428e+01
2.433256586024311119e+01,2.490634253704222090e+01,2.662767256743955002e+01,2.933382659007594739e+01,3.276816487009007517e+01,3.657098249715647853e+01,4.027682355999652231e+01,4.331175223323889156e+01,4.499013208766853467e+01,4.451081856984935570e+01
2.441391653252827965e+01,2.498960712915758009e+01,2.671667891904547432e+01,2.943185952119177529e+01,3.287765278589146334e+01,3.669315341291455468e+01,4.041135212289331946e+01,4.345639758966861876e+01,4.514036495001538896e+01,4.465943552239482983e+01
2.449553507720014522e+01,2.507314604934544633e+01,2.680597896578134964e+01,2.953021660166554696e+01,3.298750351617849219e+01,3.681572998919626372e+01,4.054632816073758761e+01,4.360152477973813490e+01,4.529109887884001751e+01,4.480854869135001195e+01
2.457742252027022900e+01,2.515696034287944727e+01,2.689557381070710917e+01,2.962889902516710094e+01,3.309771836904046438e+01,3.693871365963704534e+01,4.068175322734593635e+01,4.374713545162998685e+01,4.544233556629394855e+01,4.495815973352943473e+01
2.465957988655526378e+01,2.524105105398322735e+01,2.698546455626711449e+01,2.972790798544203739e+01,3.320829865353982058e+01,3.706210585987943773e+01,4.081762887962556619e+01,4.389323125764695277e+01,4.559407670950653113e+01,4.510827031127952580e+01
2.474200819983545685e+01,2.532541922598636219e+01,2.707565230443907112e+01,2.982724467644919741e+01,3.331924567983453045e+01,3.718590802767736392e+01,4.095395667765821202e+01,4.403981385427437090e+01,4.574632401062525844e+01,4.525888209249715999e+01
2.482470848300751598e+01,2.541006590147513577e+01,2.716613815687798805e+01,2.992691029249384016e+01,3.343056075929675330e+01,3.731012160299735569e+01,4.109073818478184137e+01,4.418688490224092646e+01,4.589907917685518157e+01,4.540999675064811214e+01
2.490768175823272301e+01,2.549499212243846813e+01,2.725692321505569993e+01,3.002690602835658140e+01,3.354224520462781101e+01,3.743474802811677193e+01,4.122797496767000780e+01,4.433444606657799625e+01,4.605234392049777625e+01,4.556161596478570885e+01
2.499092904708021834e+01,2.558019893040909665e+01,2.734800858039573157e+01,3.012723307941829631e+01,3.365430032996973608e+01,3.755978874771919607e+01,4.136566859640919347e+01,4.448249901667769279e+01,4.620611995898924818e+01,4.571374141956941628e+01
2.507445137066559937e+01,2.566568736660020278e+01,2.743939535440400590e+01,3.022789264178106095e+01,3.376672745101329554e+01,3.768524520898704822e+01,4.150382064457400588e+01,4.463104542634945204e+01,4.636040901493801414e+01,4.586637480528365529e+01
2.515824974978508166e+01,2.575145847203763694e+01,2.753108463879530277e+01,3.032888591238542730e+01,3.387952788510287405e+01,3.781111886169153991e+01,4.164243268930042774e+01,4.478008697387538461e+01,4.651521281616178527e+01,4.601951781785650297e+01
2.524232520504535060e+01,2.583751328768795474e+01,2.762307753561576007e+01,3.043021408912391479e+01,3.399270295133817399e+01,3.793741115828007793e+01,4.178150631135709858e+01,4.492962534206444758e+01,4.667053309572393971e+01,4.617317215887854331e+01
2.532667875698923510e+01,2.592385285458228594e+01,2.771537514736144558e+01,3.053187837095114787e+01,3.410625397067287423e+01,3.806412355396117420e+01,4.192104309521479877e+01,4.507966221830527331e+01,4.682637159196943344e+01,4.632733953562183160e+01
2.541131142621734185e+01,2.601047821393633086e+01,2.780797857709329080e+01,3.063387995799045882e+01,3.422018226601029767e+01,3.819125750678700371e+01,4.206104462911413577e+01,4.523019929461801780e+01,4.698273004856019242e+01,4.648202166105880906e+01
2.549622423350589884e+01,2.609739040726651282e+01,2.790088892854835123e+01,3.073622005163733562e+01,3.433448916229639281e+01,3.831881447773361060e+01,4.220151250513153940e+01,4.538123826770495128e+01,4.713961021450992206e+01,4.663722025388133119e+01
2.558141819992073707e+01,2.618459047650246418e+01,2.799410730624763843e+01,3.083889985465969374e+01,3.444917598660983771e+01,3.844679593077898261e+01,4.234244831924348773e+01,4.553278083900011097e+01,4.729701384421850463e+01,4.679293703851981689e+01
2.566689434692782257e+01,2.627207946409601291e+01,2.808763481560058040e+01,3.094192057129507134e+01,3.456424406824964279e+01,3.857520333297886594e+01,4.248385367138936175e+01,4.568482871471783113e+01,4.745494269750590632e+01,4.694917374516236919e+01
2.575265369650015757e+01,2.635985841312668754e+01,2.818147256300627390e+01,3.104528340734494662e+01,3.467969473882016018e+01,3.870403815454069019e+01,4.262573016553250227e+01,4.583738360590032102e+01,4.761339853964562963e+01,4.710593210977398826e+01
2.583869727122146287e+01,2.644792836740399977e+01,2.827562165595161403e+01,3.114898957026620963e+01,3.479552933231366296e+01,3.883330186889531888e+01,4.276807940971999500e+01,4.599044722846434041e+01,4.777238314139775355e+01,4.726321387411589114e+01
2.592502609438652428e+01,2.653629037156650483e+01,2.837008320310644649e+01,3.125304026925990186e+01,3.491174918519057968e+01,3.896299595276702377e+01,4.291090301614093505e+01,4.614402130324681650e+01,4.793189827904156886e+01,4.742102078576488111e+01
2.601164119009851561e+01,2.662494547117782773e+01,2.846485831441577119e+01,3.135743671535736965e+01,3.502835563645743377e+01,3.909312188624159745e+01,4.305420260118332720e+01,4.629810755604977857e+01,4.809194573440779408e+01,4.757935459813268864e+01
2.609854358336322022e+01,2.671389471281971595e+01,2.855994810118920668e+01,3.146218012150384880e+01,3.514535002774263717e+01,3.922368115283261147e+01,4.319797978548967876e+01,4.645270771768425533e+01,4.825252729491042203e+01,4.773821707048553264e+01
2.618573430018042814e+01,2.680313914418226062e+01,2.865535367618775098e+01,3.156727170263958371e+01,3.526273370337014512e+01,3.935467523954604019e+01,4.334223619401129923e+01,4.660782352401351147e+01,4.841364475357824659e+01,4.789760996796361781e+01
2.627321436763251583e+01,2.689267981415136433e+01,2.875107615370792047e+01,3.167271267577869409e+01,3.538050801043110027e+01,3.948610563694320774e+01,4.348697345606140630e+01,4.676345671599538889e+01,4.857529990908597028e+01,4.805753506160080235e+01
2.636098481397025850e+01,2.698251777289355147e+01,2.884711664966343392e+01,3.177850426008564710e+01,3.549867429885346581e+01,3.961797383920215765e+01,4.363219320536703094e+01,4.691960903972395158e+01,4.873749456578506312e+01,4.821799412834419485e+01
2.644904666869620158e+01,2.707265407193825624e+01,2.894347628166442377e+01,3.188464767694961921e+01,3.561723392146986811e+01,3.975028134417746628e+01,4.377789708011975023e+01,4.707628224647037740e+01,4.890023053373421646e+01,4.837898895107397124e+01
2.653740096264534643e+01,2.716308976425759880e+01,2.904015616909435593e+01,3.199114415005675482e+01,3.573618823408349243e+01,3.988302965345858553e+01,4.392408672302541817e+01,4.723347809272318898e+01,4.906350962872956956e+01,4.854052131862316344e+01
2.662604872806352319e+01,2.725382590434382024e+01,2.913715743318470430e+01,3.209799490546033240e+01,3.585553859553234446e+01,4.001622027242676438e+01,4.407076378135272421e+01,4.739119834022778122e+01,4.922733367233460200e+01,4.870259302579748351e+01
2.671499099868341531e+01,2.734486354828442600e+01,2.923448119708745807e+01,3.220520117164900142e+01,3.597528636775173538e+01,4.014985471031062048e+01,4.421792990698082804e+01,4.754944475602527376e+01,4.939170449190975631e+01,4.886520587339538935e+01
2.680422880979827838e+01,2.743620375383509113e+01,2.933212858594552941e+01,3.231276417961316128e+01,3.609543291583516123e+01,4.028393448024036161e+01,4.436558675644597116e+01,4.770821911249086611e+01,4.955662392064180466e+01,4.902836166822793729e+01
2.689376319833359119e+01,2.752784758049048719e+01,2.943010072696116808e+01,3.242068516290945723e+01,3.621597960809364025e+01,4.041846109930077802e+01,4.451373599098716483e+01,4.786752318737143952e+01,4.972209379757295977e+01,4.919206222313899701e+01
2.698359520291653624e+01,2.761979608955300947e+01,2.952839874946241849e+01,3.252896535772357112e+01,3.633692781611350853e+01,4.055343608858294147e+01,4.466237927659099682e+01,4.802735876382268287e+01,4.988811596762977985e+01,4.935630935702528177e+01
2.707372586394347636e+01,2.771205034419953606e+01,2.962702378496772226e+01,3.263760600293127823e+01,3.645827891481274463e+01,4.068886097323476747e+01,4.481151828403546489e+01,4.818772763044569274e+01,5.005469228165171103e+01,4.952110489485664857e+01
2.716415622364550941e+01,2.780461140954630750e+01,2.972597696724870175e+01,3.274660834015789845e+01,3.658003428249588751e+01,4.082473728251047618e+01,4.496115468893313505e+01,4.834863158132294814e+01,5.022182459641958729e+01,4.968645066769632734e+01
2.725488732615212584e+01,2.789748035271190219e+01,2.982525943239123833e+01,3.285597361383617709e+01,3.670219530090768956e+01,4.096106654981885242e+01,4.511129017177332656e+01,4.851007241605383769e+01,5.038951477468381768e+01,4.985234851272127798e+01
2.734592021755307201e+01,2.799065824287851001e+01,2.992487231885482046e+01,3.296570307126264510e+01,3.682476335528532019e+01,4.109785031277058920e+01,4.526192641796365024e+01,4.867205193978973909e+01,5.055776468519238165e+01,5.001880027324257583e+01
2.743725594595847994e+01,2.808414615135144388e+01,3.002481676753034279e+01,3.307579796265245875e+01,3.694773983440938991e+01,4.123509011322450135e+01,4.541306511787072964e+01,4.883457196326855154e+01,5.072657620271864687e+01,5.018580779872596054e+01
2.752889556155726680e+01,2.817794515161701696e+01,3.012509392179626388e+01,3.318625954119296040e+01,3.707112613065379492e+01,4.137278749733281558e+01,4.556470796686022595e+01,4.899763430284884436e+01,5.089595120808898798e+01,5.035337294481229975e+01
2.762084011667402095e+01,2.827205631939885677e+01,3.022570492757336424e+01,3.329708906309576122e+01,3.719492364003433948e+01,4.151094401558552249e+01,4.571685666533615233e+01,4.916124078054353674e+01,5.106589158821032015e+01,5.052149757333829427e+01
2.771309066582417913e+01,2.836648073271262760e+01,3.032665093337797657e+01,3.340828778764757345e+01,3.731913376225622869e+01,4.164956122285378370e+01,4.586951291877959846e+01,4.932539322405316540e+01,5.123639923609733415e+01,5.069018355235709805e+01
2.780564826576781456e+01,2.846121947191932833e+01,3.042793309037387317e+01,3.351985697725977076e+01,3.744375790076053079e+01,4.178864067843255725e+01,4.602267843778667356e+01,4.949009346679880395e+01,5.140747605089962491e+01,5.085943275615909442e+01
2.789851397556196844e+01,2.855627361977716916e+01,3.052955255242277133e+01,3.363179789751673354e+01,3.756879746276956666e+01,4.192818394608222832e+01,4.617635493810599456e+01,4.965534334795457028e+01,5.157912393792880579e+01,5.102924706529272925e+01
2.799168885661148920e+01,2.865164426149200949e+01,3.063151047613357392e+01,3.374411181722302899e+01,3.769425385933124772e+01,4.206819259406960043e+01,4.633054414067550653e+01,4.982114471247972887e+01,5.175134480868524633e+01,5.119962836658542926e+01
2.808517397271863558e+01,2.874733248476655945e+01,3.073380802091032749e+01,3.385680000844944715e+01,3.782012850536256821e+01,4.220866819520804114e+01,4.648524777165869892e+01,4.998749941115057283e+01,5.192414058088487394e+01,5.137057855316449917e+01
2.817897039013131533e+01,2.884333937984824914e+01,3.083644634899904702e+01,3.396986374657800667e+01,3.794642281969205300e+01,4.234961232689681765e+01,4.664046756248039571e+01,5.015440930059180857e+01,5.209751317848572683e+01,5.154209952447821763e+01
2.827307917759008049e+01,2.893966603957588291e+01,3.093942662553327949e+01,3.408330431034582375e+01,3.807313822510133150e+01,4.249102657115982140e+01,4.679620524986189167e+01,5.032187624330776998e+01,5.227146453171453544e+01,5.171419318631691908e+01
2.836750140637394324e+01,2.903631355942512116e+01,3.104275001857866201e+01,3.419712298188804311e+01,3.820027614836592278e+01,4.263291251468353948e+01,4.695246257585566951e+01,5.048990210771322040e+01,5.244599657709300544e+01,5.188686145083418921e+01
2.846223815034497306e+01,2.913328303755280402e+01,3.114641769917629688e+01,3.431132104677980976e+01,3.832783802029508280e+01,4.277527174885437944e+01,4.710924128787961251e+01,5.065848876816393442e+01,5.262111125746414331e+01,5.206010623656804626e+01
2.855729048599187436e+01,2.923057557484020208e+01,3.125043084138518523e+01,3.442589979407721756e+01,3.845582527577091270e+01,4.291810586979534747e+01,4.726654313875077662e+01,5.082763810498699542e+01,5.279681052201844693e+01,5.223392946846235674e+01
2.865265949247233834e+01,2.932819227493515868e+01,3.135479062232361969e+01,3.454086051635749044e+01,3.858423935378674230e+01,4.306141647840210140e+01,4.742436988671867937e+01,5.099735200451074491e+01,5.297309632631996834e+01,5.240833307788814466e+01
2.874834625165452806e+01,2.942613424429329427e+01,3.145949822220958580e+01,3.465620450975814748e+01,3.871308169748463257e+01,4.320520518037844226e+01,4.758272329549815538e+01,5.116763235909461116e+01,5.314997063233232666e+01,5.258331900266509251e+01
2.884435184815740172e+01,2.952440259221812724e+01,3.156455482440031091e+01,3.477193307401549305e+01,3.884235375419231673e+01,4.334947358627124459e+01,4.774160513430188502e+01,5.133848106715857540e+01,5.332743540844464292e+01,5.275888918708304942e+01
2.894067736939014068e+01,2.962299843090032070e+01,3.166996161543086785e+01,3.488804751250213343e+01,3.897205697545937397e+01,4.349422331150478271e+01,4.790101717787247537e+01,5.150990003321248167e+01,5.350549262949739671e+01,5.293504558192366005e+01
2.903732390559069643e+01,2.972192287545599498e+01,3.177571978505189065e+01,3.500454913226389664e+01,3.910219281709276373e+01,4.363945597641456686e+01,4.806096120651410075e+01,5.168189116788511939e+01,5.368414427680818335e+01,5.311179014448198643e+01
2.913429254986335692e+01,2.982117704396415547e+01,3.188183052626656178e+01,3.512143924405586404e+01,3.923276273919172041e+01,4.378517320628071730e+01,4.822143900612394418e+01,5.185445638795302159e+01,5.386339233819745687e+01,5.328912483858833582e+01
2.923158439821546040e+01,2.992076205750327844e+01,3.198829503536672902e+01,3.523871916237775537e+01,3.936376820618205130e+01,4.393137663136080562e+01,4.838245236822316997e+01,5.202759761636921354e+01,5.404323880801418767e+01,5.346705163463003174e+01
2.932920054959337719e+01,3.002067904018709399e+01,3.209511451196824794e+01,3.535639020550863876e+01,3.949521068684983760e+01,4.407806788692220579e+01,4.854400308998754809e+01,5.220131678229161309e+01,5.422368568716152026e+01,5.364557250957329870e+01
2.942714210591752888e+01,3.012092911919955895e+01,3.220229015904565273e+01,3.547445369554093020e+01,3.962709165437457415e+01,4.422524861327408985e+01,4.870609297427787965e+01,5.237561582111130321e+01,5.440473498312222489e+01,5.382468944698523927e+01
2.952541017211677499e+01,3.022151342482909087e+01,3.230982318296604205e+01,3.559291095841375352e+01,3.975941258636174780e+01,4.437292045579891919e+01,4.886872382967007411e+01,5.255049667448073336e+01,5.458638870998431969e+01,5.400440443705591065e+01
2.962400585616200033e+01,3.032243309050208069e+01,3.241771479352232177e+01,3.571176332394576036e+01,3.989217496487497527e+01,4.452108506498355922e+01,4.903189747048485714e+01,5.272596129034156576e+01,5.476864888846652946e+01,5.418471947662035859e+01
