6.207344377610080066e-02,3.735800664725246190e-01,1.308099934561796074e+00,2.865633658431994579e+00,5.046183575125225751e+00,7.849759095224966288e+00,1.127639860034090447e+01,1.532626017616852820e+01,2.000000000000000000e+01
1.243454144514598153e-01,4.348587026559490032e-01,1.366398567269416553e+00,2.918967568621558151e+00,5.092574213540896011e+00,7.887247346912442225e+00,1.130308230489947263e+01,1.534037935704979105e+01,2.000000000000000000e+01
1.867864508556539016e-01,4.963069136065262343e-01,1.424868301859143260e+00,2.972476826256257088e+00,5.139150829322628233e+00,7.924944334003118485e+00,1.133000861074169840e+01,1.535473432226292978e+01,2.000000000000000000e+01
2.493695557270720897e-01,5.578981197721769592e-01,1.483483811907491567e+00,3.026138065898093199e+00,5.185891471297980004e+00,7.962824132798647092e+00,1.135713216242636925e+01,1.536925011927418439e+01,2.000000000000000000e+01
3.120699509545707961e-01,6.196078591193042717e-01,1.542221583613504698e+00,3.079928872646456206e+00,5.232773401493291843e+00,8.000858745402986472e+00,1.138441190396669889e+01,1.538387846335965392e+01,2.000000000000000000e+01
3.748647884582856915e-01,6.814134808226033346e-01,1.601059557915556208e+00,3.133827545441600471e+00,5.279773659979010603e+00,8.039020437521505968e+00,1.141181274304772941e+01,1.539858652272419270e+01,2.000000000000000000e+01
4.377328676739483115e-01,7.432938735819675236e-01,1.659976891306025104e+00,3.187813082721222546e+00,5.326869681355014485e+00,8.077283044927359157e+00,1.143930528491823750e+01,1.541335086917283093e+01,2.000000000000000000e+01
5.006543934676771501e-01,8.052292495146307072e-01,1.718953817655491267e+00,3.241865273917439616e+00,5.374039787296253756e+00,8.115622573417908825e+00,1.146686501430628802e+01,1.542815407991205134e+01,2.000000000000000000e+01
5.636107884926733202e-01,8.672009866598953121e-01,1.777971581161561287e+00,3.295964819248486499e+00,5.421263515927411625e+00,8.154017377629784846e+00,1.149447142798864263e+01,1.544298274688028094e+01,2.000000000000000000e+01
6.265845592375118844e-01,9.291915223933158163e-01,1.837012411860727612e+00,3.350093435780837403e+00,5.468521806184879708e+00,8.192448112577297437e+00,1.152210727709888793e+01,1.545782626060105258e+01,2.000000000000000000e+01
6.895592068259365215e-01,9.911842855453245615e-01,1.896059521703488571e+00,3.404233932139772101e+00,5.515797072127341494e+00,8.230897575630789831e+00,1.154975794982635406e+01,1.547267603626668553e+01,2.000000000000000000e+01
7.525191707142226960e-01,1.053163654651378955e+00,1.955097106462847512e+00,3.458370248411017478e+00,5.563073201403851087e+00,8.269350505534085016e+00,1.157741098194393992e+01,1.548752500187607239e+01,2.000000000000000000e+01
8.154497938222028397e-01,1.115114931569481049e+00,2.014110344811315567e+00,3.512487464765067902e+00,5.610335505436329306e+00,8.307793373883663790e+00,1.160505567184140041e+01,1.550236724742181238e+01,2.000000000000000000e+01
8.783372996431336732e-01,1.177024322302907322e+00,2.073085390282228158e+00,3.566571784993127103e+00,5.657570641457738247e+00,8.346214186530128032e+00,1.163268277735899936e+01,1.551719777657470445e+01,2.000000000000000000e+01
9.411687743718321064e-01,1.238878919450109084e+00,2.132009354684940128e+00,3.620610501489792465e+00,5.704766520241054906e+00,8.384602302449975397e+00,1.166028427557349367e+01,1.553201232578381052e+01,2.000000000000000000e+01
1.003932149435757148e+00,1.300666682884130898e+00,2.190870283229252369e+00,3.674591947502514611e+00,5.751912208574915475e+00,8.422948272393689706e+00,1.168785317084175013e+01,1.554680722909089319e+01,2.000000000000000000e+01
1.066616181730112078e+00,1.362376416920765498e+00,2.249657122492725758e+00,3.728505441388557884e+00,5.798997832146180365e+00,8.461243696994495522e+00,1.171538333994789838e+01,1.556157931482146672e+01,2.000000000000000000e+01
1.129210430279149024e+00,1.423997743390893467e+00,2.308359682726127016e+00,3.782341226526096278e+00,5.846014482177984029e+00,8.499481102828948309e+00,1.174286940596935835e+01,1.557632582507385521e+01,2.000000000000000000e+01
1.191705229014895284e+00,1.485521070772866103e+00,2.366968596046778561e+00,3.836090409567363579e+00,5.892954127648318163e+00,8.537653834481988113e+00,1.177030663456381454e+01,1.559104435189030191e+01,2.000000000000000000e+01
1.254091655968148755e+00,1.546937559965493536e+00,2.425475271957527656e+00,3.889744898943478635e+00,5.939809533939013342e+00,8.575755960612639228e+00,1.179769084792639333e+01,1.560573278588820401e+01,2.000000000000000000e+01
1.316361499498427845e+00,1.608239087483609442e+00,2.483871851439154010e+00,3.943297344927937154e+00,5.986574188159713650e+00,8.613782192139735727e+00,1.182501835280826441e+01,1.562038927437102487e+01,2.000000000000000000e+01
1.378507222332617799e+00,1.669418206911793767e+00,2.542151160649322339e+00,3.996741082113949517e+00,6.033242231030119029e+00,8.651727810863228285e+00,1.185228587983185022e+01,1.563501218677133942e+01,2.000000000000000000e+01
1.440521924202574411e+00,1.730468109414724953e+00,2.600306665051176580e+00,4.050070074830228073e+00,6.079808395000188881e+00,8.689588607050776403e+00,1.187949053196502192e+01,1.564960008584944262e+01,2.000000000000000000e+01
1.502399303819208498e+00,1.791382584015497104e+00,2.658332424604362476e+00,4.103278865782763241e+00,6.126267948184348278e+00,8.727360824725161947e+00,1.190662974048598954e+01,1.566415170347028152e+01,2.000000000000000000e+01
1.564133620829098348e+00,1.852155978243501977e+00,2.716223050486713309e+00,4.156362528043262117e+00,6.172616643643972445e+00,8.765041113574056908e+00,1.193370122712486392e+01,1.567866592006600257e+01,2.000000000000000000e+01
1.625719658292547054e+00,1.912783159638726138e+00,2.773973663677263168e+00,4.209316620389826902e+00,6.218850673547852814e+00,8.802626486566326847e+00,1.196070297133767646e+01,1.569314174709752052e+01,2.000000000000000000e+01
1.687152686113540190e+00,1.973259478489917562e+00,2.831579855619049901e+00,4.262137145927950677e+00,6.264966627757098117e+00,8.840114282498431564e+00,1.198763318187591054e+01,1.570757831198035781e+01,2.000000000000000000e+01
1.748428425750702786e+00,2.033580732085698006e+00,2.889037651090683223e+00,4.314820513869458196e+00,6.310961456409065029e+00,8.877502132812645996e+00,1.201449027197534036e+01,1.572197484505328013e+01,2.000000000000000000e+01
1.809543016448408315e+00,2.093743130672708563e+00,2.946343473345609532e+00,4.367363504315820322e+00,6.356832436108170725e+00,8.914787932128279024e+00,1.204127283761358491e+01,1.573633066825408733e+01,2.000000000000000000e+01
1.870492983150243260e+00,2.153743265243766913e+00,3.003494111524337651e+00,4.419763235874730967e+00,6.402577139366250947e+00,8.951969812010544203e+00,1.206797963838486965e+01,1.575064518523264034e+01,2.000000000000000000e+01
1.931275206193215022e+00,2.213578077221060703e+00,3.060486690304597523e+00,4.472017135930712151e+00,6.448193406969056518e+00,8.989046117571579231e+00,1.209460958061919555e+01,1.576491787268203915e+01,2.000000000000000000e+01
1.991886892829443312e+00,2.273244830053341659e+00,3.117318641725036255e+00,4.524122913389027723e+00,6.493679322977675028e+00,9.026015386556714759e+00,1.212116170243600521e+01,1.577914827270880416e+01,2.000000000000000000e+01
2.052325550581362457e+00,2.332741082710355851e+00,3.173987679097336034e+00,4.576078533715104868e+00,6.539033192103279823e+00,9.062876330618198750e+00,1.214763516047327307e+01,1.579333598609426659e+01,2.000000000000000000e+01
2.112588962405105519e+00,2.392064665030775750e+00,3.230491772907786885e+00,4.627882196097541367e+00,6.584253519220600204e+00,9.099627818519826050e+00,1.217402921807402549e+01,1.580748066632454751e+01,2.000000000000000000e+01
2.172675163613312588e+00,2.451213654860194602e+00,3.286829128600841088e+00,4.679532312570491293e+00,6.629338990809819698e+00,9.136268861050726997e+00,1.220034323474590465e+01,1.582158201428654110e+01,2.000000000000000000e+01
2.232582420491709296e+00,2.510186356901977334e+00,3.342998166132781890e+00,4.731027488940074299e+00,6.674288458138438074e+00,9.172798597455885883e+00,1.222657665673700045e+01,1.583563977354373087e+01,2.000000000000000000e+01
2.292309210532156527e+00,2.568981283194704535e+00,3.398997501182348557e+00,4.782366507368839059e+00,6.719100922014074939e+00,9.209216283215884147e+00,1.225272900859387093e+01,1.584965372611876333e+01,2.000000000000000000e+01
2.351854204197484588e+00,2.627597135124667194e+00,3.454825927906214567e+00,4.833548310481890375e+00,6.763775518956575361e+00,9.245521279029542683e+00,1.227879988558666291e+01,1.586362368872081596e+01,2.000000000000000000e+01
2.411216248129329554e+00,2.686032786879485990e+00,3.510482403129956186e+00,4.884571986867814353e+00,6.808311508653234867e+00,9.281713040871128584e+00,1.230478894690194736e+01,1.587754950936452758e+01,2.000000000000000000e+01
2.470394349708646686e+00,2.744287270248752630e+00,3.565966031869070019e+00,4.935436757856773049e+00,6.852708262574745746e+00,9.317791111009398719e+00,1.233069590951719618e+01,1.589143106433497188e+01,2.000000000000000000e+01
2.529387662879007070e+00,2.802359760679093537e+00,3.621276054079353379e+00,4.986141965467060011e+00,6.896965253641714533e+00,9.353755109888920671e+00,1.235652054268194888e+01,1.590526825545914669e+01,2.000000000000000000e+01
2.588195475144580815e+00,2.860249564493741126e+00,3.676411832541222502e+00,5.036687061419847566e+00,6.941082046842592668e+00,9.389604728785711174e+00,1.238226266294021904e+01,1.591906100764983556e+01,2.000000000000000000e+01
2.646817195657654054e+00,2.917956107190254667e+00,3.731372841788056949e+00,5.087071597129840583e+00,6.985058290713607398e+00,9.425339723159163796e+00,1.240792212963670060e+01,1.593280926669205932e+01,2.000000000000000000e+01
2.705252344314069912e+00,2.975478922734134724e+00,3.786158657994329158e+00,5.137295214587048520e+00,7.028893709600038342e+00,9.460959906630844074e+00,1.243349884085632340e+01,1.594651299724604243e+01,2.000000000000000000e+01
2.763500541779088326e+00,3.032817643770537419e+00,3.840768949744884697e+00,5.187357638051850905e+00,7.072588096626023280e+00,9.496465145528379281e+00,1.245899272975252714e+01,1.596017218104385371e+01,2.000000000000000000e+01
2.821561500370489473e+00,3.089971992680930146e+00,3.895203469612251279e+00,5.237258666492036419e+00,7.116141307307068509e+00,9.531855353939189257e+00,1.248440376122481510e+01,1.597378681525959365e+01,2.000000000000000000e+01
2.879435015730219760e+00,3.146941773416209731e+00,3.949462046474178756e+00,5.286998166696498913e+00,7.159553253745770007e+00,9.567130489224718204e+00,1.250973192891057550e+01,1.598735691103532552e+01,2.000000000000000000e+01
2.937120959220358429e+00,3.203726864042447442e+00,4.003544578508714480e+00,5.336576067005856849e+00,7.202823899356891602e+00,9.602290547950874000e+00,1.253497725245997962e+01,1.600088249214702429e+01,2.000000000000000000e+01
2.994619270983617465e+00,3.260327209939951398e+00,4.057451026808953642e+00,5.385992351605347395e+00,7.245953254073053351e+00,9.637335562194955685e+00,1.256013977506617785e+01,1.601436359379653851e+01,2.000000000000000000e+01
3.051929953612855240e+00,3.316742817600683235e+00,4.111181409564167666e+00,5.435247055330101773e+00,7.288941369986867258e+00,9.672265596193348358e+00,1.258521956122596031e+01,1.602780026151711112e+01,2.000000000000000000e+01
3.109053066378230756e+00,3.372973748973249641e+00,4.164735796758305852e+00,5.484340258937221435e+00,7.331788337389497201e+00,9.707080743297838765e+00,1.261021669470861539e+01,1.604119255018132861e+01,2.000000000000000000e+01
3.165988719964529796e+00,3.429020116308613364e+00,4.218114305340863623e+00,5.533272084803051882e+00,7.374494281169361010e+00,9.741781123211586291e+00,1.263513127671308212e+01,1.605454052310158630e+01,2.000000000000000000e+01
3.222737071674921960e+00,3.484882077463400396e+00,4.271317094828837035e+00,5.582042693007720047e+00,7.417059357538054343e+00,9.776366879478583627e+00,1.265996342419543730e+01,1.606784425121412596e+01,2.000000000000000000e+01
3.279298321060885257e+00,3.540559831621146181e+00,4.324344363301928063e+00,5.630652277772299819e+00,7.459483751053634037e+00,9.810838177203061505e+00,1.268471326835063451e+01,1.608110381233868225e+01,2.000000000000000000e+01
3.335672705941322036e+00,3.596053615395086389e+00,4.377196343756379449e+00,5.679101064217062067e+00,7.501767671914166158e+00,9.845195200977450156e+00,1.270938095323395345e+01,1.609431929050655086e+01,2.000000000000000000e+01
3.391860498776897881e+00,3.651363699279114527e+00,4.429873300785764911e+00,5.727389305412048159e+00,7.543911353496921102e+00,9.879438152999652445e+00,1.273396663450910538e+01,1.610749077535061957e+01,2.000000000000000000e+01
3.447862003368504791e+00,3.706490384416320616e+00,4.482375527559766759e+00,5.775517279693735517e+00,7.585915050120881631e+00,9.913567251362154664e+00,1.275847047831113912e+01,1.612061836155152861e+01,2.000000000000000000e+01
3.503677551851346106e+00,3.761433999657134652e+00,4.534703343074500737e+00,5.823485288223939627e+00,7.627779035012260067e+00,9.947582728497156523e+00,1.278289266021352155e+01,1.613370214833471294e+01,2.000000000000000000e+01
3.559307501958553388e+00,3.816194898881471342e+00,4.586857089650225205e+00,5.871293652769173477e+00,7.669503598454598503e+00,9.981484829763418887e+00,1.280723336428971315e+01,1.614674223901359085e+01,2.000000000000000000e+01
3.614752234530507646e+00,3.870773458561474811e+00,4.638837130654375862e+00,5.918942713680662493e+00,7.711089046106692990e+00,1.001527381216184232e+01,1.283149278226053980e+01,1.615973874057462822e+01,2.000000000000000000e+01
3.670012151248068122e+00,3.925170075543511938e+00,4.690643848429843388e+00,5.966432828056980497e+00,7.752535697473130760e+00,1.004894994316797785e+01,1.285567111271942409e+01,1.617269176330036728e+01,2.000000000000000000e+01
3.725087672569795672e+00,3.979385165029876159e+00,4.742277642410116734e+00,6.013764368072853195e+00,7.793843884513599107e+00,1.008251349967083499e+01,1.287976856042835827e+01,1.618560142042695560e+01,2.000000000000000000e+01
3.779979235855025266e+00,4.033419158742415966e+00,4.793738927404588068e+00,6.060937719459199791e+00,7.835013950378386660e+00,1.011596476700823999e+01,1.290378533567810315e+01,1.619846782783296746e+01,2.000000000000000000e+01
3.834687293656195539e+00,4.087272503251838884e+00,4.845028132038768476e+00,6.107953280120775652e+00,7.876046248258670168e+00,1.014930403809000126e+01,1.292772165370674742e+01,1.621129110375668247e+01,2.000000000000000000e+01
3.889212312165315044e+00,4.140945658457866330e+00,4.896145697335518854e+00,6.154811458879033026e+00,7.916941140341161365e+00,1.018253161260084738e+01,1.295157773417129832e+01,1.622407136853916754e+01,2.000000000000000000e+01
3.943554769800788673e+00,4.194439096206752815e+00,4.947092075424646573e+00,6.201512674328910180e+00,7.957698996857707208e+00,1.021564779627592401e+01,1.297535380066744715e+01,1.623680874439083510e+01,2.000000000000000000e+01
3.997715155922017427e+00,4.247753299033847796e+00,4.997867728369338458e+00,6.248057353799288727e+00,7.998320195221205964e+00,1.024865290024221842e+01,1.299905008029313080e+01,1.624950335517932132e+01,2.000000000000000000e+01
4.051693969660337125e+00,4.300888759019981578e+00,5.048473127098914048e+00,6.294445932407763067e+00,8.038805119240079122e+00,1.028154724041995394e+01,1.302266680325190151e+01,1.626215532623673354e+01,2.000000000000000000e+01
4.105491718855838634e+00,4.353845976751469671e+00,5.098908750438362780e+00,6.340678852201234506e+00,8.079154158404149300e+00,1.031433113697850423e+01,1.304620420249247736e+01,1.627476478418452288e+01,2.000000000000000000e+01
4.159108919090574119e+00,4.406625460374415049e+00,5.149175084225937837e+00,6.386756561374573593e+00,8.119367707235506160e+00,1.034700491384189469e+01,1.306966251338118035e+01,1.628733185677434037e+01,2.000000000000000000e+01
4.212546092809486886e+00,4.459227724734835974e+00,5.199272620510883236e+00,6.432679513560314533e+00,8.159446164698449522e+00,1.037956889823936812e+01,1.309304197340430420e+01,1.629985667274345928e+01,2.000000000000000000e+01
4.265803768521176487e+00,4.511653290596903787e+00,5.249201856824085688e+00,6.478448167182977890e+00,8.199389933663187691e+00,1.041202342029696482e+01,1.311634282189765344e+01,1.631233936168343845e+01,2.000000000000000000e+01
4.318882480071308372e+00,4.563902683932250071e+00,5.298963295515076943e+00,6.524062984872191606e+00,8.239199420418444220e+00,1.044436881266637762e+01,1.313956529980081100e+01,1.632478005392077236e+01,2.000000000000000000e+01
4.371782765982143992e+00,4.615976435273959844e+00,5.348557443149405621e+00,6.569524432929283897e+00,8.278875034228512675e+00,1.047660541018772840e+01,1.316270964943390887e+01,1.633717888040852273e+01,2.000000000000000000e+01
4.424505168852239656e+00,4.667875079129414573e+00,5.397984809960940211e+00,6.614832980842558996e+00,8.318417186930780360e+00,1.050873354958317663e+01,1.318577611429483021e+01,1.634953597262787284e+01,2.000000000000000000e+01
4.477050234810859841e+00,4.719599153446680795e+00,5.447245909354143656e+00,6.659989100846824606e+00,8.357826292570051052e+00,1.054075356917858564e+01,1.320876493887500480e+01,1.636185146249870570e+01,2.000000000000000000e+01
4.529418513022228865e+00,4.771149199129628649e+00,5.496341257451828000e+00,6.704993267523199130e+00,8.397102767066327189e+00,1.057266580865067596e+01,1.323167636849211171e+01,1.637412548229846010e+01,2.000000000000000000e+01
4.581610555235085869e+00,4.822525759597382056e+00,5.545271372684270617e+00,6.749845957435553601e+00,8.436247027913049479e+00,1.060447060879742587e+01,1.325451064913818122e+01,1.638635816458838690e+01,2.000000000000000000e+01
4.633626915373470823e+00,4.873729380384094867e+00,5.594036775415967000e+00,6.794547648800285167e+00,8.475259493903031682e+00,1.063616831132953600e+01,1.327726802734166078e+01,1.639854964214667632e+01,2.000000000000000000e+01
4.685468149165031626e+00,4.924760608775429205e+00,5.642637987606622829e+00,6.839098821186404997e+00,8.514140584879578810e+00,1.066775925868111052e+01,1.329994875004221910e+01,1.641070004790773496e+01,2.000000000000000000e+01
4.737134813803458577e+00,4.975619993478419545e+00,5.691075532503300671e+00,6.883499955243210344e+00,8.552890721510529204e+00,1.069924379383779289e+01,1.332255306447709664e+01,1.642280951490709384e+01,2.000000000000000000e+01
4.788627467641968671e+00,5.026308084321700065e+00,5.739349934360895134e+00,6.927751532453044092e+00,8.591510325083142163e+00,1.073062226018078213e+01,1.334508121807801473e+01,1.643487817623141822e+01,2.000000000000000000e+01
4.839946669915033972e+00,5.076825431983374770e+00,5.787461718188395388e+00,6.971854034906884046e+00,8.629999817317937527e+00,1.076189500134530697e+01,1.336753345837762552e+01,1.644690616497321045e+01,2.000000000000000000e+01
4.891092980485819197e+00,5.127172587744013299e+00,5.835411409518596493e+00,7.015807945100684506e+00,8.668359620199789006e+00,1.079306236109220585e+01,1.338991003292466964e+01,1.645889361418969443e+01,2.000000000000000000e+01
4.942066959616982835e+00,5.177350103262521763e+00,5.883199534199138547e+00,7.059613745750613845e+00,8.706590155824713406e+00,1.082412468319150101e+01,1.341221118920706701e+01,1.647084065686557608e+01,2.000000000000000000e+01
4.992869167762759020e+00,5.227358530372810286e+00,5.930826618202963196e+00,7.103271919625462338e+00,8.744691846260911561e+00,1.085508231131680645e+01,1.343443717458220554e+01,1.648274742587931030e+01,2.000000000000000000e+01
5.043500165380378597e+00,5.277198420899387621e+00,5.978293187456413804e+00,7.146782949394688167e+00,8.782665113422801539e+00,1.088593558894964097e+01,1.345658823621375788e+01,1.649461405397253344e+01,2.000000000000000000e+01
5.093960512759084125e+00,5.326870326490163343e+00,6.025599767683400998e+00,7.190147317490668932e+00,8.820510378956861075e+00,1.091668485929273480e+01,1.347866462101448981e+01,1.650644067372238766e+01,2.000000000000000000e+01
5.144250769865170270e+00,5.376374798464919280e+00,6.072746884264167200e+00,7.233365505983886834e+00,8.858228064138200963e+00,1.094733046519149866e+01,1.350066657559445105e+01,1.651822741751651691e+01,2.000000000000000000e+01
5.194371496201568128e+00,5.425712387678013116e+00,6.119735062107347190e+00,7.276437996469875102e+00,8.895818589776906649e+00,1.097787274906295707e+01,1.352259434621412737e+01,1.652997441753040064e+01,2.000000000000000000e+01
5.244323250680689164e+00,5.474883644394044069e+00,6.166564825534109673e+00,7.319365269966863430e+00,8.933282376133279357e+00,1.100831205283143177e+01,1.354444817874204965e+01,1.654168180570691504e+01,2.000000000000000000e+01
5.294106591509304849e+00,5.523889118175302038e+00,6.213236698173292716e+00,7.362147806823150731e+00,8.970619842841133007e+00,1.103864871787037316e+01,1.356622831861649026e+01,1.655334971373785180e+01,2.000000000000000000e+01
5.343722076084406858e+00,5.572729357779938830e+00,6.259751202866537412e+00,7.404786086633332154e+00,9.007831408838463005e+00,1.106888308494981743e+01,1.358793501081086497e+01,1.656497827304723458e+01,2.000000000000000000e+01
5.393170260899002422e+00,5.621404911069881827e+00,6.306108861582520930e+00,7.447280588162569437e+00,9.044917492304790585e+00,1.109901549418890099e+01,1.360956849980251171e+01,1.657656761477629104e+01,2.000000000000000000e+01
5.442451701457016178e+00,5.669916324927625872e+00,6.352310195339455845e+00,7.489631789278193175e+00,9.081878510604587618e+00,1.112904628501302184e+01,1.363112902954452288e+01,1.658811786976989922e+01,2.000000000000000000e+01
5.491566952196404117e+00,5.718264145181081837e+00,6.398355724135114109e+00,7.531840166887956656e+00,9.118714880236236553e+00,1.115897579611522161e+01,1.365261684344037718e+01,1.659962916856440174e+01,2.000000000000000000e+01
5.540516566419786848e+00,5.766448916535765079e+00,6.444245966883699772e+00,7.573906196884340858e+00,9.155427016786003236e+00,1.118880436542136714e+01,1.367403218432110634e+01,1.661110164137664214e+01,2.000000000000000000e+01
5.589301096231899635e+00,5.814471182513657688e+00,6.489981441358933623e+00,7.615830354094380361e+00,9.192015334886603384e+00,1.121853233005885109e+01,1.369537529442476931e+01,1.662253541809412738e+01,2.000000000000000000e+01
5.637921092483243690e+00,5.862331485398135200e+00,6.535562664142809730e+00,7.657613112234486152e+00,9.228480248179922185e+00,1.124816002632842427e+01,1.371664641537801010e+01,1.663393062826620650e+01,2.000000000000000000e+01
5.686377104719383624e+00,5.910030366184409800e+00,6.580990150579490106e+00,7.699254943869831891e+00,9.264822169283506881e+00,1.127768778967893581e+01,1.373784578817953772e+01,1.664528740109617289e+01,2.000000000000000000e+01
5.734669681135365238e+00,5.957568364534994387e+00,6.626264414733882724e+00,7.740756320377876420e+00,9.301041509760498371e+00,1.130711595468467401e+01,1.375897365318534149e+01,1.665660586543421928e+01,2.000000000000000000e+01
5.782799368534817575e+00,6.004946018739732772e+00,6.671385969354480139e+00,7.782117711915656599e+00,9.337138680092717635e+00,1.133644485502509625e+01,1.378003025009547144e+01,1.666788614977115301e+01,2.000000000000000000e+01
5.830766712293276477e+00,6.052163865679972332e+00,6.716355325840058121e+00,7.823339587390503169e+00,9.373114089656551684e+00,1.136567482346672975e+01,1.380101581794225574e+01,1.667912838223279337e+01,2.000000000000000000e+01
5.878572256325388601e+00,6.099222440796517652e+00,6.761172994209903031e+00,7.864422414433874131e+00,9.408968146701466750e+00,1.139480619184701915e+01,1.382193059507982369e+01,1.669033269057503333e+01,2.000000000000000000e+01
5.926216543055589092e+00,6.146122278061000976e+00,6.805839483077236629e+00,7.905366659378012528e+00,9.444701258330848503e+00,1.142383929105999130e+01,1.384277481917481012e+01,1.670149920217944128e+01,2.000000000000000000e+01
5.973700113392008682e+00,6.192863909950392376e+00,6.850355299625544347e+00,7.946172787235187052e+00,9.480313830484980997e+00,1.145277445104352054e+01,1.386354872719815390e+01,1.671262804404942059e+01,2.000000000000000000e+01
6.021023506703254036e+00,6.239447867424329885e+00,6.894720949587558323e+00,7.986841261679266779e+00,9.515806267925970729e+00,1.148161200076810040e+01,1.388425255541783798e+01,1.672371934280681316e+01,2.000000000000000000e+01
6.068187260797830440e+00,6.285874679905031570e+00,6.938936937226637625e+00,8.027372545029431095e+00,9.551178974224450613e+00,1.151035226822693325e+01,1.390488653939256025e+01,1.673477322468894712e+01,2.000000000000000000e+01
6.115191911905957234e+00,6.332144875259551497e+00,6.983003765320332512e+00,8.067767098235794521e+00,9.586432351747861347e+00,1.153899558042725459e+01,1.392545091396618417e+01,1.674578981554609314e+01,2.000000000000000000e+01
6.162037994663577933e+00,6.378258979784169114e+00,7.026921935145942655e+00,8.108025380866818566e+00,9.621566801650224932e+00,1.156754226338277469e+01,1.394594591326294086e+01,1.675676924083925101e+01,2.000000000000000000e+01
6.208726042098319020e+00,6.424217518190706855e+00,7.070691946467872135e+00,8.148147851098295646e+00,9.656582723863209594e+00,1.159599264210710956e+01,1.396637177068329017e+01,1.676771162563827389e+01,2.000000000000000000e+01
6.255256585617274823e+00,6.470021013594615233e+00,7.114314297526637354e+00,8.188134965703799395e+00,9.691480517088427504e+00,1.162434704060815172e+01,1.398672871890038927e+01,1.677861709462029438e+01,2.000000000000000000e+01
6.301630154996419542e+00,6.515669987504651317e+00,7.157789485029348420e+00,8.227987180046440585e+00,9.726260578790810740e+00,1.165260578188324914e+01,1.400701698985711907e+01,1.678948577206839587e+01,2.000000000000000000e+01
6.347847278371498980e+00,6.561164959814014708e+00,7.201118004141561890e+00,8.267704948071839866e+00,9.760923305192992672e+00,1.168076918791516405e+01,1.402723681476359729e+01,1.680031778187054314e+01,2.000000000000000000e+01
6.393908482230276746e+00,6.606506448792797137e+00,7.244300348480357421e+00,8.307288722302171635e+00,9.795469091270579298e+00,1.170883757966870498e+01,1.404738842409516586e+01,1.681111324751874037e+01,2.000000000000000000e+01
6.439814291406004365e+00,6.651694971081634655e+00,7.287337010108527302e+00,8.346738953831206231e+00,9.829898330748257251e+00,1.173681127708798755e+01,1.406747204759076908e+01,1.682187229210836321e+01,2.000000000000000000e+01
6.485565229072002502e+00,6.696731041686450503e+00,7.330228479529793617e+00,8.386056092320250954e+00,9.864211416096635432e+00,1.176469059909425674e+01,1.408748791425172087e+01,1.683259503833770410e+01,2.000000000000000000e+01
6.531161816737268033e+00,6.741615173974184749e+00,7.372975245684933121e+00,8.425240585994899334e+00,9.898408738529766993e+00,1.179247586358423838e+01,1.410743625234081655e+01,1.684328160850765244e+01,2.000000000000000000e+01
6.576604574242974621e+00,6.786347879669418326e+00,7.415577795948750328e+00,8.464292881642528243e+00,9.932490688003280610e+00,1.182016738742894013e+01,1.412731728938173603e+01,1.685393212452155254e+01,2.000000000000000000e+01
6.621894019759825945e+00,6.830929668851821290e+00,7.458036616127808216e+00,8.503213424610462923e+00,9.966457653213081969e+00,1.184776548647288053e+01,1.414713125215874001e+01,1.686454670788517518e+01,2.000000000000000000e+01
6.667030669786156771e+00,6.875361049954327619e+00,7.500352190458841939e+00,8.542002658804751292e+00,1.000031002159454729e+01,1.187527047553370885e+01,1.416687836671660783e+01,1.687512547970681354e+01,2.000000000000000000e+01
6.712015039146726814e+00,6.919642529761997451e+00,7.542525001607809365e+00,8.580661026689501369e+00,1.003404817932217874e+01,1.190268266840216782e+01,1.418655885836083286e+01,1.688566856069751410e+01,2.000000000000000000e+01
6.756847640992130088e+00,6.963774613411472636e+00,7.584555530669499390e+00,8.619188969286696533e+00,1.006767251130968432e+01,1.193000237784238315e+01,1.420617295165798666e+01,1.689617607117137865e+01,2.000000000000000000e+01
6.801528986798775378e+00,7.007757804390995382e+00,7.626444257167656282e+00,8.657586926176495723e+00,1.010118340121041847e+01,1.195722991559241777e+01,1.422572087043630695e+01,1.690664813104597286e+01,2.000000000000000000e+01
6.846059586369371175e+00,7.051592604540924292e+00,7.668191659055583642e+00,8.695855335497931549e+00,1.013458123141819023e+01,1.198436559236510668e+01,1.424520283778644369e+01,1.691708485984282717e+01,2.000000000000000000e+01
6.890439947833884027e+00,7.095279514054699810e+00,7.709798212717145383e+00,8.733994633949969000e+00,1.016786638306834867e+01,1.201140971784911571e+01,1.426461907606235080e+01,1.692748637668798750e+01,2.000000000000000000e+01
6.934670577650911660e+00,7.138819031480228894e+00,7.751264392968181483e+00,8.772005256792931860e+00,1.020103923603917551e+01,1.203836260071022046e+01,1.428396980688233064e+01,1.693785280031264762e+01,2.000000000000000000e+01
6.978751980609431804e+00,7.182211653721635614e+00,7.792590673058246153e+00,8.809887637850211561e+00,1.023410016895351937e+01,1.206522454859277182e+01,1.430325525113020646e+01,1.694818424905384902e+01,2.000000000000000000e+01
7.022684659830914278e+00,7.225457876041351923e+00,7.833777524672666637e+00,8.847642209510265587e+00,1.026704955918066098e+01,1.209199586812133020e+01,1.432247562895660131e+01,1.695848084085523766e+01,2.000000000000000000e+01
7.066469116771716408e+00,7.268558192062510415e+00,7.874825417934894212e+00,8.885269402728859234e+00,1.029988778283838968e+01,1.211867686490247564e+01,1.434163115978032543e+01,1.696874269326783846e+01,2.000000000000000000e+01
7.110105851225796414e+00,7.311513093771623062e+00,7.915734821409102118e+00,8.922769647031543627e+00,1.033261521479526301e+01,1.214526784352674760e+01,1.436072206228985593e+01,1.697896992345092571e+01,2.000000000000000000e+01
7.153595361327645286e+00,7.354323071521489119e+00,7.956506202103020620e+00,8.960143370516325589e+00,1.036523222867302962e+01,1.217176910757070551e+01,1.437974855444489464e+01,1.698916264817288635e+01,2.000000000000000000e+01
7.196938143555470901e+00,7.396988614034347265e+00,7.997140025470978131e+00,8.997390999856536453e+00,1.039773919684923165e+01,1.219818095959912263e+01,1.439871085347802726e+01,1.699932098381215795e+01,2.000000000000000000e+01
7.240134692734585542e+00,7.439510208405224034e+00,8.037636755417137735e+00,9.034512960303862528e+00,1.043013649045990476e+01,1.222450370116726681e+01,1.441760917589640201e+01,1.700944504635816301e+01,2.000000000000000000e+01
7.283185502040983472e+00,7.481888340105462554e+00,8.077996854298897134e+00,9.071509675691508789e+00,1.046242447940244169e+01,1.225073763282329331e+01,1.443644373748352905e+01,1.701953495141231443e+01,2.000000000000000000e+01
7.326091063005080173e+00,7.524123492986420914e+00,8.118220782930443136e+00,9.108381568437534881e+00,1.049460353233853382e+01,1.227688305411070502e+01,1.445521475330108707e+01,1.702959081418900666e+01,2.000000000000000000e+01
7.368851865515600785e+00,7.566216149283313541e+00,8.158309000586452697e+00,9.145129059548276373e+00,1.052667401669724434e+01,1.230294026357089798e+01,1.447392243769080089e+01,1.703961274951665672e+01,2.000000000000000000e+01
7.411468397823618659e+00,7.608166789619189352e+00,8.198261965005903207e+00,9.181752568621897481e+00,1.055863629867814524e+01,1.232890955874577443e+01,1.449256700427636879e+01,1.704960087183876638e+01,2.000000000000000000e+01
7.453941146546708474e+00,7.649975893009033356e+00,8.238080132396008892e+00,9.218252513852029040e+00,1.059049074325454498e+01,1.235479123618041264e+01,1.451114866596540942e+01,1.705955529521497382e+01,2.000000000000000000e+01
7.496270596673208608e+00,7.691643936863967745e+00,8.277763957436244269e+00,9.254629312031504185e+00,1.062223771417679785e+01,1.238058559142579007e+01,1.452966763495146729e+01,1.706947613332215852e+01,2.000000000000000000e+01
7.538457231566584760e+00,7.733171396995555114e+00,8.317313893282468840e+00,9.290883378556163308e+00,1.065387757397565771e+01,1.240629291904155806e+01,1.454812412271602717e+01,1.707936349945555321e+01,2.000000000000000000e+01
7.580501532969871725e+00,7.774558747620184285e+00,8.356730391571124628e+00,9.327015127428740726e+00,1.068541068396570992e+01,1.243191351259886446e+01,1.456651834003057644e+01,1.708921750652984883e+01,2.000000000000000000e+01
7.622403981010208440e+00,7.815806461363531632e+00,8.396013902423502984e+00,9.363024971262797536e+00,1.071683740424884235e+01,1.245744766468320819e+01,1.458485049695867275e+01,1.709903826708032071e+01,2.000000000000000000e+01
7.664165054203436966e+00,7.856915009265095229e+00,8.435164874450071792e+00,9.398913321286723743e+00,1.074815809371775366e+01,1.248289566689731522e+01,1.460312080285805081e+01,1.710882589326397962e+01,2.000000000000000000e+01
7.705785229458751218e+00,7.897884860782782290e+00,8.474183754754875508e+00,9.434680587347784808e+00,1.077937311005953092e+01,1.250825780986407665e+01,1.462132946638274511e+01,1.711858049686071581e+01,2.000000000000000000e+01
7.747264982083422957e+00,7.938716483797557899e+00,8.513070988939961836e+00,9.470327177916198380e+00,1.081048280975921827e+01,1.253353438322947966e+01,1.463947669548520736e+01,1.712830218927445358e+01,2.000000000000000000e+01
7.788604785787555329e+00,7.979410344618133699e+00,8.551827021109868809e+00,9.505853500089283870e+00,1.084148754810346382e+01,1.255872567566558118e+01,1.465756269741847362e+01,1.713799108153431661e+01,2.000000000000000000e+01
7.829805112688883462e+00,8.019966907985697446e+00,8.590452293876140288e+00,9.541259959595597806e+00,1.087238767918415938e+01,1.258383197487349392e+01,1.467558767873831727e+01,1.714764728429578966e+01,2.000000000000000000e+01
7.870866433317622146e+00,8.060386637078686078e+00,8.628947248361878763e+00,9.576546960799138475e+00,1.090318355590211929e+01,1.260885356758638487e+01,1.469355184530542857e+01,1.715727090784190167e+01,2.000000000000000000e+01
7.911789216621336607e+00,8.100669993517582768e+00,8.667312324206321250e+00,9.611714906703550554e+00,1.093387552997076106e+01,1.263379073957250043e+01,1.471145540228758009e+01,1.716686206208440169e+01,2.000000000000000000e+01
7.952573929969832811e+00,8.140817437369737064e+00,8.705547959569450711e+00,9.646764198956358172e+00,1.096446395191983569e+01,1.265864377563819509e+01,1.472929855416183642e+01,1.717642085656492412e+01,2.000000000000000000e+01
7.993221039160093078e+00,8.180829427154222344e+00,8.743654591136612808e+00,9.681695237853221059e+00,1.099494917109913494e+01,1.268341295963097259e+01,1.474708150471673385e+01,1.718594740045618607e+01,2.000000000000000000e+01
8.033731008421204578e+00,8.220706419846694146e+00,8.781632654123166404e+00,9.716508422342203133e+00,1.102533153568224300e+01,1.270809857444253410e+01,1.476480445705448652e+01,1.719544180256317389e+01,2.000000000000000000e+01
8.074104300419326918e+00,8.260448870884278705e+00,8.819482582279134064e+00,9.751204150028039308e+00,1.105561139267026682e+01,1.273270090201182647e+01,1.478246761359318917e+01,1.720490417132432270e+01,2.000000000000000000e+01
8.114341376262661498e+00,8.300057234170465037e+00,8.857204807893875653e+00,9.785782817176441384e+00,1.108578908789560202e+01,1.275722022332811711e+01,1.480007117606901801e+01,1.721433461481269589e+01,2.000000000000000000e+01
8.154442695506432415e+00,8.339531962080014793e+00,8.894799761800761928e+00,9.820244818718375512e+00,1.111586496602568452e+01,1.278165681843404577e+01,1.481761534553844228e+01,1.722373324073719303e+01,2.000000000000000000e+01
8.194408716157871808e+00,8.378873505463868554e+00,8.932267873381862344e+00,9.854590548254382298e+00,1.114583937056676177e+01,1.280601096642869763e+01,1.483510032238044118e+01,1.723310015644371873e+01,2.000000000000000000e+01
8.234239894681222083e+00,8.418082313654075222e+00,8.969609570572634638e+00,9.888820398058864924e+00,1.117571264386764618e+01,1.283028294547066039e+01,1.485252630629869941e+01,1.724243546891637635e+01,2.000000000000000000e+01
8.273936686002736351e+00,8.457158834468705422e+00,9.006825279866609080e+00,9.922934759084409251e+00,1.120548512712349165e+01,1.285447303278110986e+01,1.486989349632381519e+01,1.725173928477866170e+01,2.000000000000000000e+01
8.313499543515669998e+00,8.496103514216775565e+00,9.043915426320090489e+00,9.956934020966084375e+00,1.123515716037955414e+01,1.287858150464685991e+01,1.488720209081552959e+01,1.726101171029463899e+01,2.000000000000000000e+01
8.352928919085293558e+00,8.534916797703182567e+00,9.080880433556847819e+00,9.990818572025752076e+00,1.126472908253495930e+01,1.290260863642344091e+01,1.490445228746490081e+01,1.727025285137012744e+01,2.000000000000000000e+01
8.392225263053875395e+00,8.573599128233610145e+00,9.117720723772810842e+00,1.002458879927637447e+01,1.129420123134646303e+01,1.292655470253814265e+01,1.492164428329652814e+01,1.727946281355388791e+01,2.000000000000000000e+01
8.431389024245705244e+00,8.612150947619465313e+00,9.154436717740747298e+00,1.005824508842630927e+01,1.132357394343221735e+01,1.295041997649309806e+01,1.493877827467074759e+01,1.728864170203880235e+01,2.000000000000000000e+01
8.470420649972057348e+00,8.650572696182782906e+00,9.191028834814959581e+00,1.009178782388361562e+01,1.135284755427551318e+01,1.297420473086832260e+01,1.495585445728583274e+01,1.729778962166305334e+01,2.000000000000000000e+01
8.509320586036201561e+00,8.688864812761138978e+00,9.227497492935949452e+00,1.012521738876033517e+01,1.138202239822854445e+01,1.299790923732477133e+01,1.497287302618018145e+01,1.730690667691130002e+01,2.000000000000000000e+01
8.548089276738371822e+00,8.727027734712555329e+00,9.263843108635107626e+00,1.015853416487679617e+01,1.141109880851614022e+01,1.302153376660738537e+01,1.498983417573450971e+01,1.731599297191585407e+01,2.000000000000000000e+01
8.586727164880738172e+00,8.765061897920395140e+00,9.300066097039366042e+00,1.019173853276587494e+01,1.144007711723951459e+01,1.304507858854812596e+01,1.500673809967404004e+01,1.732504861045785916e+01,2.000000000000000000e+01
8.625234691772389439e+00,8.802967736798256837e+00,9.336166871875857254e+00,1.022483087167727867e+01,1.146895765537998990e+01,1.306854397206902618e+01,1.502358499107067580e+01,1.733407369596844561e+01,2.000000000000000000e+01
8.663612297234271509e+00,8.840745684294846640e+00,9.372145845476573811e+00,1.025781155958180690e+01,1.149774075280272534e+01,1.309193018518520191e+01,1.504037504234519318e+01,1.734306833152991700e+01,2.000000000000000000e+01
8.701860419604143360e+00,8.878396171898856437e+00,9.408003428782999222e+00,1.029068097317560770e+01,1.152642673826043307e+01,1.311523749500787694e+01,1.505710844526939951e+01,1.735203261987689771e+01,2.000000000000000000e+01
8.739979495741515336e+00,8.915919629643822120e+00,9.443740031350740693e+00,1.032343948788442667e+01,1.155501593939708904e+01,1.313846616774741705e+01,1.507378539096830394e+01,1.736096666339751238e+01,2.000000000000000000e+01
8.777969961032578539e+00,8.953316486112973038e+00,9.479356061354156537e+00,1.035608747786784001e+01,1.158350868275162604e+01,1.316161646871631241e+01,1.509040606992227751e+01,1.736987056413452635e+01,2.000000000000000000e+01
8.815832249395112896e+00,8.990587168444072574e+00,9.514851925590949833e+00,1.038862531602348938e+01,1.161190529376163560e+01,1.318468866233220105e+01,1.510697067196921850e+01,1.737874442378652162e+01,2.000000000000000000e+01
8.853566793283400571e+00,9.027732102334248054e+00,9.550228029486792281e+00,1.042105337399129006e+01,1.164020609676704332e+01,1.320768301212084594e+01,1.512347938630669297e+01,1.738758834370903017e+01,2.000000000000000000e+01
8.891174023693109163e+00,9.064751712044802900e+00,9.585484777099885889e+00,1.045337202215764449e+01,1.166841141501378587e+01,1.323059978071913356e+01,1.513993240149408415e+01,1.739640242491570277e+01,2.000000000000000000e+01
8.928654370166180243e+00,9.101646420406025229e+00,9.620622571125558409e+00,1.048558162965963803e+01,1.169652157065746856e+01,1.325343922987804390e+01,1.515632990545473113e+01,1.740518676807943521e+01,2.000000000000000000e+01
8.966008260795689466e+00,9.138416648821971577e+00,9.655641812900816134e+00,1.051768256438921689e+01,1.172453688476702283e+01,1.327620162046562058e+01,1.517267208547806590e+01,1.741394147353353006e+01,2.000000000000000000e+01
9.003236122230704908e+00,9.175062817275254190e+00,9.690542902408902037e+00,1.054967519299736800e+01,1.175245767732835134e+01,1.329888721246993555e+01,1.518895912822172711e+01,1.742266664127282993e+01,2.000000000000000000e+01
9.040338379681129410e+00,9.211585344331805203e+00,9.725326238283832581e+00,1.058155988089827915e+01,1.178028426724795530e+01,1.332149626500204498e+01,1.520519121971370069e+01,1.743136237095485086e+01,2.000000000000000000e+01
9.077315456922521619e+00,9.247984647145619519e+00,9.759992217814914994e+00,1.061333699227348859e+01,1.180801697235656533e+01,1.334402903629892734e+01,1.522136854535441763e+01,1.744002876190091911e+01,2.000000000000000000e+01
9.114167776300911683e+00,9.284261141463503009e+00,9.794541236951278762e+00,1.064500689007602396e+01,1.183565610941274571e+01,1.336648578372641438e+01,1.523749128991887680e+01,1.744866591309730453e+01,2.000000000000000000e+01
9.150895758737602748e+00,9.320415241629794068e+00,9.828973690306366251e+00,1.067656993603452698e+01,1.186320199410650034e+01,1.338886676378213458e+01,1.525355963755873745e+01,1.745727392319633964e+01,2.000000000000000000e+01
9.187499823733963566e+00,9.356447360591076290e+00,9.863289971162416236e+00,1.070802649065736922e+01,1.189065494106286458e+01,1.341117223209841924e+01,1.526957377180441178e+01,1.746585289051754941e+01,2.000000000000000000e+01
9.223980389376182032e+00,9.392357909900871604e+00,9.897490471474938545e+00,1.073937691323674493e+01,1.191801526384547927e+01,1.343340244344521572e+01,1.528553387556716459e+01,1.747440291304876325e+01,2.000000000000000000e+01
9.260337872340036469e+00,9.428147299724322750e+00,9.931575581877179815e+00,1.077062156185277608e+01,1.194528327496016828e+01,1.345555765173298468e+01,1.530144013114119517e+01,1.748292408844724477e+01,2.000000000000000000e+01
9.296572687895634957e+00,9.463815938842868647e+00,9.965545691684571494e+00,1.080176079337757500e+01,1.197245928585849306e+01,1.347763811001560086e+01,1.531729272020570676e+01,1.749141651404078956e+01,2.000000000000000000e+01
9.332685249912143988e+00,9.499364234658894901e+00,9.999401188899151194e+00,1.083279496347931570e+01,1.199954360694129818e+01,1.349964407049322368e+01,1.533309182382697955e+01,1.749988028682884078e+01,2.000000000000000000e+01
9.368675970862497593e+00,9.534792593200371869e+00,1.003314246021399470e+01,1.086372442662628046e+01,1.202653654756225166e+01,1.352157578451517850e+01,1.534883762246043659e+01,1.750831550348359755e+01,2.000000000000000000e+01
9.404545261828101133e+00,9.570101419125478515e+00,1.006676989101761066e+01,1.089454953609090104e+01,1.205343841603135857e+01,1.354343350258281831e+01,1.536453029595270259e+01,1.751672226035111635e+01,2.000000000000000000e+01
9.440293532503510221e+00,9.605291115727217388e+00,1.010028386539833711e+01,1.092527064395378389e+01,1.208024951961849425e+01,1.356521747435238012e+01,1.538017002354364493e+01,1.752510065345239809e+01,2.000000000000000000e+01
9.475921191201104321e+00,9.640362084938008280e+00,1.013368476614872193e+01,1.095588810110772471e+01,1.210697016455688768e+01,1.358692794863783249e+01,1.539575698386842539e+01,1.753345077848450373e+01,2.000000000000000000e+01
9.511428644855740799e+00,9.675314727334276554e+00,1.016697297476988382e+01,1.098640225726170705e+01,1.213360065604662985e+01,1.360856517341371053e+01,1.541129135495953406e+01,1.754177273082162358e+01,2.000000000000000000e+01
9.546816299029389441e+00,9.710149442141007725e+00,1.020014887147585902e+01,1.101681346094488489e+01,1.216014129825813761e+01,1.363012939581794569e+01,1.542677331424882503e+01,1.755006660551618580e+01,2.000000000000000000e+01
9.582084557915765188e+00,9.744866627236309142e+00,1.023321283519793923e+01,1.104712205951057236e+01,1.218659239433563357e+01,1.365162086215468129e+01,1.544220303856953258e+01,1.755833249729992929e+01,2.000000000000000000e+01
9.617233824344928905e+00,9.779466679155945030e+00,1.026616524358899518e+01,1.107732839914018541e+01,1.221295424640060112e+01,1.367303981789707912e+01,1.545758070415829266e+01,1.756657050058498371e+01,2.000000000000000000e+01
9.652264499787881036e+00,9.813949993097855540e+00,1.029900647302777905e+01,1.110743282484720496e+01,1.223922715555523055e+01,1.369438650769013677e+01,1.547290648665715729e+01,1.757478070946495308e+01,2.000000000000000000e+01
9.687176984361153487e+00,9.848316962926672247e+00,1.033173689862322675e+01,1.113743568048111321e+01,1.226541142188585276e+01,1.371566117535346407e+01,1.548818056111559116e+01,1.758296321771598514e+01,2.000000000000000000e+01
9.721971676831367759e+00,9.882567981178208782e+00,1.036435689421872830e+01,1.116733730873129815e+01,1.229150734446636939e+01,1.373686406388405779e+01,1.550340310199246829e+01,1.759111811879783360e+01,2.000000000000000000e+01
9.756648974619780645e+00,9.916703439063935477e+00,1.039686683239639819e+01,1.119713805113099525e+01,1.231751522136165633e+01,1.375799541545909754e+01,1.551857428315807397e+01,1.759924550585494529e+01,2.000000000000000000e+01
9.791209273806822821e+00,9.950723726475448672e+00,1.042926708448132622e+01,1.122683824806115283e+01,1.234343534963096900e+01,1.377905547143869036e+01,1.553369427789608181e+01,1.760734547171751174e+01,2.000000000000000000e+01
9.825652969136617898e+00,9.984629231988916942e+00,1.046155802054581407e+01,1.125643823875434180e+01,1.236926802533133518e+01,1.380004447236863285e+01,1.554876325890552735e+01,1.761541810890251725e+01,2.000000000000000000e+01
9.859980454021487262e+00,1.001842034286951666e+01,1.049374000941360308e+01,1.128593836129860328e+01,1.239501354352093188e+01,1.382096265798316104e+01,1.556378139830279395e+01,1.762346350961481889e+01,2.000000000000000000e+01
9.894192120546447811e+00,1.005209744507585512e+01,1.052581341866407527e+01,1.131533895264133527e+01,1.242067219826245683e+01,1.384181026720767704e+01,1.557874886762356326e+01,1.763148176574818393e+01,2.000000000000000000e+01
9.928288359473670610e+00,1.008566092326436880e+01,1.055777861463645984e+01,1.134464034859311532e+01,1.244624428262647875e+01,1.386258753816148470e+01,1.559366583782477811e+01,1.763947296888633787e+01,2.000000000000000000e+01
9.962269560246959088e+00,1.011911116079371986e+01,1.058963596243400396e+01,1.137384288383154818e+01,1.247173008869478750e+01,1.388329470816050559e+01,1.560853247928659293e+01,1.764743721030401247e+01,2.000000000000000000e+01
9.996136110996177493e+00,1.015244853972917127e+01,1.062138582592814906e+01,1.140294689190507604e+01,1.249712990756372477e+01,1.390393201371997911e+01,1.562334896181432242e+01,1.765537458096800094e+01,2.000000000000000000e+01
1.002988839854170600e+01,1.018567344084694959e+01,1.065302856776267859e+01,1.143195270523679241e+01,1.252244402934751122e+01,1.392449969055718384e+01,1.563811545464037778e+01,1.766328517153817046e+01,2.000000000000000000e+01
1.006352680839882829e+01,1.021878624363858812e+01,1.068456454935786581e+01,1.146086065512824170e+01,1.254767274318155934e+01,1.394499797359410742e+01,1.565283212642619759e+01,1.767116907236851731e+01,2.000000000000000000e+01
1.009705172478214941e+01,1.025178732631526124e+01,1.071599413091459674e+01,1.148967107176319224e+01,1.257281633722577041e+01,1.396542709696014306e+01,1.566749914526418230e+01,1.767902637350820072e+01,2.000000000000000000e+01
1.013046353060998506e+01,1.028467706581210805e+01,1.074731767141847705e+01,1.151838428421140925e+01,1.259787509866782962e+01,1.398578729399475229e+01,1.568211667867960024e+01,1.768685716470255187e+01,2.000000000000000000e+01
1.016376260750872440e+01,1.031745583779252762e+01,1.077853552864393727e+01,1.154700062043241537e+01,1.262284931372647456e+01,1.400607879725013838e+01,1.569668489363250963e+01,1.769466153539412190e+01,2.000000000000000000e+01
1.019694933581718921e+01,1.035012401665247062e+01,1.080964805915831661e+01,1.157552040727923526e+01,1.264773926765478507e+01,1.402630183849389667e+01,1.571120395651966106e+01,1.770243957472368024e+01,2.000000000000000000e+01
1.023002409459098594e+01,1.038268197552472394e+01,1.084065561832593616e+01,1.160394397050212234e+01,1.267254524474341792e+01,1.404645664871166133e+01,1.572567403317640355e+01,1.771019137153125200e+01,2.000000000000000000e+01
1.026298726160682584e+01,1.041513008628315795e+01,1.087155856031215606e+01,1.163227163475228920e+01,1.269726752832386119e+01,1.406654345810974860e+01,1.574009528887856746e+01,1.771791701435711985e+01,2.000000000000000000e+01
1.029583921336683439e+01,1.044746871954697909e+01,1.090235723808741142e+01,1.166050372358559706e+01,1.272190640077167423e+01,1.408656249611777334e+01,1.575446788834436695e+01,1.772561659144284363e+01,2.000000000000000000e+01
1.032858032510286428e+01,1.047969824468496114e+01,1.093305200343125172e+01,1.168864055946627012e+01,1.274646214350970830e+01,1.410651399139128692e+01,1.576879199573626167e+01,1.773329019073226220e+01,2.000000000000000000e+01
1.036121097078076758e+01,1.051181902981966765e+01,1.096364320693636607e+01,1.171668246377056732e+01,1.277093503701131993e+01,1.412639817181437074e+01,1.578306777466285027e+01,1.774093789987250247e+01,2.000000000000000000e+01
1.039373152310467141e+01,1.054383144183164589e+01,1.099413119801256755e+01,1.174462975679045407e+01,1.279532536080357730e+01,1.414621526450224387e+01,1.579729538818072854e+01,1.774855980621497409e+01,2.000000000000000000e+01
1.042614235352123409e+01,1.057573584636362440e+01,1.102451632489079358e+01,1.177248275773725794e+01,1.281963339347044339e+01,1.416596549580386899e+01,1.581147499879635632e+01,1.775615599681637136e+01,2.000000000000000000e+01
1.045844383222388885e+01,1.060753260782468921e+01,1.105479893462709029e+01,1.180024178474532270e+01,1.284385941265597175e+01,1.418564909130452278e+01,1.582560676846790493e+01,1.776372655843966797e+01,2.000000000000000000e+01
1.049063632815707159e+01,1.063922208939444225e+01,1.108497937310655779e+01,1.182790715487562849e+01,1.286800369506746478e+01,1.420526627582837342e+01,1.583969085860711523e+01,1.777127157755511178e+01,2.000000000000000000e+01
1.052272020902042549e+01,1.067080465302714920e+01,1.111505798504731857e+01,1.185547918411942803e+01,1.289206651647864454e+01,1.422481727344105806e+01,1.585372743008114504e+01,1.777879114034119823e+01,2.000000000000000000e+01
1.055469584127302163e+01,1.070228065945587659e+01,1.114503511400444324e+01,1.188295818740184018e+01,1.291604815173278986e+01,1.424430230745223191e+01,1.586771664321439168e+01,1.778628533268566869e+01,2.000000000000000000e+01
1.058656359013751036e+01,1.073365046819660229e+01,1.117491110237387630e+01,1.191034447858545242e+01,1.293994887474588040e+01,1.426372160041812442e+01,1.588165865779034114e+01,1.779375424018648744e+01,2.000000000000000000e+01
1.061832381960433480e+01,1.076491443755233846e+01,1.120468629139634942e+01,1.193763837047391263e+01,1.296376895850973554e+01,1.428307537414407946e+01,1.589555363305336932e+01,1.780119794815281153e+01,2.000000000000000000e+01
1.064997689243584489e+01,1.079607292461720291e+01,1.123436102116127699e+01,1.196484017481549422e+01,1.298750867509511764e+01,1.430236384968708663e+01,1.590940172771058769e+01,1.780861654160598562e+01,2.000000000000000000e+01
1.068152317017047359e+01,1.082712628528051546e+01,1.126393563061063752e+01,1.199195020230665421e+01,1.301116829565484423e+01,1.432158724735830191e+01,1.592320309993363736e+01,1.781601010528048334e+01,2.000000000000000000e+01
1.071296301312684562e+01,1.085807487423084794e+01,1.129341045754285666e+01,1.201896876259559122e+01,1.303474809042688953e+01,1.434074578672558253e+01,1.593695790736050100e+01,1.782337872362490216e+01,2.000000000000000000e+01
1.074429678040790748e+01,1.088891904496009033e+01,1.132278583861664067e+01,1.204589616428576804e+01,1.305824832873746288e+01,1.435983968661597210e+01,1.595066630709730227e+01,1.783072248080290834e+01,2.000000000000000000e+01
1.077552482990501481e+01,1.091965914976747420e+01,1.135206210935485061e+01,1.207273271493945366e+01,1.308166927900408893e+01,1.437886916511821411e+01,1.596432845572010706e+01,1.783804146069421748e+01,2.000000000000000000e+01
1.080664751830203585e+01,1.095029553976360503e+01,1.138123960414831259e+01,1.209947872108122269e+01,1.310501120873867542e+01,1.439783443958523002e+01,1.597794450927670162e+01,1.784533574689553248e+01,2.000000000000000000e+01
1.083766520107940501e+01,1.098082856487446612e+01,1.141031865625964770e+01,1.212613448820145656e+01,1.312827438455056495e+01,1.441673572663661851e+01,1.599151462328837603e+01,1.785260542272151341e+01,2.000000000000000000e+01
1.086857823251820321e+01,1.101125857384542250e+01,1.143929959782707861e+01,1.215270032075984474e+01,1.315145907214958498e+01,1.443557324216112114e+01,1.600503895275171473e+01,1.785985057120571540e+01,2.000000000000000000e+01
1.089938696570419374e+01,1.104158591424519820e+01,1.146818275986821334e+01,1.217917652218884683e+01,1.317456553634907124e+01,1.445434720131908080e+01,1.601851765214034273e+01,1.786707127510155146e+01,2.000000000000000000e+01
1.093009175253184928e+01,1.107181093246984638e+01,1.149696847228383945e+01,1.220556339489717068e+01,1.319759404106890699e+01,1.447305781854491080e+01,1.603195087540671437e+01,1.787426761688323396e+01,2.000000000000000000e+01
1.096069294370838598e+01,1.110193397374670887e+01,1.152565706386167932e+01,1.223186124027321675e+01,1.322054484933853047e+01,1.449170530754954278e+01,1.604533877598385416e+01,1.788143967874670537e+01,2.000000000000000000e+01
1.099119088875775851e+01,1.113195538213835789e+01,1.155424886228015602e+01,1.225807035868852601e+01,1.324341822329993690e+01,1.451028988132285846e+01,1.605868150678711714e+01,1.788858754261058692e+01,2.000000000000000000e+01
1.102158593602465864e+01,1.116187550054652711e+01,1.158274419411212897e+01,1.228419104950121010e+01,1.326621442421067165e+01,1.452881175213613041e+01,1.607197922021593328e+01,1.789571129011711648e+01,2.000000000000000000e+01
1.105187843267848535e+01,1.119169467071602142e+01,1.161114338482862784e+01,1.231022361105936902e+01,1.328893371244682342e+01,1.454727113154444318e+01,1.608523206815554829e+01,1.790281100263308289e+01,2.000000000000000000e+01
1.108206872471732218e+01,1.122141323323863205e+01,1.163944675880256696e+01,1.233616834070449997e+01,1.331157634750599073e+01,1.456566823038911451e+01,1.609844020197876091e+01,1.790988676125073553e+01,2.000000000000000000e+01
1.111215715697187001e+01,1.125103152755701430e+01,1.166765463931244895e+01,1.236202553477489019e+01,1.333414258801024310e+01,1.458400325880009341e+01,1.611160377254764242e+01,1.791693864678873283e+01,2.000000000000000000e+01
1.114214407310940835e+01,1.128054989196857250e+01,1.169576734854606492e+01,1.238779548860900981e+01,1.335663269170908585e+01,1.460227642619837596e+01,1.612472293021528102e+01,1.792396673979305532e+01,2.000000000000000000e+01
1.117202981563770514e+01,1.130996866362931996e+01,1.172378520760416620e+01,1.241347849654887447e+01,1.337904691548239100e+01,1.462048794129838036e+01,1.613779782482747294e+01,1.793097112053792941e+01,2.000000000000000000e+01
1.120181472590893179e+01,1.133928817855773374e+01,1.175170853650413783e+01,1.243907485194341689e+01,1.340138551534334077e+01,1.463863801211033611e+01,1.615082860572444545e+01,1.793795186902674388e+01,2.000000000000000000e+01
1.123149914412357298e+01,1.136850877163858975e+01,1.177953765418364362e+01,1.246458484715182990e+01,1.342364874644134787e+01,1.465672684594267139e+01,1.616381542174258001e+01,1.794490906499295946e+01,2.000000000000000000e+01
1.126108340933429020e+01,1.139763077662678903e+01,1.180727287850428553e+01,1.249000877354690608e+01,1.344583686306496695e+01,1.467475464940436325e+01,1.617675842121607133e+01,1.795184278790101828e+01,2.000000000000000000e+01
1.129056785944981378e+01,1.142665452615116450e+01,1.183491452625521667e+01,1.251534692151837547e+01,1.346795011864480962e+01,1.469272162840731077e+01,1.618965775197866108e+01,1.795875311694726406e+01,2.000000000000000000e+01
1.131995283123879581e+01,1.145558035171829125e+01,1.186246291315677404e+01,1.254059958047620960e+01,1.348998876575642747e+01,1.471062798816868167e+01,1.620251356136531129e+01,1.796564013106083380e+01,2.000000000000000000e+01
1.134923866033365947e+01,1.148440858371626305e+01,1.188991835386407381e+01,1.256576703885393620e+01,1.351195305612320396e+01,1.472847393321325171e+01,1.621532599621388115e+01,1.797250390890456018e+01,2.000000000000000000e+01
1.137842568123442355e+01,1.151313955141846890e+01,1.191728116197061027e+01,1.259084958411192900e+01,1.353384324061922328e+01,1.474625966737575133e+01,1.622809520286681462e+01,1.797934452887588108e+01,2.000000000000000000e+01
1.140751422731252518e+01,1.154177358298735356e+01,1.194455165001183872e+01,1.261584750274069222e+01,1.355565956927213911e+01,1.476398539380318731e+01,1.624082132717280658e+01,1.798616206910772064e+01,2.000000000000000000e+01
1.143650463081464430e+01,1.157031100547816926e+01,1.197173012946874238e+01,1.264076108026412903e+01,1.357740229126603637e+01,1.478165131495715912e+01,1.625350451448846201e+01,1.799295660746939163e+01,2.000000000000000000e+01
1.146539722286648022e+01,1.159875214484270955e+01,1.199881691077139223e+01,1.266559060124281366e+01,1.359907165494426629e+01,1.479925763261618243e+01,1.626614490967997284e+01,1.799972822156748009e+01,2.000000000000000000e+01
1.149419233347654234e+01,1.162709732593302903e+01,1.202581230330248907e+01,1.269033634927723142e+01,1.362066790781229209e+01,1.481680454787798062e+01,1.627874265712475932e+01,1.800647698874673353e+01,2.000000000000000000e+01
1.152289029153990363e+01,1.165534687250515411e+01,1.205271661540090555e+01,1.271499860701101881e+01,1.364219129654050811e+01,1.483429226116178867e+01,1.629129790071312911e+01,1.801320298609094905e+01,2.000000000000000000e+01
1.155149142484197888e+01,1.168350110722278323e+01,1.207953015436519451e+01,1.273957765613419468e+01,1.366364206696706241e+01,1.485172097221065179e+01,1.630381078384990445e+01,1.801990629042384029e+01,2.000000000000000000e+01
1.157999606006226578e+01,1.171156035166097809e+01,1.210625322645711499e+01,1.276407377738638260e+01,1.368502046410066697e+01,1.486909088009369029e+01,1.631628144945607772e+01,1.802658697830992907e+01,2.000000000000000000e+01
1.160840452277806101e+01,1.173952492630982469e+01,1.213288613690511397e+01,1.278848725056000113e+01,1.370632673212339547e+01,1.488640218320838038e+01,1.632871003997043147e+01,1.803324512605540875e+01,2.000000000000000000e+01
1.163671713746819059e+01,1.176739515057809982e+01,1.215942918990782573e+01,1.281281835450348083e+01,1.372756111439345617e+01,1.490365507928281730e+01,1.634109669735117976e+01,1.803988080970903241e+01,2.000000000000000000e+01
1.166493422751671005e+01,1.179517134279691781e+01,1.218588268863753754e+01,1.283706736712443153e+01,1.374872385344800207e+01,1.492084976537798724e+01,1.635344156307757402e+01,1.804649410506296192e+01,2.000000000000000000e+01
1.169305611521661170e+01,1.182285382022337394e+01,1.221224693524366067e+01,1.286123456539282905e+01,1.376981519100587192e+01,1.493798643788999314e+01,1.636574477815152306e+01,1.805308508765363484e+01,2.000000000000000000e+01
1.172108312177348388e+01,1.185044289904415749e+01,1.223852223085617474e+01,1.288532022534417010e+01,1.379083536797036835e+01,1.495506529255232131e+01,1.637800648309920604e+01,1.805965383276265612e+01,2.000000000000000000e+01
1.174901556730919872e+01,1.187793889437916661e+01,1.226470887558907030e+01,1.290932462208263054e+01,1.381178462443200416e+01,1.497208652443806720e+01,1.639022681797268888e+01,1.806620041541761879e+01,2.000000000000000000e+01
1.177685377086555718e+01,1.190534212028511085e+01,1.229080716854377542e+01,1.293324802978419896e+01,1.383266319967124147e+01,1.498905032796216297e+01,1.640240592235149464e+01,1.807272491039297790e+01,2.000000000000000000e+01
1.180459805040793952e+01,1.193265288975909755e+01,1.231681740781256984e+01,1.295709072169982434e+01,1.385347133216123261e+01,1.500595689688359791e+01,1.641454393534422707e+01,1.807922739221091391e+01,2.000000000000000000e+01
1.183224872282893614e+01,1.195987151474220234e+01,1.234273989048199738e+01,1.298085297015852291e+01,1.387420925957053797e+01,1.502280642430763535e+01,1.642664099559014446e+01,1.808570793514217101e+01,2.000000000000000000e+01
1.185980610395196244e+01,1.198699830612303430e+01,1.236857491263624986e+01,1.300453504657049209e+01,1.389487721876584203e+01,1.503959910268801892e+01,1.643869724126075127e+01,1.809216661320690989e+01,2.000000000000000000e+01
1.188727050853486844e+01,1.201403357374129044e+01,1.239432276936055466e+01,1.302813722143021380e+01,1.391547544581465878e+01,1.505633512382915917e+01,1.645071281006136488e+01,1.809860350017555675e+01,2.000000000000000000e+01
1.191464225027353940e+01,1.204097762639129066e+01,1.241998375474454441e+01,1.305165976431953823e+01,1.393600417598802466e+01,1.507301467888833990e+01,1.646268783923270007e+01,1.810501866956963113e+01,2.000000000000000000e+01
1.194192164180546634e+01,1.206783077182550379e+01,1.244555816188561437e+01,1.307510294391076933e+01,1.395646364376319148e+01,1.508963795837789235e+01,1.647462246555242515e+01,1.811141219466260566e+01,2.000000000000000000e+01
1.196910899471333600e+01,1.209459331675807015e+01,1.247104628289227257e+01,1.309846702796973617e+01,1.397685408282630881e+01,1.510620515216737303e+01,1.648651682533673579e+01,1.811778414848073027e+01,2.000000000000000000e+01
1.199620461952857120e+01,1.212126556686829737e+01,1.249644840888747588e+01,1.312175228335883581e+01,1.399717572607507954e+01,1.512271644948573446e+01,1.649837105444191110e+01,1.812413460380387065e+01,2.000000000000000000e+01
1.202320882573488348e+01,1.214784782680414921e+01,1.252176483001194995e+01,1.314495897604009755e+01,1.401742880562142446e+01,1.513917203892348340e+01,1.651018528826585552e+01,1.813046363316633958e+01,2.000000000000000000e+01
1.205012192177181873e+01,1.217434040018574137e+01,1.254699583542750929e+01,1.316808737107821514e+01,1.403761355279414502e+01,1.515557210843483738e+01,1.652195966174964781e+01,1.813677130885772115e+01,2.000000000000000000e+01
1.207694421503825843e+01,1.220074358960878236e+01,1.257214171332035946e+01,1.319113773264357015e+01,1.405773019814155056e+01,1.517191684533986873e+01,1.653369430937910067e+01,1.814305770292370568e+01,2.000000000000000000e+01
1.210367601189595099e+01,1.222705769664806041e+01,1.259720275090438513e+01,1.321411032401525709e+01,1.407777897143409973e+01,1.518820643632664691e+01,1.654538936518626002e+01,1.814932288716690323e+01,2.000000000000000000e+01
1.213031761767300765e+01,1.225328302186086482e+01,1.262217923442443812e+01,1.323700540758408550e+01,1.409776010166702420e+01,1.520444106745337365e+01,1.655704496275097526e+01,1.815556693314766434e+01,2.000000000000000000e+01
1.215686933666737524e+01,1.227941986479043024e+01,1.264707144915959880e+01,1.325982324485557839e+01,1.411767381706293811e+01,1.522062092415049683e+01,1.656866123520240208e+01,1.816178991218491134e+01,2.000000000000000000e+01
1.218333147215032319e+01,1.230546852396934909e+01,1.267187967942642857e+01,1.328256409645295477e+01,1.413752034507445465e+01,1.523674619122284035e+01,1.658023831522052305e+01,1.816799189535692705e+01,2.000000000000000000e+01
1.220970432636991632e+01,1.233142929692299816e+01,1.269660420858224015e+01,1.330522822212011747e+01,1.415729991238677421e+01,1.525281705285170908e+01,1.659177633503767524e+01,1.817417295350218609e+01,2.000000000000000000e+01
1.223598820055444669e+01,1.235730248017291366e+01,1.272124531902831102e+01,1.332781588072460188e+01,1.417701274492028141e+01,1.526883369259699741e+01,1.660327542644005305e+01,1.818033315722016852e+01,2.000000000000000000e+01
1.226218339491589404e+01,1.238308836924020007e+01,1.274580329221312169e+01,1.335032733026055496e+01,1.419665906783312259e+01,1.528479629339927826e+01,1.661473572076921457e+01,1.818647257687214847e+01,2.000000000000000000e+01
1.228829020865333099e+01,1.240878725864888921e+01,1.277027840863556385e+01,1.337276282785166792e+01,1.421623910552378156e+01,1.530070503758189915e+01,1.662615734892357366e+01,1.819259128258200420e+01,2.000000000000000000e+01
1.231430893995637099e+01,1.243439944192931534e+01,1.279467094784814840e+01,1.339512262975411083e+01,1.423575308163363040e+01,1.531656010685306057e+01,1.663754044135990995e+01,1.819868934423702811e+01,2.000000000000000000e+01
1.234023988600854871e+01,1.245992521162146183e+01,1.281898118846019763e+01,1.341740699135947246e+01,1.425520121904949455e+01,1.533236168230789431e+01,1.664888512809485022e+01,1.820476683148871189e+01,2.000000000000000000e+01
1.236608334299072709e+01,1.248536485927830242e+01,1.284320940814102663e+01,1.343961616719766106e+01,1.427458373990619300e+01,1.534810994443052934e+01,1.666019153870635705e+01,1.821082381375355652e+01,2.000000000000000000e+01
1.239183960608447421e+01,1.251071867546913374e+01,1.286735588362311233e+01,1.346175041093982472e+01,1.429390086558908735e+01,1.536380507309615773e+01,1.667145980233520319e+01,1.821686036021385036e+01,2.000000000000000000e+01
1.241750896947544192e+01,1.253598694978289707e+01,1.289142089070526431e+01,1.348380997540124859e+01,1.431315281673659889e+01,1.537944724757308279e+01,1.668269004768645303e+01,1.822287653981846489e+01,2.000000000000000000e+01
1.244309172635671779e+01,1.256116997083147702e+01,1.291540470425576004e+01,1.350579511254423082e+01,1.433233981324272222e+01,1.539503664652477255e+01,1.669388240303091919e+01,1.822887242128364704e+01,2.000000000000000000e+01
1.246858816893217714e+01,1.258626802625300556e+01,1.293930759821549081e+01,1.352770607348096554e+01,1.435146207425955467e+01,1.541057344801189366e+01,1.670503699620665472e+01,1.823484807309380074e+01,2.000000000000000000e+01
1.249399858841982613e+01,1.261128140271514475e+01,1.296312984560110060e+01,1.354954310847642063e+01,1.437051981819979218e+01,1.542605782949435600e+01,1.671615395462038833e+01,1.824080356350226850e+01,2.000000000000000000e+01
1.251932327505512355e+01,1.263621038591836587e+01,1.298687171850809108e+01,1.357130646695118870e+01,1.438951326273921971e+01,1.544148996783332883e+01,1.672723340524898816e+01,1.824673896053210598e+01,2.000000000000000000e+01
1.254456251809428657e+01,1.266105526059919839e+01,1.301053348811393207e+01,1.359299639748432753e+01,1.440844262481919635e+01,1.545687003929326409e+01,1.673827547464091126e+01,1.825265433197686349e+01,2.000000000000000000e+01
1.256971660581761618e+01,1.268581631053350200e+01,1.303411542468116302e+01,1.361461314781621645e+01,1.442730812064914403e+01,1.547219821954391428e+01,1.674928028891764953e+01,1.825854974540137476e+01,2.000000000000000000e+01
1.259478582553276738e+01,1.271049381853969429e+01,1.305761779756047680e+01,1.363615696485137185e+01,1.444610996570900596e+01,1.548747468366233448e+01,1.676024797377517572e+01,1.826442526814250300e+01,2.000000000000000000e+01
1.261977046357804078e+01,1.273508806648198011e+01,1.308104087519379632e+01,1.365762809466127692e+01,1.446484837475171403e+01,1.550269960613487719e+01,1.677117865448536449e+01,1.827028096730992246e+01,2.000000000000000000e+01
