3.255457152327260323e-02,2.955891714591745711e-01,1.084692971266880468e+00,2.399570548533825232e+00,4.239255134104364942e+00,6.600444931386627800e+00,9.471743731533329935e+00,1.281347108499482346e+01,1.648647992267577322e+01,2.000000000000000000e+01
9.582038370297267516e-02,3.748049692906871844e-01,1.211758726053830726e+00,2.605314236726792743e+00,4.551499165433119387e+00,7.038571722772474892e+00,1.003240853699446689e+01,1.343665206591517070e+01,1.699248638020229407e+01,2.006677790133751671e+01
1.891940503265029105e-01,4.837081706361854305e-01,1.367250531565233018e+00,2.836192890659943178e+00,4.880987904199200145e+00,7.476588953726334807e+00,1.055958677085783215e+01,1.397740830060689809e+01,1.739050447533049848e+01,2.013377876708038627e+01
3.115303715625156733e-01,6.208656706678673531e-01,1.548871567983922448e+00,3.088286844073151460e+00,5.221521066354357643e+00,7.906806892158076749e+00,1.104967646572281126e+01,1.444969252914992452e+01,1.771868975547967651e+01,2.020100334168336076e+01
4.611180294367300814e-01,7.842922130223276556e-01,1.753814763779120378e+00,3.357485853465274950e+00,5.567733408557808517e+00,8.324357271067118091e+00,1.150330636409292318e+01,1.486653512841698621e+01,1.799911218978992622e+01,2.026845237208684836e+01
6.357469411803166048e-01,9.715563464466532295e-01,1.978984562245663215e+00,3.639837906931377987e+00,5.915330350478873456e+00,8.726567810023938776e+00,1.192309344841570784e+01,1.523867090279592595e+01,1.824528997586344659e+01,2.033612660772521963e+01
8.328339368576980206e-01,1.179925521649516584e+00,2.221200276024972275e+00,3.931758301179773429e+00,6.261063445832982133e+00,9.112297067191963862e+00,1.231238208005185086e+01,1.557457238783431919e+01,1.846594970183998896e+01,2.040402680053511375e+01
1.049570786270351164e+00,1.406517003424486267e+00,2.477355654886891578e+00,4.230124884059770274e+00,6.602586037969376598e+00,9.481392386481429568e+00,1.267459863244407003e+01,1.588084460035459244e+01,1.866699202954532666e+01,2.047215370496382292e+01
1.283066936253160373e+00,1.648432558206680332e+00,2.744529424067240431e+00,4.532296261061492082e+00,6.938274471452874792e+00,9.834297129166172269e+00,1.301295298189557847e+01,1.616264170256748756e+01,1.885256876625423317e+01,2.054050807797765188e+01
1.530470472435071727e+00,1.902865900062324478e+00,3.020052182944083174e+00,4.836085080464656905e+00,7.267058096085726504e+00,1.017178474752225803e+01,1.333032293654440004e+01,1.642401378303252102e+01,1.902570090787466839e+01,2.060909067907033787e+01
1.789060419233886590e+00,2.167180076444632952e+00,3.301539048076871818e+00,5.139709444289806584e+00,7.588275445417552945e+00,1.049478706733279942e+01,1.362922966312496875e+01,1.666817349081528121e+01,1.918864919891160170e+01,2.067790227027148120e+01
2.056310086157214112e+00,2.438956989863937608e+00,3.586897700984108539e+00,5.441737022717743955e+00,7.901560272575535393e+00,1.080428782193354920e+01,1.391185508040940633e+01,1.689769511265595270e+01,1.934314553473019060e+01,2.074694361615503269e+01
2.329924886488129232e+00,2.716023692661559519e+00,3.874320111181850823e+00,5.741030115878523965e+00,8.206754894130416034e+00,1.110125949991451222e+01,1.418007608226655769e+01,1.711466202108445955e+01,1.949054290683706725e+01,2.081621548384776332e+01
2.607859622285770396e+00,2.996460800099757904e+00,4.162264333541720873e+00,6.036695723120088175e+00,8.503846114512862542e+00,1.138662810169293493e+01,1.443550323636730681e+01,1.732077613857414278e+01,1.963191584033894799e+01,2.088571864303780856e+01
2.888320434524396685e+00,3.278598076442467146e+00,4.449431002196679863e+00,6.328042161506465035e+00,8.792918788483952142e+00,1.166125543986435531e+01,1.467951824920294079e+01,1.751743982033916325e+01,1.976812968388587066e+01,2.095545386598320547e+01
3.169756089273251920e+00,3.561001487029057611e+00,4.734737680296473350e+00,6.614542389991036941e+00,9.074122676709112767e+00,1.192593219140840333e+01,1.491330785001014725e+01,1.770581772789748598e+01,1.989988967831134659e+01,2.102542192752048322e+01
3.450842438341711560e+00,3.842455107143558202e+00,5.017293113549098571e+00,6.895803517005969496e+00,9.347649081800012638e+00,1.218137733152875768e+01,1.513789339087067098e+01,1.788688410683957741e+01,2.002777651961955740e+01,2.109562360507326062e+01
3.730463011299610887e+00,4.121940417335894224e+00,5.296372635444743793e+00,7.171541700113270856e+00,9.613714559111526725e+00,1.242824117793858285e+01,1.535415622314202366e+01,1.806145932226387885e+01,2.015227266780055260e+01,2.116605967866091120e+01
4.007687897098647589e+00,4.398614777673758525e+00,5.571395419399092219e+00,7.441561597171371112e+00,9.872549681081741468e+00,1.266711031359189477e+01,1.556285922971584590e+01,1.823023840303213206e+01,2.027378216628455476e+01,2.123673093090719277e+01
4.281752411065531838e+00,4.671790284527958192e+00,5.841903904915238144e+00,7.705739585735305930e+00,1.012439137611386819e+01,1.289851332424386499e+01,1.576466499521856335e+01,1.839381357287387431e+01,2.039264581448599856e+01,2.130763814704896930e+01
4.552036525573565307e+00,4.940913766349068759e+00,6.107545488675579115e+00,7.964010067286787731e+00,1.036947777541395155e+01,1.312292671375281472e+01,1.596015109800491594e+01,1.855269220385681805e+01,2.050915294884886819e+01,2.137878211494492575e+01
4.818045656783237263e+00,5.205548349269228936e+00,6.368056426727204844e+00,8.216354281844584051e+00,1.060804480680676676e+01,1.334078063018412941e+01,1.614982296678962115e+01,1.870731124515259580e+01,2.062355070540534641e+01,2.145016362508432906e+01
5.079393123340293137e+00,5.465356795230982279e+00,6.623247810903049704e+00,8.462791160551699221e+00,1.084032399703827210e+01,1.355246420530383133e+01,1.633412468942520945e+01,1.885804890816494961e+01,2.073605138243569357e+01,2.152178347059580332e+01
5.335784402397700354e+00,5.720086661857434862e+00,6.872993440236637497e+00,8.703369832631128844e+00,1.106654110402755009e+01,1.375833041504030341e+01,1.651344810491984560e+01,1.900523419412706971e+01,2.084683834922670442e+01,2.159364244725614412e+01
5.587003182605372764e+00,5.969557234895711773e+00,7.117219391766727021e+00,8.938163477268439294e+00,1.128691531447584318e+01,1.395870043221121648e+01,1.668814045795106793e+01,1.914915470904169581e+01,2.095607082773515373e+01,2.166574135349917185e+01
5.832899135194471008e+00,6.213648125109841658e+00,7.355895094855954497e+00,9.167264271461883496e+00,1.150165882284163565e+01,1.415386748024186225e+01,1.685851084980803094e+01,1.929006310742692776e+01,2.106388779026732294e+01,2.173808099042457798e+01
6.073377279123555184e+00,6.452289389925009999e+00,7.589025722329376222e+00,9.390779233525963221e+00,1.171097666438781104e+01,1.434410021739223673e+01,1.702483568109026280e+01,1.942818242977671872e+01,2.117041115658792449e+01,2.181066216180685302e+01
6.308388793964848418e+00,6.685453026978990465e+00,7.816645726021416607e+00,9.608826800772526155e+00,1.191506671470269296e+01,1.452964569138114648e+01,1.718736324906910795e+01,1.956371054133999365e+01,2.127574843065579557e+01,2.188348567410420742e+01
6.537923127082901686e+00,6.913145685538871987e+00,8.038813360906782890e+00,9.821534010810111681e+00,1.211411979577344411e+01,1.471073190825007870e+01,1.734631763558732231e+01,1.969682383644964574e+01,2.137999488545424853e+01,2.195655233646752080e+01
6.762001244174270731e+00,7.135402447914516166e+00,8.255606059135253361e+00,1.002903418051404394e+01,1.230831984791105249e+01,1.488757005942022893e+01,1.750190199891220644e+01,1.982768033944712727e+01,2.148323538077310602e+01,2.202986296074935524e+01
6.980669880531942262e+00,7.352281543384760809e+00,8.467116531943215563e+00,1.023146499635347162e+01,1.249784414012107803e+01,1.506035644880736335e+01,1.765430136431439934e+01,1.995642230758978997e+01,2.158554588100219718e+01,2.210341836151295425e+01
7.193996661833160999e+00,7.563859869621490262e+00,8.673449492986478049e+00,1.042896694547822101e+01,1.268286350067096890e+01,1.522927415861347988e+01,1.780368499266421267e+01,2.008317842128966646e+01,2.168699472641758774e+01,2.217721935604130223e+01
7.402065976068218589e+00,7.770229209760137756e+00,8.874718910835895258e+00,1.062168202960281072e+01,1.286354255588078210e+01,1.539449448866290737e+01,1.795020839346914698e+01,2.020806563123512589e+01,2.178764370096190106e+01,2.225126676434621231e+01
7.604975491300723256e+00,7.971493046248932401e+00,9.071045711093558950e+00,1.080975271392967940e+01,1.304003996944104671e+01,1.555617820029055842e+01,1.809401503806346767e+01,2.033119071938389766e+01,2.188754893134450086e+01,2.232556140917742482e+01
7.802833226581231685e+00,8.167763884893668447e+00,9.262555859830978733e+00,1.099332107163511552e+01,1.321250867745584046e+01,1.571447659205530023e+01,1.823523781972775026e+01,2.045265162074509036e+01,2.198676164584599491e+01,2.240010411603176266e+01
7.995755095126921397e+00,8.359161013819420560e+00,9.449378769896918939e+00,1.117252809119375456e+01,1.338109611635059082e+01,1.586953243107005918e+01,1.837400030005522567e+01,2.057253854473574961e+01,2.208532881608982379e+01,2.247489571316229018e+01
8.183862849628722458e+00,8.545808632271947758e+00,9.631645980201623658e+00,1.134751311934770968e+01,1.354594444207156201e+01,1.602148076057408943e+01,1.851041777464062221e+01,2.069093492828912417e+01,2.218329370093807995e+01,2.254993703158751472e+01
8.367282369180950141e+00,8.727834293256172771e+00,9.809490065481838883e+00,1.151841341707401867e+01,1.370719073984469105e+01,1.617044960154248301e+01,1.864459818593883966e+01,2.080791824748992269e+01,2.228069630835278758e+01,2.262522890510064144e+01
8.546142235854517821e+00,8.905367611994963184e+00,9.983043740416299272e+00,1.168536380965779031e+01,1.386496722429902562e+01,1.631656056362913887e+01,1.877664290675571834e+01,2.092356071007506557e+01,2.237757378836842648e+01,2.270077217027882099e+01
8.720572556408727749e+00,9.078539199161209439e+00,1.015243912741865451e+01,1.184849641508680662e+01,1.401940143009308315e+01,1.645992937855338667e+01,1.890664741415058359e+01,2.103792984747758865e+01,2.247396076811767429e+01,2.277656766649243636e+01
8.890703991139799811e+00,9.247479783879947846e+00,1.031780716210039373e+01,1.200794043756502028e+01,1.417061639337925882e+01,1.660066636714183375e+01,1.903470187043558681e+01,2.115108902206000963e+01,2.256988963804158033e+01,2.285261623591445357e+01
9.056666957490099534e+00,9.412319496711520017e+00,1.047927711437578147e+01,1.216382201509159344e+01,1.431873082454821855e+01,1.673887684959665378e+01,1.916089162535296353e+01,2.126309786266493163e+01,2.266539079692064007e+01,2.292891872352975113e+01
9.218590980886498087e+00,9.573187287307064253e+00,1.063697620656876452e+01,1.231626411184554826e+01,1.446385927274390326e+01,1.687466150715045643e+01,1.928529765131969853e+01,2.137401263951273478e+01,2.276049286212555600e+01,2.300547597714454895e+01
9.376604169432527058e+00,9.730210455264815650e+00,1.079102931276167787e+01,1.246538644761493941e+01,1.460611228265150885e+01,1.700811670205810344e+01,1.940799692178276459e+01,2.148388658772423554e+01,2.285522285045747282e+01,2.308228884739576614e+01
9.530832792634276629e+00,9.883514275993334763e+00,1.094155872607051094e+01,1.261130545776431333e+01,1.474559654405017284e+01,1.713933476184116600e+01,1.952906274117201590e+01,2.159277018728068498e+01,2.294960633409041151e+01,2.315935818776053878e+01
9.681400947373802524e+00,1.003322170618162801e+01,1.108868398260510268e+01,1.275413427828582691e+01,1.488241503459844495e+01,1.726840423281803893e+01,1.964856503362585016e+01,2.170071140600505188e+01,2.304366757541249555e+01,2.323668485456565946e+01
9.828430296927841425e+00,1.017945315585326327e+01,1.123252173262952702e+01,1.289398275136189476e+01,1.501666715629030335e+01,1.739541010720050451e+01,1.976657059655780557e+01,2.180775591111788714e+01,2.313742964396363533e+01,2.331426970699712342e+01
9.972039871026426638e+00,1.032232631600126638e+01,1.137318565092578559e+01,1.303095744760810604e+01,1.514844886598640095e+01,1.752043402739769462e+01,1.988314332419860975e+01,2.191394725405487875e+01,2.323091451816498676e+01,2.339211360710962495e+01
1.011234591681194495e+01,1.046195603251463702e+01,1.151078637962271145e+01,1.316516170178776157e+01,1.527785280039192806e+01,1.764355447062461835e+01,1.999834440545964398e+01,2.201932703250494328e+01,2.332414317411421933e+01,2.347021741983620657e+01
1.024946179214148678e+01,1.059845421856029191e+01,1.164543149781671083e+01,1.329669565931273745e+01,1.540496839582040067e+01,1.776484691645048386e+01,2.011223249979836325e+01,2.212393503301443332e+01,2.341713566336618157e+01,2.354858201299780163e+01
1.038349789401651968e+01,1.073192979881516074e+01,1.177722551321108568e+01,1.342565633128550751e+01,1.552988200305276223e+01,1.788438399953008684e+01,2.022486389420406638e+01,2.222780935698662219e+01,2.350991118132089142e+01,2.362720825731291541e+01
1.051456161605953810e+01,1.086248867998492251e+01,1.190626987176107754e+01,1.355213765620738187e+01,1.565267699757355224e+01,1.800223564942904630e+01,2.033629264394754799e+01,2.233098653247031251e+01,2.360248812758972292e+01,2.370609702640730987e+01
1.064275732991815460e+01,1.099023374292715971e+01,1.203266298195417683e+01,1.367623056678939619e+01,1.577343388544107405e+01,1.811846921917158681e+01,2.044657069933707305e+01,2.243350161376415386e+01,2.369488415949954785e+01,2.378524919682366345e+01
1.076818638628995473e+01,1.111526485244189288e+01,1.215650025089770914e+01,1.379802306056433103e+01,1.589223040502597151e+01,1.823314960390051809e+01,2.055574802038395177e+01,2.253538827055368543e+01,2.378711623971633671e+01,2.386466564803134816e+01
1.089094713194815434e+01,1.123767888142193705e+01,1.227787412984328341e+01,1.391760027321863724e+01,1.600914162483271141e+01,1.834633935083626000e+01,2.066387268099445507e+01,2.263667886803642304e+01,2.387920067881952590e+01,2.394434726243620304e+01
1.101113493972865776e+01,1.135756974658753116e+01,1.239687416716414958e+01,1.403504455374843829e+01,1.612424003760059676e+01,1.845809876154994100e+01,2.077099096406252698e+01,2.273740453926968996e+01,2.397115317353173580e+01,2.402429492539031486e+01
1.112884224892902552e+01,1.147502845347855605e+01,1.251358706712714586e+01,1.415043554069950815e+01,1.623759565086517398e+01,1.856848598741975209e+01,2.087714744863271576e+01,2.283759525078932029e+01,2.406298884120129955e+01,2.410450952520186974e+01
1.124415861398377103e+01,1.159014314875673257e+01,1.262809675307561363e+01,1.426385023888213333e+01,1.634927607414685014e+01,1.867755711901623172e+01,2.098238509012951525e+01,2.293727986238975092e+01,2.415472225104475257e+01,2.418499195314502970e+01
1.135717075962927858e+01,1.170299917818975111e+01,1.274048443387116691e+01,1.437536309606171336e+01,1.645934660292113705e+01,1.878536627005716042e+01,2.108674529450255974e+01,2.303648618182289454e+01,2.424636745258004566e+01,2.426574310346981989e+01
1.146796264106631291e+01,1.181367914895901805e+01,1.285082867263713169e+01,1.448504607921829113e+01,1.656787029951382095e+01,1.889196565648381565e+01,2.119026798701288428e+01,2.313524101506041220e+01,2.433793800161675591e+01,2.434676387341206549e+01
1.157661550787613258e+01,1.192226299515977850e+01,1.295920545701071802e+01,1.459296875004564953e+01,1.667490807105458117e+01,1.899740567113478207e+01,2.129299167628055756e+01,2.323357021266895472e+01,2.442944698411493221e+01,2.442805516320339621e+01
1.168320797065550209e+01,1.202882804555390805e+01,1.306568827024912238e+01,1.469919833942546816e+01,1.678051874461377224e+01,1.910173495442922942e+01,2.139495351412467983e+01,2.333149871276703280e+01,2.452090703817812667e+01,2.450961787608118669e+01
1.178781606951213945e+01,1.213344909279684281e+01,1.317034816265095110e+01,1.480379982066645006e+01,1.688475913963927511e+01,1.920500046141701489e+01,2.149618935165148770e+01,2.342905058096431148e+01,2.461233037440717908e+01,2.459145291829864632e+01
1.189051334371031921e+01,1.223619846349574836e+01,1.327325382285203226e+01,1.490683598134362420e+01,1.698768413780316422e+01,1.930724752550660028e+01,2.159673379198223486e+01,2.352624904762601332e+01,2.470372879480819250e+01,2.467356119913486268e+01
1.199137090188138011e+01,1.233714608857021133e+01,1.337447164863670857e+01,1.500836749361106826e+01,1.708934675036175577e+01,1.940851991914212249e+01,2.169662023995827838e+01,2.362311654275642780e+01,2.479511371042021395e+01,2.475594363090491612e+01
1.209045749231854927e+01,1.243635957348252497e+01,1.347406581697445382e+01,1.510845298289278915e+01,1.718979818312670815e+01,1.950885991166732225e+01,2.179588094911472851e+01,2.371967472875386918e+01,2.488649615780444435e+01,2.483860112897000150e+01
1.218783957296396814e+01,1.253390426798533319e+01,1.357209835304942480e+01,1.520714909488284405e+01,1.728908789913973010e+01,1.960830832458521655e+01,2.189454706617491553e+01,2.381594453125436672e+01,2.497788681451679693e+01,2.492153461174761730e+01
1.228358138076949935e+01,1.262984333510180690e+01,1.366862919809872423e+01,1.530451056080750583e+01,1.738726367913864834e+01,1.970690458439788628e+01,2.199264867328466266e+01,2.391194616825147889e+01,2.506929601366840998e+01,2.500474500072175843e+01
1.237774500017518697e+01,1.272423781911030360e+01,1.376371627591565172e+01,1.540059026092038330e+01,1.748437167989825269e+01,1.980468677318965831e+01,2.209021482817706428e+01,2.400769917765426342e+01,2.516073375766453424e+01,2.508823322045315507e+01
1.247039043050113349e+01,1.281714671235278935e+01,1.385741555790775870e+01,1.549543928621617717e+01,1.758045649052537129e+01,1.990169167709892406e+01,2.218727360243437730e+01,2.410322244342394171e+01,2.525220973119973067e+01,2.517200019858955784e+01
1.256157565209210247e+01,1.290862702072599788e+01,1.394978112662768766e+01,1.558910699836097535e+01,1.767556118678388444e+01,1.999795483280841069e+01,2.228385211799305665e+01,2.419853422041148150e+01,2.534373331357706149e+01,2.525604686587602643e+01
1.265135669109043448e+01,1.299873382774734409e+01,1.404086523771807293e+01,1.568164108784695898e+01,1.776972738352202796e+01,2.009351057217037706e+01,2.237997658202052875e+01,2.429365215800267208e+01,2.543531359040999007e+01,2.534037415616528222e+01
1.273978768274319862e+01,1.308752035711517792e+01,1.413071838023111226e+01,1.577308763038742079e+01,1.786299528527114688e+01,2.018839206507163198e+01,2.247567232027717665e+01,2.438859332266410362e+01,2.552695936475828020e+01,2.542498300642809284e+01
1.282692093317471738e+01,1.317503803370588322e+01,1.421938933529938254e+01,1.586349114157452256e+01,1.795540373508207566e+01,2.028263136063349492e+01,2.257096380906428479e+01,2.448337421947197967e+01,2.561867916774263421e+01,2.550987435676365678e+01
1.291280697957653878e+01,1.326133654296931930e+01,1.430692523314766085e+01,1.595289462982737838e+01,1.804699026166261078e+01,2.037625942683309432e+01,2.266587470584766706e+01,2.457801081269618493e+01,2.571048126867747285e+01,2.559504915041007678e+01
1.299749464878424554e+01,1.334646388869975731e+01,1.439337160844629082e+01,1.604133964766215215e+01,1.813779112487689105e+01,2.046930618862494455e+01,2.276042787863721273e+01,2.467251854550356072e+01,2.580237368475647486e+01,2.568050833375482966e+01
1.308103111422474996e+01,1.343046644917241039e+01,1.447877245401539348e+01,1.612886634131894326e+01,1.822784135966507435e+01,2.056180056463519890e+01,2.285464543419443118e+01,2.476691235883741271e+01,2.589436419032155356e+01,2.576625285634526819e+01
1.316346195122956253e+01,1.351338903164626970e+01,1.456317027289639299e+01,1.621551349878273740e+01,1.831717481843944029e+01,2.065377050249535174e+01,2.294854874513318421e+01,2.486120670952405476e+01,2.598646032574253084e+01,2.585228367089919743e+01
1.324483119071902060e+01,1.359527492524251535e+01,1.464660612881299784e+01,1.630131859623728019e+01,1.840582421201075292e+01,2.074524301287700112e+01,2.304215847597252065e+01,2.495541558765207668e+01,2.607866940593175542e+01,2.593860173331543706e+01
1.332518137127033775e+01,1.367616595221484133e+01,1.472911969504835739e+01,1.638631784299212057e+01,1.849382114909680297e+01,2.083624420228500895e+01,2.313549460819542603e+01,2.504955253326534148e+01,2.617099852851549002e+01,2.602520800268445811e+01
1.340455358958859300e+01,1.375610251763360914e+01,1.481074930176866289e+01,1.647054622492371578e+01,1.858119617446294214e+01,2.092679930466237792e+01,2.322857646436259316e+01,2.514363065240702966e+01,2.626345458168166047e+01,2.611210344129904470e+01
1.348298754940483057e+01,1.383512365751016837e+01,1.489153198182618176e+01,1.655403754647193537e+01,1.866797880574263857e+01,2.101693271185674661e+01,2.332142273132643240e+01,2.523766263254839259e+01,2.635604425172163090e+01,2.619928901466494509e+01
1.356052160882940605e+01,1.391326708539126678e+01,1.497150351507684540e+01,1.663682447123348496e+01,1.875419756898428503e+01,2.110666800299531332e+01,2.341405148258688129e+01,2.533166075743322665e+01,2.644877403028215213e+01,2.628676569151166831e+01
1.363719282619179118e+01,1.399056923745606440e+01,1.505069847124888760e+01,1.671893856119350730e+01,1.883988003296877878e+01,2.119602797281211437e+01,2.350648019982763159e+01,2.542563692136627296e+01,2.654165022134210616e+01,2.637453444380317791e+01
1.371303700440041240e+01,1.406706531615035338e+01,1.512915025140017811e+01,1.680041031463642653e+01,1.892505284234073670e+01,2.128503465896923430e+01,2.359872579366861700e+01,2.551960264297169090e+01,2.663467894792755786e+01,2.646259624674873834e+01
1.378808873385788836e+01,1.414278933239402569e+01,1.520689112800243947e+01,1.688126920277655074e+01,1.900974174959474894e+01,2.137370936841116631e+01,2.369080462366814288e+01,2.561356907844561093e+01,2.672786615857735981e+01,2.655095207881373653e+01
1.386238143396812461e+01,1.421777414639880810e+01,1.528395228369085856e+01,1.696154370514830489e+01,1.909397164595647567e+01,2.146207270278945600e+01,2.378273251760599649e+01,2.570754703432522348e+01,2.682121763357087829e+01,2.663960292173054611e+01
1.393594739327269316e+01,1.429205150713394445e+01,1.536036384871770011e+01,1.704126134379532687e+01,1.917776659119702032e+01,2.155014458299299562e+01,2.387452479007685469e+01,2.580154697979516243e+01,2.691473899092828859e+01,2.672854976050944131e+01
1.400881780825423739e+01,1.436565209047774871e+01,1.543615493714827913e+01,1.712044871629679221e+01,1.926114984241763040e+01,2.163794427281750998e+01,2.396619626042166828e+01,2.589557905855067332e+01,2.700843569219339457e+01,2.681779358344955000e+01
1.408102282084495016e+01,1.443860553609306230e+01,1.551135368183739516e+01,1.719913152766855546e+01,1.934414388184049827e+01,2.172549040180624402e+01,2.405776127002309650e+01,2.598965310023581665e+01,2.710231304800811358e+01,2.690733538214982445e+01
1.415259155467795438e+01,1.451094048306440421e+01,1.558598726822375724e+01,1.727733462117573637e+01,1.942677044364004146e+01,2.181280098729239469e+01,2.414923369898967920e+01,2.608377863147390130e+01,2.719637622348729522e+01,2.699717615152006545e+01
1.422355215011928209e+01,1.458268460433431457e+01,1.566008196697941379e+01,1.735508200809246304e+01,1.950905053984802606e+01,2.189989345567249401e+01,2.424062698225217716e+01,2.617796488650623132e+01,2.729063024340189614e+01,2.708731688979195340e+01
1.429393179811773962e+01,1.465386463997591804e+01,1.573366316555045330e+01,1.743239689644357426e+01,1.959100448536452532e+01,2.198678466293861788e+01,2.433195412509427769e+01,2.627222081745457771e+01,2.738507999717828056e+01,2.717775859853018261e+01
1.436375677290924635e+01,1.472450642933806542e+01,1.580675539862452084e+01,1.750930171876208163e+01,1.967265192210571811e+01,2.207349091449619038e+01,2.442322771813890014e+01,2.636655510422178850e+01,2.747973024372068807e+01,2.726850228264355636e+01
1.443305246361185823e+01,1.479463494209886854e+01,1.587938237755989590e+01,1.758581815889526823e+01,1.975401184231838414e+01,2.216002798429302700e+01,2.451445995181019555e+01,2.646097616404431463e+01,2.757458561606384251e+01,2.735954895039616730e+01
1.450184340474674549e+01,1.486427430826256213e+01,1.595156701881001204e+01,1.766196717789128101e+01,1.983510261108992978e+01,2.224641113328423003e+01,2.460566263029061318e+01,2.655549216070976826e+01,2.766965062586208646e+01,2.745089961341859564e+01
1.457015330571976186e+01,1.493344784713393203e+01,1.602333147137644431e+01,1.773776903899716828e+01,1.991594198808174454e+01,2.233265512725650837e+01,2.469684718499135911e+01,2.665011101345189459e+01,2.776492966772126536e+01,2.754255528671914277e+01
1.463800507929739148e+01,1.500217809530366964e+01,1.609469714332250589e+01,1.781324333179838604e+01,1.999654714851277504e+01,2.241877425403464130e+01,2.478802468755393917e+01,2.674484040553495845e+01,2.786042702337918087e+01,2.763451698869512541e+01
1.470542086911000190e+01,1.507048683367717423e+01,1.616568472737868944e+01,1.788840899552876351e+01,2.007693470341917674e+01,2.250478234009196754e+01,2.487920586239965814e+01,2.683968779253883952e+01,2.795614686574022656e+01,2.772678574114417316e+01
1.477242207621451975e+01,1.513839511357847201e+01,1.623631422567032700e+01,1.796328434157914700e+01,2.015712071921513626e+01,2.259069276658576086e+01,2.497040109884324721e+01,2.693466041035571834e+01,2.805209326276957782e+01,2.781936256927560436e+01
1.483902938474764177e+01,1.520592328195994725e+01,1.630660497359686545e+01,1.803788707523190737e+01,2.023712073657891253e+01,2.267651848483784605e+01,2.506162046278623023e+01,2.702976528290880154e+01,2.814827018125198776e+01,2.791224850172179117e+01
1.490526278670002647e+01,1.527309100574787237e+01,1.637657566289140831e+01,1.811223431664773997e+01,2.031694978868752344e+01,2.276227203127977461e+01,2.515287370800487565e+01,2.712500922960302319e+01,2.824468149042015597e+01,2.800544457054960645e+01
1.497114160584079912e+01,1.533991729535263460e+01,1.644624436388813749e+01,1.818634262113022970e+01,2.039662241882243876e+01,2.284796554188132234e+01,2.524417028704715804e+01,2.722039887251732893e+01,2.834133096545730623e+01,2.809895181127187413e+01
1.503668452082098916e+01,1.540642052737185708e+01,1.651562854702446614e+01,1.826022799869283730e+01,2.047615269736812493e+01,2.293361076608044158e+01,2.533551936175248542e+01,2.731594064334773364e+01,2.843822229087849252e+01,2.819277126285891555e+01
1.510190958748354895e+01,1.547261846651364614e+01,1.658474510360393595e+01,1.833390593295224136e+01,2.055555423822432815e+01,2.301921908023189545e+01,2.542692981340745817e+01,2.741164079010996701e+01,2.853535906379497078e+01,2.828690396775003535e+01
1.516683426040686022e+01,1.553852828676638609e+01,1.665361036584496190e+01,1.840739139937105406e+01,2.063484021465236751e+01,2.310480150059149551e+01,2.551841025255049544e+01,2.750750538361025477e+01,2.863274479706575448e+01,2.838135097186514244e+01
1.523147541370762958e+01,1.560416659184066823e+01,1.672224012623978240e+01,1.848069888287221829e+01,2.071402337457497822e+01,2.319036869585195149e+01,2.560996902843754341e+01,2.760354032369231092e+01,2.873038292234034685e+01,2.847611332461637801e+01
1.529584936112842009e+01,1.566954943490810415e+01,1.679064965624715455e+01,1.855384239484664022e+01,2.079311605534855900e+01,2.327593099924604303e+01,2.570161423818077395e+01,2.769975134526850269e+01,2.882827679299655443e+01,2.857119207891973645e+01
1.535997187543412856e+01,1.573469233766098974e+01,1.685885372434157148e+01,1.862683548957492263e+01,2.087213019802603498e+01,2.336149842023203860e+01,2.579335373557170286e+01,2.779614402414271268e+01,2.892642968697692751e+01,2.866658829120680352e+01
1.542385820714100042e+01,1.579961030871600691e+01,1.692686661344102816e+01,1.869969128008328596e+01,2.095107736112793972e+01,2.344708065577591327e+01,2.588519513959964158e+01,2.789272378263216368e+01,2.902484480952757195e+01,2.876230302143647322e+01
1.548752310260097431e+01,1.586431786138438049e+01,1.699470213773459903e+01,1.877242245345313165e+01,2.102996873393867361e+01,2.353268710124431351e+01,2.597714584267621518e+01,2.798949589499527946e+01,2.912352529584256189e+01,2.885833733310673921e+01
1.555098082146340666e+01,1.592882903083016188e+01,1.706237365893042224e+01,1.884504128560305958e+01,2.110881514934430925e+01,2.361832686092176203e+01,2.606921301857603268e+01,2.808646549267230697e+01,2.922247421361742070e+01,2.895469229326648986e+01
1.561424515353548692e+01,1.599315739063761121e+01,1.712989410194398232e+01,1.891755965556145824e+01,2.118762709622780704e+01,2.370400875816512354e+01,2.616140363010347869e+01,2.818363756934522968e+01,2.932169456551469722e+01,2.905136897252738493e+01
1.567732943506194054e+01,1.605731606880793194e+01,1.719727597004590436e+01,1.898998905924723246e+01,2.126641473143688543e+01,2.378974134520789363e+01,2.625372443649509080e+01,2.828101698582327472e+01,2.942118929154483453e+01,2.914836844507574654e+01
1.574024656444397863e+01,1.612131776320493870e+01,1.726453135948781537e+01,1.906234062277557229e+01,2.134518789133930028e+01,2.387553291262639021e+01,2.634618200056667447e+01,2.837860847476009241e+01,2.952096127136517012e+01,2.924569178868448915e+01
1.580300901741669861e+01,1.618517475646858728e+01,1.733167197362425682e+01,1.913462511530512700e+01,2.142395610297977626e+01,2.396139149847958549e+01,2.643878269561403371e+01,2.847641664520837423e+01,2.962101332649997332e+01,2.934334008472509936e+01
1.586562886170354147e+01,1.624889893041463296e+01,1.739870913654791096e+01,1.920685296144240084e+01,2.150272859485234989e+01,2.404732489713385490e+01,2.653153271207585107e+01,2.857444598701763994e+01,2.972134822248426644e+01,2.944131441817965111e+01
1.592811777116583016e+01,1.631250177993811334e+01,1.746565380625496644e+01,1.927903425321858322e+01,2.158151430730134734e+01,2.413334066778349296e+01,2.662443806396695933e+01,2.867270087508061138e+01,2.982196867093402659e+01,2.953961587765285302e+01
1.599048703946465899e+01,1.637599442643767844e+01,1.753251658735673502e+01,1.935117876165358552e+01,2.166032190256386869e+01,2.421944614267759022e+01,2.671750459508989195e+01,2.877118557343335681e+01,2.992287733154540064e+01,2.963824555538415595e+01
1.605274759325200051e+01,1.643938763077728993e+01,1.759930774335315817e+01,1.942329594792150971e+01,2.173915977446612402e+01,2.430564843506332551e+01,2.681073798503249606e+01,2.886990423921436388e+01,3.002407681402530315e+01,2.973720454725988205e+01
1.611491000490715919e+01,1.650269180580119865e+01,1.766603720848331704e+01,1.949539497413125133e+01,2.181803605778557653e+01,2.439195444685555714e+01,2.690414375495888777e+01,2.896886092648736977e+01,3.012556967995586277e+01,2.983649395282540695e+01
1.617698450483427663e+01,1.656591702841756941e+01,1.773271459916744774e+01,1.956748471373552434e+01,2.189695863729038905e+01,2.447837087604209216e+01,2.699772727320097232e+01,2.906805958993266259e+01,3.022735844459492682e+01,2.993611487529736692e+01
1.623898099333596079e+01,1.662907305126563529e+01,1.779934922505465877e+01,1.963957376158116119e+01,2.197593515646735796e+01,2.456490422383381755e+01,2.709149376065741777e+01,2.916750408841142672e+01,3.032944557861492285e+01,3.003606842157592638e+01
1.630090905207768159e+01,1.669216931398070258e+01,1.786595009968976910e+01,1.971167044361297371e+01,2.205497302594907794e+01,2.465156080156851104e+01,2.718544829600670809e+01,2.926719818840753717e+01,3.043183350978212687e+01,3.013635570225707028e+01
1.636277795515696099e+01,1.675521495407086547e+01,1.793252595081257539e+01,1.978378282624318629e+01,2.213407943165065817e+01,2.473834673737675871e+01,2.727959582074069900e+01,2.936714556735097403e+01,3.053452462457848071e+01,3.023697783164495334e+01
1.642459667979107962e+01,1.681821881741882407e+01,1.799908523030206098e+01,1.985591872539795233e+01,2.221326134262607965e+01,2.482526798261826784e+01,2.737394114402492207e+01,2.946734981682701715e+01,3.063752126976784496e+01,3.033793592776426706e+01
1.648637391663632812e+01,1.688118946842172363e+01,1.806563612377790307e+01,1.992808571525209871e+01,2.229252551865386067e+01,2.491233031809652587e+01,2.746848894739156677e+01,2.956781444567515749e+01,3.074082575390876215e+01,3.043923111237267420e+01
1.654811807975162097e+01,1.694413519978147065e+01,1.813218655987102323e+01,2.000029113666283109e+01,2.237187851756132062e+01,2.499953936005932675e+01,2.756324378927097030e+01,2.966854288298149100e+01,3.084444034881537888e+01,3.054086451097327171e+01
1.660983731621860926e+01,1.700706404195760868e+01,1.819874421917460694e+01,2.007254210531279881e+01,2.245132670229650529e+01,2.508690056599272822e+01,2.765821010936714686e+01,2.976953848096834676e+01,3.094836729096851613e+01,3.064283725282708559e+01
1.667153951543027190e+01,1.706998377229437125e+01,1.826531654288666573e+01,2.014484551957257707e+01,2.253087624775649545e+01,2.517441924021542832e+01,2.775339223288277424e+01,2.987080451778463441e+01,3.105260878287850446e+01,3.074515047096562981e+01
1.673323231805927946e+01,1.713290192383313126e+01,1.833191074115468666e+01,2.021720806809216597e+01,2.261053314738042985e+01,2.526210053928053512e+01,2.784879437459884244e+01,2.997234420020037149e+01,3.115716699440141824e+01,3.084780530220349348e+01
1.679492312471727189e+01,1.719582579382113252e+01,1.839853380113271797e+01,2.028963623713092090e+01,2.269030321951546725e+01,2.534994947719134828e+01,2.794442064281393456e+01,3.007416066620871575e+01,3.126204406401045333e+01,3.095080288715096373e+01
1.685661910431566568e+01,1.725876245192694114e+01,1.846519249476077462e+01,2.036213631763493481e+01,2.277019211356343575e+01,2.543797093043757229e+01,2.804027504314805341e+01,3.017625698753865748e+01,3.136724210002384794e+01,3.105414437022671947e+01
1.691832720213829688e+01,1.732171874817275992e+01,1.853189338627614902e+01,2.043471441207053019e+01,2.285020531591577608e+01,2.552616964285815016e+01,2.813636148221559097e+01,3.027863617208146962e+01,3.147276318179096677e+01,3.115783089967052533e+01
1.698005414763582976e+01,1.738470132059334716e+01,1.859864283946589580e+01,2.050737644102235890e+01,2.293034815568406515e+01,2.561455023033673584e+01,2.823268377117204153e+01,3.038130116623394628e+01,3.157860936083791259e+01,3.126186362755598225e+01
1.704180646195154836e+01,1.744771660263100799e+01,1.866544702466938688e+01,2.058012814956415681e+01,2.301062581023322196e+01,2.570311718533554668e+01,2.832924562913879285e+01,3.048425485716122196e+01,3.168478266197411486e+01,3.136624370980337773e+01
1.710359046518775372e+01,1.751077083027569969e+01,1.873231192553954116e+01,2.065297511341001169e+01,2.309104331052412107e+01,2.579187488127318773e+01,2.842605068651012346e+01,3.058750007498199253e+01,3.179128508436122047e+01,3.147097230619246488e+01
1.716541228342174819e+01,1.757387004895910110e+01,1.879924334557115273e+01,2.072592274485377217e+01,2.317160554627228208e+01,2.588082757675182322e+01,2.852310248814660554e+01,3.069103959487882705e+01,3.189811860254561537e+01,3.157605058037539791e+01
1.722727785548008583e+01,1.763702012021111898e+01,1.886624691440421842e+01,2.079897629850382756e+01,2.325231727092890566e+01,2.596997941963894974e+01,2.862040449645876095e+01,3.079487613913612876e+01,3.200528516745576724e+01,3.168147969988963553e+01
1.728919293947930669e+01,1.770022672808701358e+01,1.893332809391013782e+01,2.087214087682039221e+01,2.333318310649042360e+01,2.605933445100865598e+01,2.871796009438470776e+01,3.089901237910825671e+01,3.211278670736569296e+01,3.178726083617092613e+01
1.735116311914134712e+01,1.776349538537306216e+01,1.900049218406821083e+01,2.094542143546203405e+01,2.341420754814251026e+01,2.614889660894740331e+01,2.881577258826559529e+01,3.100345093712023115e+01,3.222062512882565954e+01,3.189339516456631074e+01
1.741319380989130039e+01,1.782683143957839533e+01,1.906774432863968016e+01,2.101882278844810159e+01,2.349539496874418276e+01,2.623866973222883914e+01,2.891384521062222746e+01,3.110819438830332118e+01,3.232880231756129064e+01,3.199988386434720411e+01
1.747529026474509450e+01,1.789024007872041011e+01,1.913508952064635693e+01,2.109234961314337298e+01,2.357674962315758194e+01,2.632865756386225442e+01,2.901218112283635620e+01,3.121324526236781338e+01,3.243732013934212688e+01,3.210672811872247223e+01
1.753745757999431731e+01,1.795372633691085795e+01,1.920253260766047987e+01,2.116600645507102740e+01,2.365827565242876318e+01,2.641886375451901969e+01,2.911078341773988853e+01,3.131860604531505743e+01,3.254618044082074846e+01,3.221392911485160226e+01
1.759970070069516268e+01,1.801729509974946808e+01,1.927007829691238427e+01,2.123979773255990722e+01,2.373997708782455263e+01,2.650929186584121666e+01,2.920965512211525450e+01,3.142427918109095231e+01,3.265538505034339778e+01,3.232148804385786889e+01
1.766202442596830835e+01,1.808095110953179940e+01,1.933773116022226901e+01,2.131372774123180136e+01,2.382185785473056328e+01,2.659994537363652611e+01,2.930879919910992371e+01,3.153026707318288402e+01,3.276493577873321073e+01,3.242940610084158948e+01
1.772443341411620210e+01,1.814469897027767686e+01,1.940549563876210115e+01,2.138780065833420352e+01,2.390392177641503224e+01,2.669082767096329789e+01,2.940821855056807266e+01,3.163657208616200123e+01,3.287483442004686651e+01,3.253768448489340415e+01
1.778693218756407290e+01,1.820854315258643652e+01,1.947337604765353447e+01,2.146202054692393446e+01,2.398617257766321487e+01,2.678194207110957947e+01,2.950791601928228047e+01,3.174319654717283612e+01,3.298508275230570064e+01,3.264632439910757711e+01
1.784952513763075288e+01,1.827248799832493731e+01,1.954137658040749059e+01,2.153639135990677644e+01,2.406861388828674464e+01,2.687329181046982640e+01,2.960789439116799926e+01,3.185014274737197226e+01,3.309568253820202699e+01,3.275532705059539040e+01
1.791221652913520757e+01,1.833653772515412683e+01,1.960950131321088463e+01,2.161091694393804374e+01,2.415124924651228611e+01,2.696488005132270871e+01,2.970815639736342106e+01,3.195741294331758553e+01,3.320663552578167099e+01,3.286469365049852343e+01
1.797501050484435225e+01,1.840069643089970697e+01,1.967775420906576400e+01,2.168560104318892456e+01,2.423408210225365877e+01,2.705670988451356251e+01,2.980870471625739171e+01,3.206500935831152788e+01,3.331794344910344563e+01,3.297442541400256744e+01
1.803791108976776769e+01,1.846496809777230652e+01,1.974613912178592301e+01,2.176044730298321639e+01,2.431711582027142526e+01,2.714878433204468422e+01,2.990954197544780868e+01,3.217293418369563796e+01,3.342960802887635197e+01,3.308452356035044062e+01
1.810092219530445590e+01,1.852935659644233723e+01,1.981465979985598125e+01,2.183545927330893477e+01,2.440035368322388010e+01,2.724110634957666122e+01,3.001067075363291181e+01,3.228118958010377071e+01,3.354163097307538521e+01,3.319498931285603760e+01
1.816404762324686217e+01,1.859386568997454248e+01,1.988331989015758339e+01,2.191064041220909431e+01,2.448379889461312331e+01,2.733367882884385480e+01,3.011209358243779732e+01,3.238977767867118018e+01,3.365401397753654322e+01,3.330582389891772976e+01
1.822729106964701984e+01,1.865849903762710582e+01,1.995212294156736021e+01,2.198599408905585406e+01,2.456745458162987461e+01,2.742650459998694856e+01,3.021381294817835794e+01,3.249870058220263758e+01,3.376675872653186872e+01,3.341702855003205741e+01
1.829065612854958189e+01,1.872326019851995937e+01,2.002107240843109537e+01,2.206152358771203126e+01,2.465132379790054173e+01,2.751958643380546476e+01,3.031583129356485884e+01,3.260796036630077310e+01,3.387986689332514345e+01,3.352860450180741481e+01
1.835414629559634747e+01,1.878815263517683576e+01,2.009017165391830417e+01,2.213723210958390197e+01,2.473540952613987898e+01,2.761292704393295949e+01,3.041815101934719223e+01,3.271755908045599170e+01,3.399334014070896615e+01,3.364055299397772814e+01
1.841776497150673819e+01,1.885317971694540162e+01,2.015942395326139902e+01,2.221312277656898715e+01,2.481971468071247955e+01,2.770652908893763922e+01,3.052077448590382858e+01,3.282749874909927001e+01,3.410718012152381107e+01,3.375287527041629687e+01
1.848151546543842727e+01,1.891834472329967554e+01,2.022883249688342033e+01,2.228919863390250811e+01,2.490424211010633826e+01,2.780039517435089280e+01,3.062370401477644677e+01,3.293778137261917749e+01,3.422138847915968540e+01,3.386557257914956409e+01
1.854540099823237398e+01,1.898365084702882299e+01,2.029840039341817004e+01,2.236546265290598967e+01,2.498899459932140843e+01,2.789452785462631113e+01,3.072694189015206589e+01,3.304840892834427279e+01,3.433596684804105337e+01,3.397864617237101470e+01
1.860942470554613237e+01,1.904910119731621165e+01,2.036813067262644950e+01,2.244191773364132203e+01,2.507397487217615861e+01,2.798892963503149289e+01,3.083049036029453305e+01,3.315938337149214021e+01,3.445091685409549598e+01,3.409209730645506653e+01
1.867358964087938134e+01,1.911469880271253885e+01,2.043802628821201495e+01,2.251856670747369193e+01,2.515918559353494288e+01,2.808360297347508094e+01,3.093435163892709028e+01,3.327070663608621004e+01,3.456624011520680284e+01,3.420592724197103962e+01
1.873789877849535301e+01,1.918044661400668716e+01,2.050809012054068248e+01,2.259541233954635686e+01,2.524462937145890251e+01,2.817855028227112513e+01,3.103852790656772598e+01,3.338238063584142878e+01,3.468193824165291517e+01,3.432013724369716812e+01
1.880235501624176209e+01,1.924634750699781094e+01,2.057832497926595394e+01,2.267245733117042761e+01,2.533030875928304582e+01,2.827377392984307036e+01,3.114302131181892008e+01,3.349440726501992316e+01,3.479801283652931687e+01,3.443472858063464770e+01
1.886696117827466068e+01,1.931240428517208230e+01,2.064873360586435069e+01,2.274970432213254767e+01,2.541622625762207477e+01,2.836927624236936296e+01,3.124783397261339246e+01,3.360678839925760286e+01,3.491446549615833561e+01,3.454970252602173986e+01
1.893172001768867929e+01,1.937861968228741816e+01,2.071931867608363476e+01,2.282715589292331160e+01,2.550238431630739555e+01,2.846505950537272867e+01,3.135296797741735375e+01,3.371952589636285325e+01,3.503129781048492930e+01,3.466506035734790458e+01
1.899663421905677296e+01,1.944499636486928651e+01,2.079008280230682715e+01,2.290481456688912587e+01,2.558878533625768981e+01,2.856112596525504088e+01,3.145842538639271169e+01,3.383262159708811367e+01,3.514851136345925653e+01,3.478080335636801124e+01
1.906170640088262758e+01,1.951153693462073591e+01,2.086102853583506445e+01,2.298268281231021248e+01,2.567543167128533455e+01,2.865747783077971533e+01,3.156420823251967178e+01,3.394607732587540028e+01,3.526610773340664196e+01,3.489693280911656359e+01
1.912693911796878865e+01,1.957824393074957214e+01,2.093215836909192618e+01,2.306076304440727043e+01,2.576232562984093732e+01,2.875411727450334354e+01,3.167031852268111081e+01,3.405989489157661154e+01,3.538408849338537010e+01,3.501345000592202439e+01
1.919233486370335484e+01,1.964511983221554559e+01,2.100347473775211782e+01,2.313905762727926074e+01,2.584946947669802597e+01,2.885104643415846581e+01,3.177675823870999139e+01,3.417407608814950493e+01,3.550245521153256334e+01,3.513035624142109725e+01
1.925789607226808187e+01,1.971216705990030604e+01,2.107498002279697857e+01,2.321756887577467054e+01,2.593686543458005289e+01,2.894826741398896530e+01,3.188352933840118197e+01,3.428862269533023976e+01,3.562120945139881201e+01,3.524765281457317201e+01
1.932362512077058625e+01,1.977938797870280041e+01,2.114667655249943934e+01,2.329629905729860084e+01,2.602451568573165730e+01,2.904578228603996237e+01,3.199063375648881191e+01,3.440353647928315439e+01,3.574035277227168450e+01,3.536534102867469898e+01
1.938952433130334896e+01,1.984678489956270653e+01,2.121856660434078279e+01,2.337525039355788792e+01,2.611242237343611095e+01,2.914359309140355236e+01,3.209807340559041933e+01,3.451881919322875802e+01,3.585988672948874267e+01,3.548342219137373377e+01
1.945559597293187437e+01,1.991436008141431913e+01,2.129065240686164984e+01,2.345442506224631529e+01,2.620058760348081961e+01,2.924170184142208129e+01,3.220585017711905351e+01,3.463447257805051294e+01,3.597981287474019041e+01,3.560189761468437553e+01
1.952184226361466912e+01,1.998211573307336764e+01,2.136293614144945963e+01,2.353382519867210121e+01,2.628901344557268516e+01,2.934011051885032018e+01,3.231396594216433016e+01,3.475049836288125960e+01,3.610013275636177354e+01,3.572076861500146805e+01
1.958826537205719376e+01,2.005005401505903251e+01,2.143541994406455231e+01,2.361345289732958008e+01,2.637770193470501567e+01,2.943882107897802314e+01,3.242242255234366866e+01,3.486689826566993133e+01,3.622084791961799510e+01,3.584003651311510907e+01
1.965486741950220662e+01,2.011817704135341955e+01,2.150810590690705837e+01,2.369331021341703547e+01,2.646665507247768190e+01,2.953783545071419780e+01,3.253122184062463162e+01,3.498367399372924069e+01,3.634195990697620715e+01,3.595970263422540114e+01
1.972165048145863508e+01,2.018648688110062750e+01,2.158099608002660830e+01,2.377339916430250355e+01,2.655587482837217905e+01,2.963715553763441335e+01,3.264036562211936143e+01,3.510082724426503376e+01,3.646347025837179956e+01,3.607976830795713852e+01
1.978861658937107038e+01,2.025498556024751551e+01,2.165409247287685091e+01,2.385372173093941939e+01,2.664536314098305070e+01,2.973678321899246768e+01,3.274985569485216530e+01,3.521835970488794487e+01,3.658538051146476988e+01,3.620023486837460069e+01
1.985576773223201030e+01,2.032367506312817795e+01,2.172739705581667735e+01,2.393427985923373669e+01,2.673512191920727332e+01,2.983672035069755424e+01,3.285969384050107323e+01,3.533627305410787045e+01,3.670769220188800830e+01,3.632110365399636009e+01
1.992310585813877921e+01,2.039255733399407333e+01,2.180091176155995214e+01,2.401507546136429383e+01,2.682515304339302986e+01,2.993696876625824288e+01,3.296988182511439902e+01,3.545456896181198658e+01,3.683040686348761739e+01,3.644237600781017505e+01
1.999063287579699377e+01,2.046163427849164407e+01,2.187463848657559851e+01,2.409611041705798584e+01,2.691545836644922218e+01,3.003753027769431583e+01,3.308042139980297947e+01,3.557324908972682209e+01,3.695352602855550828e+01,3.656405327728789700e+01
2.005835065597254996e+01,2.053090776508934212e+01,2.194857909243972216e+01,2.417738657482129483e+01,2.700603971491716493e+01,3.013840667641759552e+01,3.319131430140912897e+01,3.569231509186491280e+01,3.707705122805447928e+01,3.668613681440041319e+01
2.012626103289373702e+01,2.060037962645564491e+01,2.202273540714137212e+01,2.425890575312972075e+01,2.709689889000567575e+01,3.023959973408289059e+01,3.330256225315299901e+01,3.581176861495661257e+01,3.720098399183617488e+01,3.680862797563274569e+01
2.019436580560536854e+01,2.067005166078994449e+01,2.209710922634367236e+01,2.434066974157656205e+01,2.718803766859092264e+01,3.034111120341001566e+01,3.341416696525712382e+01,3.593161129886753713e+01,3.732532584885206006e+01,3.693152812199905810e+01
2.026266673927642969e+01,2.073992563310774884e+01,2.217170231460170982e+01,2.442268030198242457e+01,2.727945780418216515e+01,3.044294281897793653e+01,3.352613013554999810e+01,3.605184477700222345e+01,3.745007832735771558e+01,3.705483861905779008e+01
2.033116556646300310e+01,2.081000327648195025e+01,2.224651640653879525e+01,2.450493916946681949e+01,2.737116102785460114e+01,3.054509629799199644e+01,3.363845345004926912e+01,3.617247067669431715e+01,3.757524295511065304e+01,3.717856083692684166e+01
2.039986398832784786e+01,2.088028629324150032e+01,2.232155320798245768e+01,2.458744805348317897e+01,2.746314904915044863e+01,3.064757334102509745e+01,3.375113858352540319e+01,3.629349061958397016e+01,3.770082125956185592e+01,3.730269615029880015e+01
2.046876367581829470e+01,2.095077635612912559e+01,2.239681439706162180e+01,2.467020863881855419e+01,2.755542355694938550e+01,3.075037563273383867e+01,3.386418720004638061e+01,3.641490622198267602e+01,3.782681476804136622e+01,3.742724593845620262e+01
2.053786627080379290e+01,2.102147510941940212e+01,2.247230162526622976e+01,2.475322258655919327e+01,2.764798622030935960e+01,3.085350484255039660e+01,3.397760095350411547e+01,3.653671909522616801e+01,3.795322500793794518e+01,3.755221158528686232e+01
2.060717338717450531e+01,2.109238416999855303e+01,2.254801651847069621e+01,2.483649153502316409e+01,2.774083868927882790e+01,3.095696262535102150e+01,3.409138148812328950e+01,3.665893084601564311e+01,3.808005350687325574e+01,3.767759447929925187e+01
2.067668661190234047e+01,2.116350512840735476e+01,2.262396067792239407e+01,2.492001710066123366e+01,2.783398259568139821e+01,3.106075062210192428e+01,3.420553043895311163e+01,3.678154307674780199e+01,3.820730179287052408e+01,3.780339601363793633e+01
2.074640750606570805e+01,2.123483954984837396e+01,2.270013568119636815e+01,2.500380087892702363e+01,2.792741955387384323e+01,3.116487046048339238e+01,3.432004943234262839e+01,3.690455738583407452e+01,3.833497139451796443e+01,3.792961758609902745e+01
2.081633760583921600e+01,2.130638897515877872e+01,2.277654308311746689e+01,2.508784444511752199e+01,2.802115116147836460e+01,3.126932375549283449e+01,3.443494008640023907e+01,3.702797536800940037e+01,3.846306384112723720e+01,3.805626059914573744e+01
2.088647842344954597e+01,2.137815492174991405e+01,2.285318441665101474e+01,2.517214935518499885e+01,2.811517900009005899e+01,3.137411211002749667e+01,3.455020401143777775e+01,3.715179861463091981e+01,3.859158066288700439e+01,3.818332645992396834e+01
2.095683144809870768e+01,2.145013888451481421e+01,2.293006119376313023e+01,2.525671714652130007e+01,2.820950463596037849e+01,3.147923711544757808e+01,3.466584281039991566e+01,3.727602871396693729e+01,3.872052339101171725e+01,3.831081658027792258e+01
2.102739814685571318e+01,2.152234233670470331e+01,2.300717490625168082e+01,2.534154933871546689e+01,2.830412962065749127e+01,3.158470035212041083e+01,3.478185807927922468e+01,3.740066725147651994e+01,3.884989355788595589e+01,3.843873237676579890e+01
2.109817996551783281e+01,2.159476673077560704e+01,2.308452702654892974e+01,2.542664743428559504e+01,2.839905549170422816e+01,3.169050338994630067e+01,3.489825140751745636e+01,3.752571581007995860e+01,3.897969269720435648e+01,3.856707527067554508e+01
2.116917832944250577e+01,2.166741349920609849e+01,2.316211900849688021e+01,2.551201291938588156e+01,2.849428377319454242e+01,3.179664778886679599e+01,3.501502437839356929e+01,3.765117597042054598e+01,3.910992234410728940e+01,3.869584668804063199e+01
2.124039464435078983e+01,2.174028405528713748e+01,2.323995228809617686e+01,2.559764726448960559e+01,2.858981597638906891e+01,3.190313509935583269e+01,3.513217856939882466e+01,3.777704931111787801e+01,3.924058403531250150e+01,3.882504805965591288e+01
2.131183029710351207e+01,2.181337979388503001e+01,2.331802828422958385e+01,2.568355192504900231e+01,2.868565360029060329e+01,3.200996686289447268e+01,3.524971555259953959e+01,3.790333740901296977e+01,3.937167930924278636e+01,3.895468082109351826e+01
2.138348665645087365e+01,2.188670209217836060e+01,2.339634839936082145e+01,2.576972834213272989e+01,2.878179813220018346e+01,3.211714461242976881e+01,3.536763689498788921e+01,3.803004183940556970e+01,3.950320970614988880e+01,3.908474641271879335e+01
2.145536507375662083e+01,2.196025231036987790e+01,2.347491402020965978e+01,2.585617794304176087e+01,2.887825104825443390e+01,3.222466987281825368e+01,3.548594415882110553e+01,3.815716417628379986e+01,3.963517676823472158e+01,3.921524627970631371e+01
2.152746688369748895e+01,2.203403179237414378e+01,2.355372651840410114e+01,2.594290214190440835e+01,2.897501381394476283e+01,3.233254416125463848e+01,3.560463890194951375e+01,3.828470599254652740e+01,3.976758203976405781e+01,3.934618187205594353e+01
2.159979340493890732e+01,2.210804186648178415e+01,2.363278725111041467e+01,2.602990234025123684e+01,2.907208788461916882e+01,3.244076898768624773e+01,3.572372267813385349e+01,3.841266886021860216e+01,3.990042706718381282e+01,3.947755464460895780e+01
2.167234594078763976e+01,2.218228384600118019e+01,2.371209756164179439e+01,2.611717992757054319e+01,2.916947470596714709e+01,3.254934585521363744e+01,3.584319703735219065e+01,3.854105435065927310e+01,4.003371339922900063e+01,3.960936605706415747e+01
2.174512577982237005e+01,2.225675902987837418e+01,2.379165878004639367e+01,2.620473628184504733e+01,2.926717571448828537e+01,3.265827626047786936e+01,3.596306352609672530e+01,3.866986403476406053e+01,4.016744258703059955e+01,3.974161757399416928e+01
2.181813419650272223e+01,2.233146870329589717e+01,2.387147222367542554e+01,2.629257277007051741e+01,2.936519233794520645e+01,3.276756169403496699e+01,3.608332368766102149e+01,3.879909948316016965e+01,4.030161618421923464e+01,3.987431066486164610e+01
2.189137245175773216e+01,2.240641413825131423e+01,2.395153919773206397e+01,2.638069074875686226e+01,2.946352599580130160e+01,3.287720364071795132e+01,3.620397906241780106e+01,3.892876226639585724e+01,4.043623574702601076e+01,4.000744680403563081e+01
2.196484179355426036e+01,2.248159659411613021e+01,2.403186099580173263e+01,2.646909156441239119e+01,2.956217809964383747e+01,3.298720357998688968e+01,3.632503118808776321e+01,3.905885395512378722e+01,4.057130283438043250e+01,4.014102747080792000e+01
2.203854345744621313e+01,2.255701731817578448e+01,2.411243890036449145e+01,2.655777655401171344e+01,2.966115005359286627e+01,3.309756298626734150e+01,3.644648159999965742e+01,3.918937612027871609e+01,4.070681900800558850e+01,4.027505414940953443e+01
2.211247866710509058e+01,2.263267754615135274e+01,2.419327418329013568e+01,2.664674704544796668e+01,2.976044325469658247e+01,3.320828332927771953e+01,3.656833183134196474e+01,3.932033033324961480e+01,4.084278583251065697e+01,4.040952832902715386e+01
2.218664863483259708e+01,2.270857850270358824e+01,2.427436810631655817e+01,2.673600435796982211e+01,2.986005909331340291e+01,3.331936607434577269e+01,3.669058341340644347e+01,3.945171816604651127e+01,4.097920487548091018e+01,4.054445150381972240e+01
2.226105456205592148e+01,2.278472140191994200e+01,2.435572192151199999e+01,2.682554980260382393e+01,2.995999895348138509e+01,3.343081268271474471e+01,3.681323787582388718e+01,3.958354119146211758e+01,4.111607770756519642e+01,4.067982517293501132e+01
2.233569763980625211e+01,2.286110744778511616e+01,2.443733687172171187e+01,2.691538468256258554e+01,3.006026421327534592e+01,3.354262461183945021e+01,3.693629674679223740e+01,3.971580098322855434e+01,4.125340590256102757e+01,4.081565084052630255e+01
2.241057904918114829e+01,2.293773783463576166e+01,2.451921419099961241e+01,2.700551029363930766e+01,3.016085624515211805e+01,3.365480331567265182e+01,3.705976155329744870e+01,3.984849911616922924e+01,4.139119103749739281e+01,4.095193001576905800e+01
2.248569996179127983e+01,2.301461374759980671e+01,2.460135510502539091e+01,2.709592792458911603e+01,3.026177641628437343e+01,3.376735024494208659e+01,3.718363382132735495e+01,3.998163716634615383e+01,4.152943469271541233e+01,4.108866421287775239e+01
2.256106154019211729e+01,2.309173636302100263e+01,2.468376083150765155e+01,2.718663885749764475e+01,3.036302608888337673e+01,3.388026684741844718e+01,3.730791507607857227e+01,4.011521671120272003e+01,4.166813845194671728e+01,4.122585495112264908e+01
2.263666493830109516e+01,2.316910684886919114e+01,2.476643258057347197e+01,2.727764436813732374e+01,3.046460662051110546e+01,3.399355456817465893e+01,3.743260684215703549e+01,4.024923932970222040e+01,4.180730390238986161e+01,4.136350375484668973e+01
2.271251130180069211e+01,2.324672636513676238e+01,2.484937155514496254e+01,2.736894572631181788e+01,3.056651936438202810e+01,3.410721484983670848e+01,3.755771064377205448e+01,4.038370660246222599e+01,4.194693263478475842e+01,4.150161215348244781e+01
2.278860176852796826e+01,2.332459606422176890e+01,2.493257895130316371e+01,2.746054419618896958e+01,3.066876566965498085e+01,3.422124913282637948e+01,3.768322800492429536e+01,4.051862011188487145e+01,4.208702624348512700e+01,4.164018168156911059e+01
2.286493746885104272e+01,2.340271709129823918e+01,2.501605595863982145e+01,2.755244103662272792e+01,3.077134688171543786e+01,3.433565885559611530e+01,3.780916044958789968e+01,4.065398144228338140e+01,4.222758632652912780e+01,4.177921387876951087e+01
2.294151952603290567e+01,2.348109058467402122e+01,2.509980376059736784e+01,2.764463750146433085e+01,3.087426434244849460e+01,3.445044545485628618e+01,3.793550950188681270e+01,4.078979218000474560e+01,4.236861448570822830e+01,4.191871028988728654e+01
2.301834905658304820e+01,2.355971767613668533e+01,2.518382353479760383e+01,2.773713483986324135e+01,3.097751939050294823e+01,3.456561036579526558e+01,3.806227668626575422e+01,4.092605391354891253e+01,4.251011232663429951e+01,4.205867246488399047e+01
2.309542717059729000e+01,2.363859949128781679e+01,2.526811645335939716e+01,2.782993429655808271e+01,3.108111336154672344e+01,3.468115502229224489e+01,3.818946352765570396e+01,4.106276823368437334e+01,4.265208145880512092e+01,4.219910195889634963e+01
2.317275497208629531e+01,2.371773714986617776e+01,2.535268368320581800e+01,2.792303711215800988e+01,3.118504758851394953e+01,3.479708085712346133e+01,3.831707155163440603e+01,4.119993673356049868e+01,4.279452349566819436e+01,4.234000033225349569e+01
2.325033355929305046e+01,2.379713176606005831e+01,2.543752638636108898e+01,2.801644452341475500e+01,3.128932340184404026e+01,3.491338930216167569e+01,3.844510228458189260e+01,4.133756100881659279e+01,4.293744005468312253e+01,4.248136915049437334e+01
2.332816402499975439e+01,2.387678444880922868e+01,2.552264572023765155e+01,2.811015776348575912e+01,3.139394212971296838e+01,3.503008178856940447e+01,3.857355725383116862e+01,4.147564265768779279e+01,4.308083275738242435e+01,4.262320998438509889e+01
2.340624745682456265e+01,2.395669630209685863e+01,2.560804283791374658e+01,2.820417806218864598e+01,3.149890509825706530e+01,3.514715974698599155e+01,3.870243798781439182e+01,4.161418328110801212e+01,4.322470322943090792e+01,4.276552440993636850e+01
2.348458493750833043e+01,2.403686842523169886e+01,2.569371888840180063e+01,2.829850664624734335e+01,3.160421363178956256e+01,3.526462460770877527e+01,3.883174601620456201e+01,4.175318448280994943e+01,4.336905310068375741e+01,4.290831400842107257e+01
2.356317754519193386e+01,2.411730191312094362e+01,2.577967501690796936e+01,2.839314473953017171e+01,3.170986905301020187e+01,3.538247780086856409e+01,3.896148287005289035e+01,4.189264786942230501e+01,4.351388400524314193e+01,4.305158036639174668e+01
2.364202635368431515e+01,2.419799785653400548e+01,2.586591236508308356e+01,2.848809356328012399e+01,3.181587268320803119e+01,3.550072075659956994e+01,3.909165008192208290e+01,4.203257505056424037e+01,4.365919758151370189e+01,4.319532507569830670e+01
2.372113243272164951e+01,2.427895734235758596e+01,2.595243207126538820e+01,2.858335433633768830e+01,3.192222584245777384e+01,3.561935490520402681e+01,3.922224918601562393e+01,4.217296763893729405e+01,4.380499547225664969e+01,4.333954973350564899e+01
2.380049684821803524e+01,2.436018145384234401e+01,2.603923527071526678e+01,2.867892827535636258e+01,3.202892984980982760e+01,3.573838167731174309e+01,3.935328171830315114e+01,4.231382725041474657e+01,4.395127932464277620e+01,4.348425594231146363e+01
2.388012066250774623e+01,2.444167127084138258e+01,2.612632309584229517e+01,2.877481659501123801e+01,3.213598602347430244e+01,3.585780250403465175e+01,3.948474921664220005e+01,4.245515550412854822e+01,4.409805079030429198e+01,4.362944530996401937e+01
2.396000493457961511e+01,2.452342787004092273e+01,2.621369667642484202e+01,2.887102050820079313e+01,3.224339568099910736e+01,3.597761881711654297e+01,3.961665322089626073e+01,4.259695402255393049e+01,4.424531152538551737e+01,4.377511944967999113e+01
2.404015072030365729e+01,2.460545232518337500e+01,2.630135713982252810e+01,2.896754122624217231e+01,3.235116013944247015e+01,3.609783204907828491e+01,3.974899527304944513e+01,4.273922443159170115e+01,4.439306319059254236e+01,4.392127998006242251e+01
2.412055907265024146e+01,2.468774570728311701e+01,2.638930561118173657e+01,2.906437995906020433e+01,3.245928071553996119e+01,3.621844363335850403e+01,3.988177691731780072e+01,4.288196836064844319e+01,4.454130745124187740e+01,4.406792852511873804e+01
2.420123104190208707e+01,2.477030908483517635e+01,2.647754321363444063e+01,2.916153791537031736e+01,3.256775872586626974e+01,3.633945500445005194e+01,4.001499970025736985e+01,4.302518744271453244e+01,4.469004597730803852e+01,4.421506671427869151e+01
2.428216767585930214e+01,2.485314352401712767e+01,2.656607106849059718e+01,2.925901630285559207e+01,3.267659548699189287e+01,3.646086759803219479e+01,4.014866517086915820e+01,4.316888331444017268e+01,4.483928044347027964e+01,4.436269618241258428e+01
2.436337002003775964e+01,2.493625008888439609e+01,2.665489029542430899e+01,2.935681632833818711e+01,3.278579231563493579e+01,3.658268285109896567e+01,4.028277488070110479e+01,4.331305761620944850e+01,4.498901252915833027e+01,4.451081856984935570e+01
2.444483911786094055e+01,2.501962984155919401e+01,2.674400201265395438e+01,2.945493919794527216e+01,3.289535052880815869e+01,3.670490220208355225e+01,4.041733038394716004e+01,4.345771199221253767e+01,4.513924391859728757e+01,4.465943552239482983e+01
2.452657601084561989e+01,2.510328384241335087e+01,2.683340733711654380e+01,2.955338611726972431e+01,3.300527144396149737e+01,3.682752709097898958e+01,4.055233323754354302e+01,4.360284809051600519e+01,4.528997630085162740e+01,4.480854869135001195e+01
2.460858173878145294e+01,2.518721315024520990e+01,2.692310738463648434e+01,2.965215829152571203e+01,3.311555637912015015e+01,3.695055895945521485e+01,4.068778500126234121e+01,4.374846756313147722e+01,4.544121136986844789e+01,4.495815973352943473e+01
2.469085733990478460e+01,2.527141882245080495e+01,2.701310327008886247e+01,2.975125692569935865e+01,3.322620665301840859e+01,3.707399925097275428e+01,4.082368723780246711e+01,4.389457206608251738e+01,4.559295082451983916e+01,4.510827031127952580e+01
2.477340385106682064e+01,2.535590191518951997e+01,2.710339610755760731e+01,2.985068322469469493e+01,3.333722358522937412e+01,3.719784941089294961e+01,4.096004151287816342e+01,4.404116325946992561e+01,4.574519636864459216e+01,4.525888209249715999e+01
2.485622230789642018e+01,2.544066348354445850e+01,2.719398701048856992e+01,2.995043839347503223e+01,3.344860849629075972e+01,3.732211088658503684e+01,4.109684939530502845e+01,4.418824280753543121e+01,4.589794971108910460e+01,4.540999675064811214e+01
2.493931374495758391e+01,2.552570458167761913e+01,2.728487709183772836e+01,3.005052363719990893e+01,3.356036270782681896e+01,3.744678512753003474e+01,4.123411245708373229e+01,4.433581237872390091e+01,4.605121256574760480e+01,4.556161596478570885e+01
2.502267919590197209e+01,2.561102626298016105e+01,2.737606746421472437e+01,3.015094016135777366e+01,3.367248754266663724e+01,3.757187358542172717e+01,4.137183227348150893e+01,4.448387364574407599e+01,4.620498665160171470e+01,4.571374141956941628e+01
2.510631969361650206e+01,2.569662958021784505e+01,2.746755924002187044e+01,3.025168917189457929e+01,3.378498432495877779e+01,3.769737771426460426e+01,4.151001042311141731e+01,4.463242828562788134e+01,4.635927369275933074e+01,4.586637480528365529e+01
2.519023627036624546e+01,2.578251558567187729e+01,2.755935353158876566e+01,3.035277187533839083e+01,3.389785438028260955e+01,3.782329897046916756e+01,4.164864848800956310e+01,4.478147797978841993e+01,4.651407541849291505e+01,4.601951781785650297e+01
2.527442995793279579e+01,2.586868533127527314e+01,2.765145145130270876e+01,3.045418947892014572e+01,3.401109903575620308e+01,3.794963881294438579e+01,4.178774805371029544e+01,4.493102441407661729e+01,4.666939356327715416e+01,4.617317215887854331e+01
2.535890178774822346e+01,2.595513986874492929e+01,2.774385411173504323e+01,3.055594319069075837e+01,3.412471962014110716e+01,3.807639870318763542e+01,4.192731070931938575e+01,4.508106927883660831e+01,4.682522986682607780e+01,4.632733953562183160e+01
2.544365279102487420e+01,2.604188024970954274e+01,2.783656262576354479e+01,3.065803421963462227e+01,3.423871746394402038e+01,3.820358010537207605e+01,4.206733804758541595e+01,4.523161426895994452e+01,4.698158607412952392e+01,4.648202166105880906e+01
2.552868399888099660e+01,2.612890752583351528e+01,2.792957810669107133e+01,3.076046377577970148e+01,3.435309389951546422e+01,3.833118448643168108e+01,4.220783166496931216e+01,4.538266108393858644e+01,4.713846393548922720e+01,4.663722025388133119e+01
2.561399644246245444e+01,2.621622274893695703e+01,2.802290166836046126e+01,3.086323307030424701e+01,3.446785026114557837e+01,3.845921331614380279e+01,4.234879316171216601e+01,4.553421142791680865e+01,4.729586520655423953e+01,4.679293703851981689e+01
2.569959115306068043e+01,2.630382697111201296e+01,2.811653442526601054e+01,3.096634331564037979e+01,3.458298788515718769e+01,3.858766806720959863e+01,4.249022414190126540e+01,4.568626700974198229e+01,4.745379164835595276e+01,4.694917374516236919e+01
2.578546916222689944e+01,2.639172124483553361e+01,2.821047749266144322e+01,3.106979572557450098e+01,3.469850810999614055e+01,3.871655021533219099e+01,4.263212621353466858e+01,4.583882954301433443e+01,4.761224502734260966e+01,4.710593210977398826e+01
2.587163150188282756e+01,2.647990662307827847e+01,2.830473198666463119e+01,3.117359151534478556e+01,3.481441227631910351e+01,3.884586123929281598e+01,4.277450098858405170e+01,4.599190074613567702e+01,4.777122711541338163e+01,4.726321387411589114e+01
2.595807920442799244e+01,2.656838415941078679e+01,2.839929902435916631e+01,3.127773190173575912e+01,3.493070172707885490e+01,3.897560262102485495e+01,4.291735008305614230e+01,4.614548234235719804e+01,4.793073968995193468e+01,4.742102078576488111e+01
2.604481330284366436e+01,2.665715490810595156e+01,2.849417972389281672e+01,3.138221810317008575e+01,3.504737780760714116e+01,3.910577584568597587e+01,4.306067511705269624e+01,4.629957605982627200e+01,4.809078453385971841e+01,4.757935459813268864e+01
2.613183483079370362e+01,2.674621992423853811e+01,2.858937520457304160e+01,3.148705133979770565e+01,3.516444186569528085e+01,3.923638240172836333e+01,4.320447771482897537e+01,4.645418363163241793e+01,4.825136343558870777e+01,4.773821707048553264e+01
2.621914482272226010e+01,2.683558026378161543e+01,2.868488658695967786e+01,3.159223283358235079e+01,3.528189525167245932e+01,3.936742378096713679e+01,4.334875950485102436e+01,4.660930679585235481e+01,4.841247818917383228e+01,4.789760996796361781e+01
2.630674431394851709e+01,2.692523698370009555e+01,2.878071499295483093e+01,3.169776380838558083e+01,3.539973931848194155e+01,3.949890147864702072e+01,4.349352211985149808e+01,4.676494729559423291e+01,4.857413059426503565e+01,4.805753506160080235e+01
2.639463434075862480e+01,2.701519114204150185e+01,2.887686154589014365e+01,3.180364549004841734e+01,3.551797542175511779e+01,3.963081699350732379e+01,4.363876719688434491e+01,4.692110687904107635e+01,4.873632245615894476e+01,4.821799412834419485e+01
2.648281594049478826e+01,2.710544379802396264e+01,2.897332737061148933e+01,3.190987910647064041e+01,3.563660491988365209e+01,3.976317182784528370e+01,4.378449637737817568e+01,4.707778729949339436e+01,4.889905558583022582e+01,4.837898895107397124e+01
2.657129015164177233e+01,2.719599601212162199e+01,2.907011359356117097e+01,3.201646588768784341e+01,3.575562917408956309e+01,3.989596748757782763e+01,4.393071130718856665e+01,4.723499031541116011e+01,4.906233179996260674e+01,4.854052131862316344e+01
2.666005801391077412e+01,2.728684884614752804e+01,2.916722134285778623e+01,3.212340706594631712e+01,3.587504954849353567e+01,4.002920548230184039e+01,4.407741363664916179e+01,4.739271769045492988e+01,4.922615292097957962e+01,4.870259302579748351e+01
2.674912056832083707e+01,2.737800336333404871e+01,2.926465174837368366e+01,3.223070387577585194e+01,3.599486741018139924e+01,4.016288732535299744e+01,4.422460502062175891e+01,4.755097119352642210e+01,4.939052077707483335e+01,4.886520587339538935e+01
2.683847885727786320e+01,2.746946062841098524e+01,2.936240594181035490e+01,3.233835755406055057e+01,3.611508412926886535e+01,4.029701453386309140e+01,4.437228711854525187e+01,4.770975259880827934e+01,4.955543720224237347e+01,4.902836166822793729e+01
2.692813392465130917e+01,2.756122170768135859e+01,2.946048505677150686e+01,3.244636934010765117e+01,3.623570107896457415e+01,4.043158862881611526e+01,4.452046159448369167e+01,4.786906368580333293e+01,4.972090403630631528e+01,4.919206222313899701e+01
2.701808681584867600e+01,2.765328766909506086e+01,2.955889022883421191e+01,3.255474047571451024e+01,3.635671963563157760e+01,4.056661113510296701e+01,4.466913011717328885e+01,4.802890623937317116e+01,4.988692312495054182e+01,4.935630935702528177e+01
2.710833857788782097e+01,2.774565958232035712e+01,2.965762259561796910e+01,3.266347220523376649e+01,3.647814117884720275e+01,4.070208358157491801e+01,4.481829436006850642e+01,4.818928204977612495e+01,5.005349631974801383e+01,4.952110489485664857e+01
2.719889025946719130e+01,2.783833851881336230e+01,2.975668329685187175e+01,3.277256577563676387e+01,3.659996709146145832e+01,4.083800750109585920e+01,4.496795600138727167e+01,4.835019291270474184e+01,5.022062547818987355e+01,4.968645066769632734e+01
2.728974291103409655e+01,2.793132555188555344e+01,2.985607347443992765e+01,3.288202243657529067e+01,3.672219875965393499e+01,4.097438443059336777e+01,4.511811672415530694e+01,4.851164062932261345e+01,5.038831246371429273e+01,4.985234851272127798e+01
2.738089758485096681e+01,2.802462175676937051e+01,2.995579427252458160e+01,3.299184344044168427e+01,3.684483757298939821e+01,4.111121591110866547e+01,4.526877821624962905e+01,4.867362700630079786e+01,5.055655914573516441e+01,5.001880027324257583e+01
2.747235533505984151e+01,2.811822821068199474e+01,3.005584683754846509e+01,3.310203004242740121e+01,3.696788492447191743e+01,4.124850348784545417e+01,4.541994217044123872e+01,4.883615385585365232e+01,5.072536739967048902e+01,5.018580779872596054e+01
2.756411721774498957e+01,2.821214599288738256e+01,3.015623231831457218e+01,3.321258350058005249e+01,3.709134221059782988e+01,4.138624871021775675e+01,4.557161028443708517e+01,4.899922299577421114e+01,5.089473910697068959e+01,5.035337294481229975e+01
2.765618429099380648e+01,2.830637618475653383e+01,3.025695186604471942e+01,3.332350507585898924e+01,3.721521083140733310e+01,4.152445313189669918e+01,4.572378426092121373e+01,4.916283624946912312e+01,5.106467615514660707e+01,5.052149757333829427e+01
2.774855761495609485e+01,2.840091986982620753e+01,3.035800663443655267e+01,3.343479603218950302e+01,3.733949219053493351e+01,4.166311831085631923e+01,4.587646580759524539e+01,4.932699544599309149e+01,5.123518043779742470e+01,5.069018355235709805e+01
2.784123825190162549e+01,2.849577813385596059e+01,3.045939777971896234e+01,3.354645763651562618e+01,3.746418769525873671e+01,4.180224580941847279e+01,4.602965663721816725e+01,4.949170242008294451e+01,5.140625385463835073e+01,5.085943275615909442e+01
2.793422726627623831e+01,2.859095206488371588e+01,3.056112646070615213e+01,3.365849115885168885e+01,3.758929875654855834e+01,4.194183719429681645e+01,4.618335846764545494e+01,4.965695901219123698e+01,5.157789831152813775e+01,5.102924706529272925e+01
2.802752572475637294e+01,2.868644275327983806e+01,3.066319383885022987e+01,3.377089787233258278e+01,3.771482678911302600e+01,4.208189403663991612e+01,4.633757302186754856e+01,4.982276706851950365e+01,5.175011572049655939e+01,5.119962836658542926e+01
2.812113469630221019e+01,2.878225129179978836e+01,3.076560107829251933e+01,3.388367905326281004e+01,3.784077321144560102e+01,4.222241791207353145e+01,4.649230202804773171e+01,4.998912844105113606e+01,5.192290799977155302e+01,5.137057855316449917e+01
2.821505525220934985e+01,2.887837877563539379e+01,3.086834934591353274e+01,3.399683598116436656e+01,3.796713944586960565e+01,4.236341040074209019e+01,4.664754721955939942e+01,5.015604498758384722e+01,5.209627707380639805e+01,5.154209952447821763e+01
2.830928846615918459e+01,2.897482630246482316e+01,3.097143981138173885e+01,3.411036993882351709e+01,3.809392691858226243e+01,4.250487308734934544e+01,4.680331033502279325e+01,5.032351857176186627e+01,5.227022487330666678e+01,5.171419318631691908e+01
2.840383541426796299e+01,2.907159497250124147e+01,3.107487364720107692e+01,3.422428221233645473e+01,3.822113705969783126e+01,4.264680756119836502e+01,4.695959311834117500e+01,5.049155106310772112e+01,5.244475333525708294e+01,5.188686145083418921e+01
2.849869717513460543e+01,2.916868588854029554e+01,3.117865202875736230e+01,3.433857409115393722e+01,3.834877130328984407e+01,4.278921541623074631e+01,4.711639731873648174e+01,5.066014433705375097e+01,5.261986440294824519e+01,5.206010623656804626e+01
2.859387482988729445e+01,2.926610015600635251e+01,3.128277613436353022e+01,3.445324686812490000e+01,3.847683108743245839e+01,4.293209825106513478e+01,4.727372469078445505e+01,5.082930027497332048e+01,5.279556002600327247e+01,5.223392946846235674e+01
2.868936946222889262e+01,2.936383888299762646e+01,3.138724714530383153e+01,3.456830183953909597e+01,3.860531785424100804e+01,4.307545766903512430e+01,4.743157699444931552e+01,5.099902076421171415e+01,5.297184216040432148e+01,5.240833307788814466e+01
2.878518215848128037e+01,2.946190318033020006e+01,3.149206624587696268e+01,3.468374030516880424e+01,3.873423304991168692e+01,4.321929527822643280e+01,4.758995599511796826e+01,5.116930769811675361e+01,5.314871276851900461e+01,5.258331900266509251e+01
2.888131400762855705e+01,2.956029416158097334e+01,3.159723462343822220e+01,3.479956356830965092e+01,3.886357812476054363e+01,4.336361269151355913e+01,4.774886346363375367e+01,5.134016297606918044e+01,5.332617381912672982e+01,5.275888918708304942e+01
2.897776610135923647e+01,2.965901294312959635e+01,3.170275346844066888e+01,3.491577293582050601e+01,3.899335453326168022e+01,4.350841152659577205e+01,4.790830117632980034e+01,5.151158850351275476e+01,5.350422728744496936e+01,5.293504558192366005e+01
2.907453953410739800e+01,2.975806064419939290e+01,3.180862397447538470e+01,3.503236971816260592e+01,3.912356373408476173e+01,4.365369340603256632e+01,4.806827091506191607e+01,5.168358619198409798e+01,5.368287515515539354e+01,5.311179014448198643e+01
2.917163540309288194e+01,2.985743838689736762e+01,3.191484733831082110e+01,3.514935522943784463e+01,3.925420719013180104e+01,4.379945995727856456e+01,4.822877446724111650e+01,5.185615795914235093e+01,5.386211941042999030e+01,5.328912483858833582e+01
2.926905480836059681e+01,2.995714729625326456e+01,3.202142475993126425e+01,3.526673078742627609e+01,3.938528636857331122e+01,4.394571281271785779e+01,4.838981362586579138e+01,5.202930572879857607e+01,5.404196204795710656e+01,5.346705163463003174e+01
2.936679885281883529e+01,3.005718850025775168e+01,3.212835744257449733e+01,3.538449771362284935e+01,3.951680274088381140e+01,4.409245360969790539e+01,4.855139018955348718e+01,5.220303143094495368e+01,5.422240506896737600e+01,5.364557250957329870e+01
2.946486864227677316e+01,3.015756312989974575e+01,3.223564659276865996e+01,3.550265733327346140e+01,3.964875778287670727e+01,4.423968399056288092e+01,4.871350596257232723e+01,5.237733700178377916e+01,5.440345048125966088e+01,5.382468944698523927e+01
2.956326528548113686e+01,3.025827231920292348e+01,3.234329342036828336e+01,3.562121097541032810e+01,3.978115297473859613e+01,4.438740560268659152e+01,4.887616275487216200e+01,5.255222438375626126e+01,5.458510029922690165e+01,5.400440443705591065e+01
2.966198989415203258e+01,3.035931720526143707e+01,3.245129913858965409e+01,3.574015997288661595e+01,3.991398980106301764e+01,4.453562009850493553e+01,4.903936238211529997e+01,5.272769552557114991e+01,5.476735654388189545e+01,5.418471947662035859e+01
