4.741133423601488484e-01,5.279811366456292898e-01,6.895845195020688934e-01,9.589380366092138397e-01,1.336065164617548318e+00,1.820999971327241784e+00,2.413788592660925048e+00,3.114491167834988694e+00,3.923184355404920609e+00,4.839964546819396141e+00,5.864951919906629563e+00,6.998295510685134779e+00,8.240179526701503221e+00,9.590831180190033223e+00,1.105053038707161228e+01,1.261962176119484624e+01,1.429852943605251525e+01,1.608777537316600359e+01,1.798800197321732242e+01,2.000000000000000000e+01
1.454694115423921019e+00,1.505944366623455100e+00,1.659695120222049125e+00,1.915957620444119325e+00,2.274749741621253207e+00,2.736096831635153492e+00,3.300032185184225142e+00,3.966597586917054663e+00,4.735843940471244906e+00,5.607831967299874876e+00,6.582632944650218754e+00,7.660329436274307291e+00,8.841015948650928991e+00,1.012479941737571210e+01,1.151179939041933231e+01,1.300214772402743435e+01,1.459598753911249958e+01,1.629347109587039455e+01,1.809475612533387689e+01,2.000000000000000000e+01
2.564572752102256104e+00,2.612826556090875219e+00,2.757587968056726346e+00,2.998861993420895100e+00,3.336656499261202669e+00,3.770982450880163483e+00,4.301853922654192530e+00,4.929288074533525688e+00,5.653305096043549582e+00,6.473928105576812975e+00,7.391182987726406139e+00,8.405098147534731723e+00,9.515704156927155211e+00,1.072303326531931233e+01,1.202711874379877699e+01,1.342799403102490885e+01,1.492569165004035625e+01,1.652024186997715560e+01,1.821167109723173638e+01,2.000000000000000000e+01
3.669330499437770676e+00,3.714559272881276186e+00,3.850245593211766071e+00,4.076390872277645627e+00,4.392997294579798151e+00,4.800067831159904763e+00,5.297606167775621877e+00,5.885616600680784849e+00,6.564103899723612301e+00,7.333073134567302809e+00,8.192529458606884418e+00,9.142477844400907827e+00,1.018292276390628714e+01,1.131386780648841750e+01,1.253531522761245931e+01,1.384726542134875515e+01,1.524971631037807462e+01,1.674266264806117022e+01,1.832609522828044035e+01,2.000000000000000000e+01
4.724937212131854025e+00,4.767254958895321693e+00,4.894208199185684727e+00,5.105796837388127507e+00,5.402020692606182450e+00,5.782879446887497110e+00,6.248372577206212419e+00,6.798499266011926778e+00,7.433258288229322552e+00,8.152647872389714223e+00,8.956665533189010375e+00,9.845307872343527222e+00,1.081857034416927021e+01,1.187644698183551917e+01,1.301893007972522298e+01,1.424600982675063676e+01,1.555767388479139690e+01,1.695390690560140712e+01,1.843468997851477909e+01,2.000000000000000000e+01
5.719350339506279468e+00,5.758917677654778799e+00,5.877619692100283011e+00,6.075455756971043897e+00,6.352424863913075370e+00,6.708525554066475216e+00,7.143755860749615216e+00,7.658113236824037884e+00,8.251594463652004663e+00,8.924195539568502866e+00,9.675911545606931341e+00,1.050673648582434616e+01,1.141666309908645083e+01,1.240568263860676979e+01,1.347378461487918777e+01,1.462095649688084897e+01,1.584718336553121887e+01,1.715244751234633114e+01,1.853672797499395486e+01,2.000000000000000000e+01
6.651393621967708114e+00,6.688380106788204493e+00,6.799339561249710506e+00,6.984271209509272715e+00,7.243173811140981577e+00,7.576045591478591135e+00,7.982884191461819157e+00,8.463686605047467282e+00,9.018449100808087593e+00,9.647167125695489176e+00,1.034983518882755682e+01,1.112644672278396385e+01,1.197699391941945812e+01,1.290146753664207324e+01,1.389985667195228736e+01,1.497214849778375445e+01,1.611832795280889385e+01,1.733837738235157744e+01,1.863227611985938381e+01,2.000000000000000000e+01
7.523399771073966846e+00,7.557970619321267236e+00,7.661683164063171958e+00,7.834536614340941618e+00,8.076529708154708942e+00,8.387660645421792793e+00,8.767927042486096667e+00,9.217325875686075420e+00,9.735853410636622129e+00,1.032350511528574977e+01,1.098027555471279015e+01,1.170615826528496228e+01,1.250114560533744346e+01,1.336522857900985528e+01,1.429839662925502708e+01,1.530063739532163858e+01,1.637193642918457570e+01,1.751227686443602494e+01,1.872163903003334795e+01,2.000000000000000000e+01
8.338707416646572668e+00,8.371019344121004124e+00,8.467955126544270072e+00,8.629514002302409281e+00,8.855694757042385845e+00,9.146495660381747328e+00,9.501914423896788975e+00,9.921948149120611404e+00,1.040659326235778970e+01,1.095584543448309844e+01,1.156969948380940494e+01,1.224814925978264135e+01,1.299118750483801144e+01,1.379880569125230139e+01,1.467099382924863527e+01,1.560774024194069298e+01,1.660903130192838617e+01,1.767485112345785225e+01,1.880518120301413987e+01,2.000000000000000000e+01
9.100826181682595717e+00,9.131026436925500533e+00,9.221627202654227418e+00,9.372627759501170885e+00,9.584026960746351520e+00,9.855823172955822997e+00,1.018801423689193619e+01,1.058059741916684082e+01,1.103356935163139774e+01,1.154692595677929035e+01,1.212066235737113118e+01,1.275477276817745498e+01,1.344925036734305479e+01,1.420408714440796949e+01,1.501927372147922490e+01,1.589479914342153677e+01,1.683065063221043545e+01,1.782681329975083173e+01,1.888326981248767211e+01,2.000000000000000000e+01
9.813166773296295275e+00,9.841393241420886895e+00,9.926072645794686622e+00,1.006720431153865825e+01,1.026478716294195692e+01,1.051881966791113499e+01,1.082929980149541827e+01,1.119622500078734362e+01,1.161959210837963319e+01,1.209939730276790648e+01,1.263563601401942904e+01,1.322830282274215463e+01,1.387739134001768804e+01,1.458289406552502143e+01,1.534480222057597665e+01,1.616310555219812173e+01,1.703779210372359643e+01,1.796884794655662176e+01,1.895625686688003242e+01,2.000000000000000000e+01
1.047896066507259327e+01,1.050534230652945311e+01,1.058448723089999888e+01,1.071639480656728516e+01,1.090106402680784647e+01,1.113849345784865008e+01,1.142868120479664285e+01,1.177162486951645270e+01,1.216732149781871541e+01,1.261576751445302236e+01,1.311695864433476366e+01,1.367088981816796966e+01,1.427755506027974342e+01,1.493694735607368607e+01,1.564905849603669630e+01,1.641387889268675337e+01,1.723139736621602580e+01,1.810160089384950410e+01,1.902447431708641901e+01,2.000000000000000000e+01
1.110124274497050223e+01,1.112590012075363433e+01,1.119987224810308035e+01,1.132315853639999581e+01,1.149575804427735903e+01,1.171766943106417003e+01,1.198889092494862396e+01,1.230942028361875984e+01,1.267925474491454096e+01,1.309839096608347475e+01,1.356682495017151169e+01,1.408455195783119152e+01,1.465156640250519438e+01,1.526786172656184881e+01,1.593343025551714653e+01,1.664826302696661742e+01,1.741234959025871021e+01,1.822567777225498631e+01,1.908823340372540756e+01,2.000000000000000000e+01
1.168285443538209556e+01,1.170590023654826517e+01,1.177503764004684328e+01,1.189026609376623078e+01,1.205158471771821027e+01,1.225899225865312658e+01,1.251248706030617264e+01,1.281206702661382124e+01,1.315772957559526724e+01,1.354947158258288020e+01,1.398728931142930598e+01,1.447117833208540461e+01,1.500113342264052996e+01,1.557714845356004396e+01,1.619921625144177568e+01,1.686732843913541657e+01,1.758147524851574417e+01,1.834164530155912232e+01,1.914782535462778412e+01,2.000000000000000000e+01
1.222645308282182164e+01,1.224799263834731455e+01,1.231261130492381106e+01,1.242030856649333970e+01,1.257108360053322116e+01,1.276493523563670429e+01,1.300186192370467886e+01,1.328186170556735668e+01,1.360493216788131043e+01,1.397107039007188334e+01,1.438027288003824467e+01,1.483253549712023833e+01,1.532785336054322478e+01,1.586622074122380965e+01,1.644763093443323854e+01,1.707207611036863071e+01,1.773954713916537429e+01,1.845003338628444567e+01,1.920352247351214459e+01,2.000000000000000000e+01
