1.271386928302999930e-01,4.053192320303694030e-01,1.239860849630577633e+00,2.628145970020543842e+00,4.563834921611305440e+00,7.031396843848529699e+00,9.992746166551045306e+00,1.335401573473627046e+01,1.688266405704080242e+01,2.000000000000000000e+01
3.659157185425536696e-01,6.727370767488716208e-01,1.593201151367825474e+00,3.117920641764521328e+00,5.226386190494368478e+00,7.874660963386443946e+00,1.097119389872671391e+01,1.433093879710010476e+01,1.759683765690619595e+01,2.013377876708038627e+01
7.011769955184924408e-01,1.032520223989910502e+00,2.026549909404164573e+00,3.663550458117300401e+00,5.903755652923210917e+00,8.670400638304808894e+00,1.182204187506585669e+01,1.511049296410007692e+01,1.812812986830167361e+01,2.026845237208684836e+01
1.113927345569508676e+00,1.464898853884876173e+00,2.517813378830978444e+00,4.240778755323944438e+00,6.573322129201235597e+00,9.407758019653131853e+00,1.256333738129661981e+01,1.575372040838777998e+01,1.855639981947313188e+01,2.040402680053511375e+01
1.584236933633808020e+00,1.949890435554459511e+00,3.046850941316413763e+00,4.830920724447865133e+00,7.222179909585331181e+00,1.008689177199264719e+01,1.321586596565682825e+01,1.630136828805230920e+01,1.892089858936326507e+01,2.054050807797765188e+01
2.093485876137917590e+00,2.469324740337650148e+00,3.596841332936846936e+00,5.420599699371567937e+00,7.843927695361868402e+00,1.071256313361414669e+01,1.379767380155185386e+01,1.678021466978952247e+01,1.924303441874180010e+01,2.067790227027148120e+01
2.625639217202552000e+00,3.007871369100851844e+00,4.154567824795750930e+00,6.000728759280112179e+00,8.436077187992923498e+00,1.129086760265869849e+01,1.432308315671306609e+01,1.720813193693570398e+01,1.953550840251969589e+01,2.081621548384776332e+01
3.167704730860022355e+00,3.553309593273701772e+00,4.710124180514738690e+00,6.565418550040074130e+00,8.998328059898652143e+00,1.182778187040876716e+01,1.480309934323092058e+01,1.759734214102914507e+01,1.980636394686544577e+01,2.095545386598320547e+01
3.709659317530159317e+00,4.096341443616590361e+00,5.256387821875883937e+00,7.111061698299500300e+00,9.531524887098619558e+00,1.232862311647575915e+01,1.524610406197256474e+01,1.795641686761052824e+01,2.006095620094916043e+01,2.109562360507326062e+01
4.244098890533805957e+00,4.630187753771070724e+00,5.788454343482864140e+00,7.635639726428142815e+00,1.003706216615082525e+01,1.279792555369983020e+01,1.565849413658114742e+01,1.829151087848658364e+01,2.030299165792726157e+01,2.123673093090719277e+01
4.765787333226424671e+00,5.150121582854557012e+00,6.303124331738952257e+00,8.138223430186371843e+00,1.051655892334015618e+01,1.323948834076876935e+01,1.604518944392716762e+01,1.860713947718523542e+01,2.053511645561448873e+01,2.137878211494492575e+01
5.271206268991509347e+00,5.653023378719165493e+00,6.798474707902133041e+00,8.618621027603836637e+00,1.097168740938520770e+01,1.365648061041020433e+01,1.641001555627275366e+01,1.890668129615504611e+01,2.075926899212409182e+01,2.152178347059580332e+01
5.758154885679876323e+00,6.136995536814382035e+00,7.273517490217896508e+00,9.077132839165244604e+00,1.140408690108333545e+01,1.405155409954553036e+01,1.675598590689284251e+01,1.919271188295053676e+01,2.097690137311194292e+01,2.166574135349917185e+01
6.225417081276418685e+00,6.601046895064054176e+00,7.727936336426958874e+00,9.514380803474713488e+00,1.181532327654013415e+01,1.442694425590601348e+01,1.708550829992408993e+01,1.946723009974832763e+01,2.118912377939133052e+01,2.181066216180685302e+01
6.672496098086917016e+00,7.044843909797068093e+00,8.161887344927523102e+00,9.931190064157869202e+00,1.220687259456595797e+01,1.478455431746611204e+01,1.740053585718709428e+01,1.973181475674060081e+01,2.139680141565053972e+01,2.195655233646752080e+01
7.099409022738875308e+00,7.468519449038378610e+00,8.575850727936890294e+00,1.032850675478841929e+01,1.258011688997028976e+01,1.512602255733389711e+01,1.770267753570014690e+01,1.998773471330309448e+01,2.160062115553613538e+01,2.210341836151295425e+01
7.506530969108321294e+00,7.872528651032540736e+00,8.970521696805199952e+00,1.070734102815618627e+01,1.293634591970430314e+01,1.545277494744116176e+01,1.799327929774395685e+01,2.023602728773876791e+01,2.180113820849063444e+01,2.225126676434621231e+01
7.894478837010292516e+00,8.257541887638534917e+00,9.346731039523264783e+00,1.106872777287342124e+01,1.327676159395255695e+01,1.576606595801785815e+01,1.827348396379164086e+01,2.047755470671186018e+01,2.199880928121366352e+01,2.240010411603176266e+01
8.264025752745281395e+00,8.624366290527769152e+00,9.705387903875232425e+00,1.141369977826693294e+01,1.360248342997333637e+01,1.606701002716593862e+01,1.854427555134905958e+01,2.071304512317555435e+01,2.219401642575889255e+01,2.254993703158751472e+01
8.616038852930536507e+00,8.973888898666544378e+00,1.004743903587456622e+01,1.174326969013059419e+01,1.391455421144500271e+01,1.635660583760409637e+01,1.880651229559660820e+01,2.094312266867343908e+01,2.238708436358707843e+01,2.270077217027882099e+01
8.951434587940150678e+00,9.307035972200658591e+00,1.037384012498218055e+01,1.205841818550765510e+01,1.421394547387406604e+01,1.663575511248237504e+01,1.906095139129015692e+01,2.116832964354426849e+01,2.257829318290932719e+01,2.285261623591445357e+01
9.271147039161915515e+00,9.624744280069762681e+00,1.068553600279330240e+01,1.236008654620023073e+01,1.450156265854200122e+01,1.690527726175915646e+01,1.930826766254091353e+01,2.138914302929570255e+01,2.276788772284787754e+01,2.300547597714454895e+01
9.576105823572104825e+00,9.927941187625245689e+00,1.098344727978467006e+01,1.264917233574421118e+01,1.477824988639917514e+01,1.716592089626258044e+01,1.954906776595617401e+01,2.160598687585359912e+01,2.295608456647170925e+01,2.315935818776053878e+01
9.867221011364462058e+00,1.021753116775994030e+01,1.126846163694637681e+01,1.292652725455024409e+01,1.504479435404117815e+01,1.741837297765280468e+01,1.978390109761746984e+01,2.181924167608956466e+01,2.314307729699712013e+01,2.331426970699712342e+01
1.014537313962408405e+01,1.049438697013071931e+01,1.154142846165062330e+01,1.319295651053369589e+01,1.530193037529588018e+01,1.766326618039807528e+01,2.001326825883079508e+01,2.202925152946378518e+01,2.332904048534569341e+01,2.347021741983620657e+01
1.041140690390958135e+01,1.075934414491123903e+01,1.180315586791621207e+01,1.344921923010691245e+01,1.555034309903735235e+01,1.790118489598798490e+01,2.023762770621935658e+01,2.223632967555874629e+01,2.351413274627975980e+01,2.362720825731291541e+01
1.066612748409113465e+01,1.101319796317092958e+01,1.205440940041031439e+01,1.369602956897017165e+01,1.579067193432413241e+01,1.813267019997572760e+01,2.045740104471280674e+01,2.244076281981443799e+01,2.369849910725481479e+01,2.378524919682366345e+01
1.091029873969259789e+01,1.125670203285219806e+01,1.229591191233099678e+01,1.393405827901245253e+01,1.602351371168803951e+01,1.835822402062841263e+01,2.067297730018996660e+01,2.264281455956537314e+01,2.388227286747873990e+01,2.394434726243620304e+01
1.114464271650845006e+01,1.149056809922828748e+01,1.252834424738779795e+01,1.416393455753533814e+01,1.624942560623825116e+01,1.857831268719035123e+01,2.088471641959865011e+01,2.284272813582098394e+01,2.406557707666841850e+01,2.410450952520186974e+01
1.136984005853894786e+01,1.171546665857930591e+01,1.275234645870038186e+01,1.438624805551891406e+01,1.646892784504105478e+01,1.879336999074810421e+01,2.109295218136536576e+01,2.304072867621336940e+01,2.424852572827283481e+01,2.426574310346981989e+01
1.158653103118740724e+01,1.193202811650198569e+01,1.296851937244571751e+01,1.460155095815478887e+01,1.668250621833221814e+01,1.900379985739566635e+01,2.129799465133289260e+01,2.323702505084617087e+01,2.443122473672957184e+01,2.442805516320339621e+01
1.179531694367570083e+01,1.214084429746281657e+01,1.317742635882416735e+01,1.481036007724732961e+01,1.689061441161862476e+01,1.920997870879438452e+01,2.150013228461136450e+01,2.343181143090642138e+01,2.461377274997827413e+01,2.459145291829864632e+01
1.199676181860182389e+01,1.234247016714870249e+01,1.337959521278933828e+01,1.501315891411607595e+01,1.709367617362380187e+01,1.941225756703388683e+01,2.169963374816568447e+01,2.362526861660829169e+01,2.479626183507401294e+01,2.475594363090491612e+01
1.219139420031851984e+01,1.253742566923264334e+01,1.357552007597501387e+01,1.521039966533408183e+01,1.729208733328117731e+01,1.961096394724066627e+01,2.189674952018856402e+01,2.381756518398570321e+01,2.497877806496381936e+01,2.492153461174761730e+01
1.237970902566799936e+01,1.272619760732055916e+01,1.376566335227823856e+01,1.540250515346798466e+01,1.748621767752169731e+01,1.980640357140288899e+01,2.209171330849902048e+01,2.400885848754677454e+01,2.516140202732897180e+01,2.508823322045315507e+01
1.256216950374674290e+01,1.290924152400139846e+01,1.395045758476536513e+01,1.558987067200579801e+01,1.767641270038350854e+01,1.999886192946330610e+01,2.228474332002939562e+01,2.419929554661775839e+01,2.534420927114314281e+01,2.525604686587602643e+01
1.273920896813525339e+01,1.308698354423367149e+01,1.413030727252892227e+01,1.577286573863830021e+01,1.786299523294371028e+01,2.018860570820005051e+01,2.247604340594656236e+01,2.438901383644330778e+01,2.552727070273671117e+01,2.542498300642809284e+01
1.291123267712847955e+01,1.325982216134326919e+01,1.430559061398763809e+01,1.595183575455999403e+01,1.804626696269630770e+01,2.037588410427024854e+01,2.266580410138459456e+01,2.457814200012181516e+01,2.571065294031447124e+01,2.559504915041007678e+01
1.307861954620264022e+01,1.342812995183488312e+01,1.447666116873160824e+01,1.612710356988453242e+01,1.822650985024637649e+01,2.056093003466827440e+01,2.285420357462703933e+01,2.476680049376476589e+01,2.589441863377548714e+01,2.576625285634526819e+01
1.324172380317542697e+01,1.359225521087767241e+01,1.464384943398440697e+01,1.629897095692437503e+01,1.840398745053336782e+01,2.074396125548139125e+01,2.304140849748663911e+01,2.495510217452963531e+01,2.607862675512939177e+01,2.593860173331543706e+01
1.340087656093382229e+01,1.375252350433367354e+01,1.480746433453322908e+01,1.646771999418176691e+01,1.857894614521827137e+01,2.092518139801330079e+01,2.322757484631152636e+01,2.514315283913463261e+01,2.626333286364849329e+01,2.611210344129904470e+01
1.355638730571031658e+01,1.390923913600658324e+01,1.496779462689538143e+01,1.663361436459561205e+01,1.875161629235549654e+01,2.110478092994700461e+01,2.341284864129560006e+01,2.533105171893414465e+01,2.644858934903307457e+01,2.628676569151166831e+01
1.370854530104444713e+01,1.406268653072928565e+01,1.512511021978380299e+01,1.679690057200099673e+01,1.892221329900969096e+01,2.128293804812592427e+01,2.359736663043828031e+01,2.551889193648185383e+01,2.663444565522015850e+01,2.646259624674873834e+01
1.385762090903539523e+01,1.421313153522164185e+01,1.527966341378038351e+01,1.695780907996829967e+01,1.909093862206193748e+01,2.145981950866883281e+01,2.378125692347577669e+01,2.570676092763369169e+01,2.682094848697773060e+01,2.663960292173054611e+01
1.400386683146496836e+01,1.436082263951153060e+01,1.543169006365121732e+01,1.711655537725752296e+01,1.925798070207178725e+01,2.163558139944246861e+01,2.396463958031266372e+01,2.589474083257372428e+01,2.700814200105453011e+01,2.681779358344955000e+01
1.414751927398813969e+01,1.450599212224971524e+01,1.558141066703444011e+01,1.727334097409415747e+01,1.942351583471639387e+01,2.181036985935366346e+01,2.414762715785987623e+01,2.608290885862868436e+01,2.719606798337041553e+01,2.699717615152006545e+01
1.428879903695272269e+01,1.464885712355629899e+01,1.572903138336702966e+01,1.742835433337770468e+01,1.958770898401161986e+01,2.198432174845937936e+01,2.433032521869049347e+01,2.627133761733245976e+01,2.738476601351071693e+01,2.717775859853018261e+01
1.442791253659440365e+01,1.478962064918078134e+01,1.587474498693991798e+01,1.758177174079497718e+01,1.975071454122821635e+01,2.215756527250490038e+01,2.451283280452578595e+01,2.646009543788194307e+01,2.757427361761466855e+01,2.735954895039616730e+01
1.456505276041220220e+01,1.492847250978838325e+01,1.601873175791692461e+01,1.773375811764445231e+01,1.991267703314738213e+01,2.233022056517107501e+01,2.469524287723782763e+01,2.664924665886870869e+01,2.776462641060962611e+01,2.754255528671914277e+01
1.470040016050124621e+01,1.506559019913772524e+01,1.616116031504716588e+01,1.788446777999637405e+01,2.007373178305090278e+01,2.250240023102782416e+01,2.487764272978439450e+01,2.683885189996213683e+01,2.795585822863182557e+01,2.772678574114417316e+01
1.483412348853281948e+01,1.520113971481507420e+01,1.630218839366184014e+01,1.803404514762436861e+01,2.023400552761030013e+01,2.267420985194372207e+01,2.506011436926362990e+01,2.702896831504692088e+01,2.814800125238327766e+01,2.791224850172179117e+01
1.496638057594618942e+01,1.533527632505634664e+01,1.644196357238681827e+01,1.818262540595391741e+01,2.039361699262535055e+01,2.284574845948356625e+01,2.524273487408130734e+01,2.721964982817306833e+01,2.834108612209888989e+01,2.809895181127187413e+01
1.509731906276701885e+01,1.546814528503337627e+01,1.658062395183245386e+01,1.833033512408480448e+01,2.055267743036301908e+01,2.301710897563145863e+01,2.542557672705470395e+01,2.741094735355346401e+01,2.853514204473436067e+01,2.828690396775003535e+01
1.522707707830392643e+01,1.559988250581474745e+01,1.671829878834721583e+01,1.847729283176134274e+01,2.071129112106287806e+01,2.318837862400265237e+01,2.560870812612943226e+01,2.760290900073784215e+01,2.873019689393098730e+01,2.847611332461637801e+01
1.535578387680502921e+01,1.573061517904060835e+01,1.685510908574734756e+01,1.862360955798772011e+01,2.086955584100257610e+01,2.335963931354950063e+01,2.579219327425448327e+01,2.779558026599940135e+01,2.892627730326640290e+01,2.866658829120680352e+01
1.548356043098507051e+01,1.586046236017964439e+01,1.699116814776337137e+01,1.876938933381681807e+01,2.102756329935640522e+01,2.353096799662320038e+01,2.597609264984382449e+01,2.798900421088834634e+01,2.912340875325909906e+01,2.885833733310673921e+01
1.561051998616490799e+01,1.598953551306823506e+01,1.712658209377821450e+01,1.891472966168037928e+01,2.118539954593044072e+01,2.370243700312169111e+01,2.616046325914742354e+01,2.818322162883383797e+01,2.932161565255808355e+01,2.905136897252738493e+01
1.573676857760061232e+01,1.611793901826852249e+01,1.726145034027225478e+01,1.905972195347628428e+01,2.134314535171818861e+01,2.387411435233319423e+01,2.634535887175868041e+01,2.837827120061014341e+01,2.952092141371620215e+01,2.924569178868448915e+01
1.586240551342091720e+01,1.624577064762529588e+01,1.739586605023843191e+01,1.920445193948531326e+01,2.150087656409079884e+01,2.404606404397389952e+01,2.653083024039822746e+01,2.857418963942338763e+01,2.972134852391640436e+01,2.944131441817965111e+01
1.598752382544041239e+01,1.637312200725184042e+01,1.752991655268612448e+01,1.934900005005456691e+01,2.165866443831451349e+01,2.421834632981530433e+01,2.671692530603382210e+01,2.877101182632138432e+01,2.992291861099342043e+01,2.963824555538415595e+01
1.611221068997167549e+01,1.650007895103277633e+01,1.766368373421607529e+01,1.949344177185794535e+01,2.181657594697501423e+01,2.439101796720170512e+01,2.690368938932249065e+01,2.896877093657930757e+01,3.012565250506897030e+01,2.983649395282540695e+01
1.623654782062332913e+01,1.662672196659744017e+01,1.779724440451976974e+01,1.963784798042496149e+01,2.197467406878283569e+01,2.456413245567003756e+01,2.709116536929332497e+01,2.916749855766857991e+01,3.032957029609628208e+01,3.003606842157592638e+01
1.636061183494213722e+01,1.675312653559053544e+01,1.793067063753572299e+01,1.978228525051751063e+01,2.213301805813548384e+01,2.473774025780226893e+01,2.727939385012622608e+01,2.936722479937446906e+01,3.053469138758922696e+01,3.023697783164495334e+01
1.648447459663634973e+01,1.687936346994762005e+01,1.806403008988143455e+01,1.992681614582994953e+01,2.229166369672023507e+01,2.491188900536448969e+01,2.746841331682404785e+01,2.956797839658909055e+01,3.074103454679231362e+01,3.043923111237267420e+01
1.660820353500342250e+01,1.700549922577084416e+01,1.819738629807310559e+01,2.007149948938984707e+01,2.245066352835570811e+01,2.508662369171574014e+01,2.765826028052129359e+01,2.976978680527053100e+01,3.094861795153033412e+01,3.064283725282708559e+01
1.673186194307880825e+01,1.713159619629545105e+01,1.833079895594537945e+01,2.021639061594561326e+01,2.261006707819050732e+01,2.526198685140377265e+01,2.784896941412246107e+01,2.997267629202575634e+01,3.115745923396023542e+01,3.084780530220349348e+01
1.685550925592205473e+01,1.725771298533903320e+01,1.846432417358996503e+01,2.036154160754160714e+01,2.276992105730256455e+01,2.543801872780345619e+01,2.804057367891648056e+01,3.017667201774371932e+01,3.136757552143255623e+01,3.105414437022671947e+01
1.697920131036317315e+01,1.738390466253349942e+01,1.859801471904447823e+01,2.050700151340157618e+01,2.293026955367309583e+01,2.561475742959609292e+01,2.823310444277015918e+01,3.038179811567668409e+01,3.157898347465602029e+01,3.126186362755598225e+01
1.710299058744428180e+01,1.751022300155348788e+01,1.873192024388110255e+01,2.065281655516668735e+01,2.309115421044425176e+01,2.579223907683463679e+01,2.842659159046319317e+01,3.058807776434075976e+01,3.179169932334562532e+01,3.147097230619246488e+01
1.722692643870979978e+01,1.763671670247444823e+01,1.886608749376839000e+01,2.079903031846479067e+01,2.325261439230880711e+01,2.597049793728993095e+01,2.862106362668950865e+01,3.079553325558182308e+01,3.200573889952249118e+01,3.168147969988963553e+01
1.735105529742165942e+01,1.776343159931823479e+01,1.900056050500796090e+01,2.094568393172245280e+01,2.341468734082362602e+01,2.614956655372662553e+01,2.881654777221469033e+01,3.100418605812991402e+01,3.222111766862262527e+01,3.189339516456631074e+01
1.747542087570462499e+01,1.789041085377381179e+01,1.913538078798137931e+01,2.109281623307066056e+01,2.357740831938592763e+01,2.632947586271412987e+01,2.901307005364634151e+01,3.121405687694330311e+01,3.243785075856088440e+01,3.210672811872247223e+01
1.760006434855983670e+01,1.801769513601488981e+01,1.927058749838005625e+01,2.124046392613827905e+01,2.374081074856194107e+01,2.651025530553754450e+01,2.921065538724386812e+01,3.142516570862355607e+01,3.265595298688702286e+01,3.232148804385786889e+01
1.772502452562218878e+01,1.814532279347489307e+01,1.940621759703300953e+01,2.138866172547456657e+01,2.390492633241166942e+01,2.669193293173567127e+01,2.940932765716544850e+01,3.163753189316391001e+01,3.287543888616121279e+01,3.253768448489340415e+01
1.785033801147898913e+01,1.827333000838248012e+01,1.954230599909295307e+01,2.153744249229247387e+01,2.406978517641044490e+01,2.687453549575825917e+01,2.960910978852368558e+01,3.185117416227584286e+01,3.309632272766815930e+01,3.275532705059539040e+01
1.797603935531276420e+01,1.840175094480720475e+01,1.967888571329052994e+01,2.168683736117847971e+01,2.423541589752795744e+01,2.705808854720156020e+01,2.981002381559629200e+01,3.206611068452237845e+01,3.331861854358079000e+01,3.297442541400256744e+01
1.810216119058027218e+01,1.853061788591499592e+01,1.981598797191917427e+01,2.183687585837155254e+01,2.440184572698801801e+01,2.724261651505078419e+01,3.001209094551535017e+01,3.228235910747127946e+01,3.354234014767724403e+01,3.319498931285603760e+01
1.822873436539237701e+01,1.865996136208653056e+01,1.995364235216899118e+01,2.198758601217373254e+01,2.456910060619739511e+01,2.742814278632934233e+01,3.021533161773688292e+01,3.249993659706727556e+01,3.376750115470787961e+01,3.341702855003205741e+01
1.835578806421507281e+01,1.878981027050798147e+01,2.009187688938670391e+01,2.213899445601726157e+01,2.473720527629951249e+01,2.761468977952822712e+01,3.041976555957241857e+01,3.271885987440888499e+01,3.399411499850249641e+01,3.364055299397772814e+01
1.848334992147055544e+01,1.892019198680299397e+01,2.023071818280030953e+01,2.229112652467816602e+01,2.490618336177843872e+01,2.780227901316381889e+01,3.062541183804547629e+01,3.293914525010331573e+01,3.422219494890210711e+01,3.386557257914956409e+01
1.861144612757879813e+01,1.905113246923690085e+01,2.037019149421120900e+01,2.244400634409362283e+01,2.507605744851007401e+01,2.799093116978925622e+01,3.083228890831823676e+01,3.316080865636118347e+01,3.445175412759390099e+01,3.409209730645506653e+01
1.874010152794386030e+01,1.918265635598862318e+01,2.051032084012290824e+01,2.259765691520981790e+01,2.524684915663119966e+01,2.818066615576283240e+01,3.104041465891746654e+01,3.338386567698190532e+01,3.468280552292266350e+01,3.432013724369716812e+01
1.886933971535565036e+01,1.931478705595280587e+01,2.065112907774427242e+01,2.275210019225862368e+01,2.541857920857209763e+01,2.837150315705658343e+01,3.124980645397327095e+01,3.360833157537084759e+01,3.491536200374730470e+01,3.454970252602173986e+01
1.899918311624643152e+01,1.944754683350382152e+01,2.079263798527599505e+01,2.290735715583486254e+01,2.559126749257556099e+01,2.856346069136939292e+01,3.146048117267028843e+01,3.383422132071962096e+01,3.514943633240627463e+01,3.478080335636801124e+01
1.912965307121213243e+01,1.958095688762452724e+01,2.093486833686170812e+01,2.306344788112107125e+01,2.576493312200346608e+01,2.875655665679125761e+01,3.167245524609728946e+01,3.406154961247231228e+01,3.538504117685160821e+01,3.501345000592202439e+01
1.926076991018101836e+01,1.971503742577570151e+01,2.107783997255975095e+01,2.322039160158355742e+01,2.593959449071208567e+01,2.895080837724900036e+01,3.188574469166904635e+01,3.429033090319214949e+01,3.562218912200724219e+01,3.524765281457317201e+01
1.939255302258690961e+01,1.984980773285714406e+01,2.122157186366785098e+01,2.337820676844201628e+01,2.611526932475850415e+01,2.914623264494820631e+01,3.210036514528253093e+01,3.452057941993555090e+01,3.586089268040362299e+01,3.548342219137373377e+01
1.952502092288031932e+01,1.998528623558793882e+01,2.136608217371079732e+01,2.353691110619474003e+01,2.629197473068303381e+01,2.934284576001201472e+01,3.231633189135878581e+01,3.475230918423334714e+01,3.610116430213697925e+01,3.572076861500146805e+01
1.965819131168850831e+01,2.012149056261151969e+01,2.151138831538055385e+01,2.369652166446262953e+01,2.646972724059617477e+01,2.954066356750385580e+01,3.253365989091173560e+01,3.498553403077224289e+01,3.634301638419874081e+01,3.595970263422540114e+01
1.979208113291484494e+01,2.025843760061085774e+01,2.165750700369889259e+01,2.385705486639772488e+01,2.664854285428337377e+01,2.973970149200881963e+01,3.275236380777568002e+01,3.522026762486351714e+01,3.658646127921711866e+01,3.620023486837460069e+01
1.992670662704846407e+01,2.039614354670000651e+01,2.180445430565463738e+01,2.401852655388557523e+01,2.682843707852677184e+01,2.993997456993676920e+01,3.297245803311460577e+01,3.545652347877997101e+01,3.683151130365043002e+01,3.644237600781017505e+01
2.006208338093706445e+01,2.053462395734051071e+01,2.195224568655085662e+01,2.418095202975540658e+01,2.700942496382967306e+01,3.014149747969920412e+01,3.319395670832794565e+01,3.569431496703695217e+01,3.707817874546898906e+01,3.668613681440041319e+01
2.019822637425894030e+01,2.067389379401458172e+01,2.210089605328150952e+01,2.434434609719784248e+01,2.719152113871708920e+01,3.034428456990202605e+01,3.341687374646019038e+01,3.593365534068802702e+01,3.732647587135971889e+01,3.693152812199905810e+01
2.033515002291451879e+01,2.081396746587152791e+01,2.225041979474255882e+01,2.450872309657662029e+01,2.737473984177438879e+01,3.054834988568664045e+01,3.364122285221415609e+01,3.617455774070129593e+01,3.757641493348586437e+01,3.717856083692684166e+01
2.047286821954298475e+01,2.095485886954943666e+01,2.240083081956879951e+01,2.467409693980820151e+01,2.755909495157484912e+01,3.075370719334318181e+01,3.386701754066135095e+01,3.641703521047787717e+01,3.782800817583139974e+01,3.742724593845620262e+01
2.061139437135590669e+01,2.109658142636066103e+01,2.255214259137492405e+01,2.484048114247176997e+01,2.774460001463734216e+01,3.096037000331120836e+01,3.409427115473657466e+01,3.666110070757000017e+01,3.808126784015829713e+01,3.767759447929925187e+01
2.075074143546693506e+01,2.123914811701705929e+01,2.270436816166742844e+01,2.500788885380103466e+01,2.793126827154551961e+01,3.116835159167570168e+01,3.432299688159796602e+01,3.690676711465239634e+01,3.833620617160261190e+01,3.792961758609902745e+01
2.089092195188473866e+01,2.138257151405927203e+01,2.285752020058287215e+01,2.517633288469938435e+01,2.811911268135145292e+01,3.137766502025890603e+01,3.455320776792855497e+01,3.715404724979692475e+01,3.859283542393376365e+01,3.818332645992396834e+01
2.103194807432512548e+01,2.152686381214324740e+01,2.301161102559760963e+01,2.534582573391032057e+01,2.830814594437822151e+01,3.158832315540184155e+01,3.478491673424992570e+01,3.740295387609722155e+01,3.885116786449965076e+01,3.843873237676579890e+01
2.117383159898804124e+01,2.167203685632714283e+01,2.316665262834445116e+01,2.551637961246643371e+01,2.849838052352849260e+01,3.180033868552311560e+01,3.501813658831429166e+01,3.765349971068688006e+01,3.911121577887892897e+01,3.869584668804063199e+01
2.131658399143516647e+01,2.181810216849203954e+01,2.332265669966265875e+01,2.568800646653187414e+01,2.868982866419891309e+01,3.201372413753680490e+01,3.525288003763657230e+01,3.790569743319201734e+01,3.937299147526011467e+01,3.895468082109351826e+01
2.146021641169515348e+01,2.196507097202118430e+01,2.347963465299928387e+01,2.586071799874562060e+01,2.888250241289344089e+01,3.222849189220563915e+01,3.548915970122410357e+01,3.815955969365594314e+01,3.963650728856600836e+01,3.921524627970631371e+01
2.160473973771458489e+01,2.211295421485392154e+01,2.363759764627192084e+01,2.603452568816574342e+01,2.907641363462264650e+01,3.244465419850081389e+01,3.572698812055767803e+01,3.841509911997162163e+01,3.990177558434071869e+01,3.947755464460895780e+01
2.175016458726544855e+01,2.226176259102301458e+01,2.379655660229570913e+01,2.620944080890813765e+01,2.927157402917009676e+01,3.266222318703480454e+01,3.596637776987412138e+01,3.867232832485485261e+01,4.016880876241533116e+01,3.974161757399416928e+01
2.189650133841190538e+01,2.241150656077653380e+01,2.395652222787042263e+01,2.638547444756691718e+01,2.946799514630158612e+01,3.288121088262924019e+01,3.620734106579719480e+01,3.893125991238911610e+01,4.043761926036729903e+01,4.000744680403563081e+01
2.204376014863281341e+01,2.256219636937892759e+01,2.411750503161727366e+01,2.656263751949799712e+01,2.966568839998793550e+01,3.310162921607579278e+01,3.644989037636054263e+01,3.919190648417085043e+01,4.070821955678743365e+01,4.027505414940953443e+01
2.219195097268971040e+01,2.271384206467950051e+01,2.427951534064886374e+01,2.674094078404175789e+01,2.986466508170729028e+01,3.332349003514401176e+01,3.669403802946342097e+01,3.945428064508213595e+01,4.098062217436775967e+01,4.054445150381972240e+01
2.234108357932409561e+01,2.286645351353066147e+01,2.444256331615035904e+01,2.692039485875580596e+01,3.006493637288856746e+01,3.354680511488670902e+01,3.693979632079737740e+01,3.971839500871579531e+01,4.125483968282235026e+01,4.081565084052630255e+01
2.249116756686218821e+01,2.302004041713279392e+01,2.460665896794461105e+01,2.710101023272395793e+01,3.026651335655350294e+01,3.377158616728972618e+01,3.718717752127920306e+01,3.998426220247640828e+01,4.153088470165251778e+01,4.108866421287775239e+01
2.264221237780027352e+01,2.317461232537749893e+01,2.477181216810917519e+01,2.728279727900331153e+01,3.046940702821089175e+01,3.399784485031026549e+01,3.743619388402357373e+01,4.025189487237908992e+01,4.180876990276708227e+01,4.136350375484668973e+01
2.279422731243872491e+01,2.333017865025620097e+01,2.493803266370862204e+01,2.746576626626697859e+01,3.067362830605320667e+01,3.422559277634461239e+01,3.768685765088614659e+01,4.052130568756644635e+01,4.208850801296755861e+01,4.164018168156911059e+01
2.294722154162827010e+01,2.348674867839652336e+01,2.510533008870128313e+01,2.764992736969639608e+01,3.087918804050217858e+01,3.445484152016364732e+01,3.793918105860603873e+01,4.079250734456277883e+01,4.237011181630761314e+01,4.191871028988728654e+01
2.310120411868787471e+01,2.364433158278482949e+01,2.527371397507569739e+01,2.783529068117336536e+01,3.108609702314711143e+01,3.468560262635171654e+01,3.819317634457465971e+01,4.106551257128327137e+01,4.265359415633544415e+01,4.219910195889634963e+01
2.325618399054970098e+01,2.380293643372933943e+01,2.544319376326825832e+01,2.802186621881875084e+01,3.129436599511651806e+01,3.491788761628241389e+01,3.844885575225611518e+01,4.134033413081481001e+01,4.293896793822706570e+01,4.248136915049437334e+01
2.341217000818279459e+01,2.396257220911464358e+01,2.561377881191019767e+01,2.820966393592157218e+01,3.150400565492106608e+01,3.515170799466213936e+01,3.870623153628253021e+01,4.161698482498393048e+01,4.322624613081817557e+01,4.276552440993636850e+01
2.356917093634370985e+01,2.412324780399498181e+01,2.578547840694879056e+01,2.839869372929934954e+01,3.171502666580343188e+01,3.538707525567071599e+01,3.896531596724639002e+01,4.189547749772634688e+01,4.351544176854157087e+01,4.305158036639174668e+01
2.372719546269925317e+01,2.428497203957060080e+01,2.595830177018465079e+01,2.858896544712778720e+01,3.192743966262802147e+01,3.562400088872601600e+01,3.922612133621018415e+01,4.217582503827146923e+01,4.380656795327663389e+01,4.333954973350564899e+01
2.388625220636317792e+01,2.444775367158846180e+01,2.613225806726431699e+01,2.878048889627540063e+01,3.214125525834144526e+01,3.586249638389792693e+01,3.948865995895263126e+01,4.245804038415472803e+01,4.409963785611722642e+01,4.362944530996401937e+01
2.404634972588629793e+01,2.461160139820584902e+01,2.630735641516450229e+01,2.897327384917626247e+01,3.235648405003270511e+01,3.610257323699532606e+01,3.975294417996910568e+01,4.274213652406923103e+01,4.439466471906343514e+01,4.392127998006242251e+01
2.420749652673644547e+01,2.477652386735288559e+01,2.648360588920220948e+01,2.916733005027189662e+01,3.257313662461985615e+01,3.634424295434803298e+01,4.001898637624309174e+01,4.302812650056787191e+01,4.469166185664276725e+01,4.421506671427869151e+01
2.436970106830252902e+01,2.494252968362749456e+01,2.666101552960239118e+01,2.936266722205119706e+01,3.279122356418837825e+01,3.658751705730439596e+01,4.028679896080410572e+01,4.331602341262611588e+01,4.499064265746566349e+01,4.451081856984935570e+01
2.453297177045459776e+01,2.510962741475417914e+01,2.683959434765291974e+01,2.955929507071539675e+01,3.301075545100459152e+01,3.683240708646361838e+01,4.055639438608661607e+01,4.360584041807502587e+01,4.529162058572001115e+01,4.480854869135001195e+01
2.469731701968966320e+01,2.527782559763587145e+01,2.701935133147449974e+01,2.975722329149330037e+01,3.323174287222612122e+01,3.707892460566083059e+01,4.082778514710338413e+01,4.389759073591338989e+01,4.559460918260904094e+01,4.510827031127952580e+01
2.486274517489104596e+01,2.544713274402614900e+01,2.720029545143145810e+01,2.995646157363022155e+01,3.345419642432964480e+01,3.732708120572153376e+01,4.110098378444604350e+01,4.419128764850744773e+01,4.589962206773662956e+01,4.540999675064811214e+01
2.502926457272725358e+01,2.561755734584729538e+01,2.738243566520742434e+01,3.015701960507268353e+01,3.367812671727526208e+01,3.757688850800122538e+01,4.137600288712458507e+01,4.448694450368580533e+01,4.620667294044383766e+01,4.571374141956941628e+01
2.519688353271447667e+01,2.578910788017798339e+01,2.756578092256851065e+01,3.035890707686926859e+01,3.390354437842496083e+01,3.782835816772450954e+01,4.165285509525673291e+01,4.478457471673696233e+01,4.651577558110025024e+01,4.601951781785650297e+01
2.536561036196541963e+01,2.596179281393282068e+01,2.775034016983502738e+01,3.056213368730685431e+01,3.413046005623205303e+01,3.808150187713751222e+01,4.193155310261754920e+01,4.508419177231616004e+01,4.682694385235332390e+01,4.632733953562183160e+01
2.553545335964544449e+01,2.613562060825439204e+01,2.793612235408123468e+01,3.076670914579988647e+01,3.435888442371688711e+01,3.833633136848624190e+01,4.221210965905888202e+01,4.538580922626787384e+01,4.714019170033900252e+01,4.663722025388133119e+01
2.570642082115581672e+01,2.631059972263726365e+01,2.812313642708160444e+01,3.097264317654963151e+01,3.458882818174344465e+01,3.859285841683269069e+01,4.249453757280745947e+01,4.568944070736989715e+01,4.745553315585629406e+01,4.694917374516236919e+01
2.587852104206230663e+01,2.648673861880185854e+01,2.831139134902051779e+01,3.117994552198866032e+01,3.482030206211021550e+01,3.885109484271978175e+01,4.277884971265019942e+01,4.599509991900450245e+01,4.777298233550867934e+01,4.726321387411589114e+01
2.605176232178637008e+01,2.666404576433514961e+01,2.850089609198148466e+01,3.138862594602531786e+01,3.505331683046807001e+01,3.911105251469552258e+01,4.306505901001432335e+01,4.630280064076190882e+01,4.809255344281480404e+01,4.757935459813268864e+01
2.622615296707490984e+01,2.684252963611386278e+01,2.869165964323072515e+01,3.159869423710155800e+01,3.528788328907674554e+01,3.937274335170596373e+01,4.335317846094972793e+01,4.661255672998073862e+01,4.841426076929069922e+01,4.789760996796361781e+01
2.640170129526348930e+01,2.702219872352485908e+01,2.888369100830896485e+01,3.181016021107688374e+01,3.552401227941106754e+01,3.963617932536592292e+01,4.364322112802030773e+01,4.692438212323006042e+01,4.873811869550597464e+01,4.821799412834419485e+01
2.657841563734701040e+01,2.720306153149638106e+01,2.907699921394448594e+01,3.202303371395016285e+01,3.576171468462710834e+01,3.990137246211599376e+01,4.393520014211059532e+01,4.723829083773718907e+01,4.906414169211571874e+01,4.854052131862316344e+01
2.675630434087084453e+01,2.738512658335301353e+01,2.927159331079952409e+01,3.223732462443031466e+01,3.600100143189779800e+01,4.016833484527357712e+01,4.422912870415368047e+01,4.755429697276512258e+01,4.939234432087040716e+01,4.886520587339538935e+01
2.693537577265450977e+01,2.756840242350620329e+01,2.946748237606127674e+01,3.245304285636618147e+01,3.624188349462699676e+01,4.043707861698526074e+01,4.452502008678592205e+01,4.787241471094333178e+01,4.972274123560523407e+01,4.919206222313899701e+01
2.711563832135936991e+01,2.775289761999155758e+01,2.966467551588812412e+01,3.267019836104519470e+01,3.648437189455034257e+01,4.070761598008742510e+01,4.482288763593357572e+01,4.819265831955527801e+01,5.005534718321076326e+01,4.952110489485664857e+01
2.729710039991070403e+01,2.793862076686323803e+01,2.986318186772084005e+01,3.288880112936972466e+01,3.672847770373061138e+01,4.097995919988149893e+01,4.512274477233624737e+01,4.851504215178586321e+01,5.039017700458646942e+01,4.985234851272127798e+01
2.747977044778430766e+01,2.812558048645525943e+01,3.006301060246810408e+01,3.310886119391959426e+01,3.697421204645495862e+01,4.125412060582965523e+01,4.542460499301154897e+01,4.883958064793173293e+01,5.072724563557844846e+01,5.018580779872596054e+01
2.766365693316664576e+01,2.831378543151866012e+01,3.026417092657471386e+01,3.333038863090841630e+01,3.722158610104069965e+01,4.153011259317666770e+01,4.572848187266530573e+01,4.916628833657738085e+01,5.106656810790295253e+01,5.052149757333829427e+01
2.784876835499713721e+01,2.850324428724303161e+01,3.046667208398071480e+01,3.355339356204117252e+01,3.747061110155603103e+01,4.180794762450306479e+01,4.603438906505113692e+01,4.949517983573947078e+01,5.140815955005675164e+01,5.085943275615909442e+01
2.803511324490084178e+01,2.869396577317031571e+01,3.067052335797873397e+01,3.377788615627978430e+01,3.772129833946162591e+01,4.208763823121441305e+01,4.634234030428309126e+01,4.982626985398181318e+01,5.175203518821564330e+01,5.119962836658542926e+01
2.822270016901872580e+01,2.888595864500820198e+01,3.087573407297662698e+01,3.400387663152299211e+01,3.797365916517858153e+01,4.236919701497129154e+01,4.665234940610480407e+01,5.015957319150349747e+01,5.209821034712226862e+01,5.154209952447821763e+01
2.841153772974278624e+01,2.907923169635005678e+01,3.108231359617186840e+01,3.423137525620651900e+01,3.822770498958781360e+01,4.265263664906409957e+01,4.696443026911835261e+01,5.049510474120197046e+01,5.244670045096423650e+01,5.188686145083418921e+01
2.860163456736241372e+01,2.927379376030777536e+01,3.129027133914385317e+01,3.446039235082906771e+01,3.848344728546587135e+01,4.293796987973678370e+01,4.727859687597569405e+01,5.083287948971322834e+01,5.279752102424340876e+01,5.223392946846235674e+01
2.879299936162810170e+01,2.946965371106348996e+01,3.149961675936966188e+01,3.469093828940925306e+01,3.874089758886151458e+01,4.322520952746300793e+01,4.759486329453574172e+01,5.117291251843104760e+01,5.315068769263757531e+01,5.258331900266509251e+01
2.898564083323822516e+01,2.966682046534585382e+01,3.171035936166873270e+01,3.492302350087832252e+01,3.900006750041725923e+01,4.351436848817834857e+01,4.791324367898931058e+01,5.151521900450673286e+01,5.350621618385498834e+01,5.293504558192366005e+01
2.917956774525427477e+01,2.986530298383602045e+01,3.192250869958125392e+01,3.515665847041321257e+01,3.926096868663992012e+01,4.380545973447163277e+01,4.823375227095473150e+01,5.185981422183122191e+01,5.386412232848288539e+01,5.328912483858833582e+01
2.937478890444930357e+01,3.006511027250823176e+01,3.213607437668501632e+01,3.539185374071409740e+01,3.952361288112366822e+01,4.409849631673842651e+01,4.855640340054610959e+01,5.220671354200100467e+01,5.422442206083057670e+01,5.364557250957329870e+01
2.957131316259447829e+01,3.026625138390959435e+01,3.235106604785494255e+01,3.562861991323032385e+01,3.978801188572908387e+01,4.439349136429957099e+01,4.888121148741656441e+01,5.255593243526910641e+01,5.458713141976778616e+01,5.400440443705591065e+01
