3.504369798233586408e-02,1.362939351042559588e+00,5.346626310223230760e+00,1.188890626594535682e+01,2.000000000000000000e+01
1.033135170517720525e-01,1.503120902504528456e+00,5.702543058862797665e+00,1.245349758792820438e+01,2.006677790133751671e+01
2.031392146156279777e-01,1.667683491525649320e+00,6.061316322255713374e+00,1.295633294759218224e+01,2.013377876708038627e+01
3.319501226821908735e-01,1.853573769617709033e+00,6.418444710424263455e+00,1.340757501967448206e+01,2.020100334168336076e+01
4.866988614563923510e-01,2.057734414274757562e+00,6.770841072729853138e+00,1.381548582901234035e+01,2.026845237208684836e+01
6.641510020451887319e-01,2.277225231527480798e+00,7.116447919974357106e+00,1.418681351718598016e+01,2.033612660772521963e+01
8.610780485554165864e-01,2.509296710777251249e+00,7.453952697442755237e+00,1.452709520355480244e+01,2.040402680053511375e+01
1.074381259625434515e+00,2.751430328627692212e+00,7.782577535634465526e+00,1.484089502237638847e+01,2.047215370496382292e+01
1.301166503327852553e+00,3.001355997469938863e+00,8.101924479896197795e+00,1.513199193558841849e+01,2.054050807797765188e+01
1.538784900310152137e+00,3.257054171062335968e+00,8.411861983318887681e+00,1.540352851370040455e+01,2.060909067907033787e+01
1.784849980365028399e+00,3.516747994004909117e+00,8.712442034924551493e+00,1.565812928392467107e+01,2.067790227027148120e+01
2.037239099444915880e+00,3.778889320813044517e+00,9.003839984917430428e+00,1.589799526795420270e+01,2.074694361615503269e+01
2.294084669441920354e+00,4.042141288152198975e+00,9.286311144283034835e+00,1.612497982266375018e+01,2.081621548384776332e+01
2.553759141281144451e+00,4.305359292309533181e+00,9.560159745394699371e+00,1.634064974283057126e+01,2.088571864303780856e+01
2.814856503053272174e+00,4.567571622252501129e+00,9.825716979850188437e+00,1.654633470054119826e+01,2.095545386598320547e+01
3.076172197007181364e+00,4.827960566358940220e+00,1.008332567441421723e+01,1.674316741677930054e+01,2.102542192752048322e+01
3.336682738629935141e+00,5.085844503215146695e+00,1.033332979697078180e+01,1.693211643792310284e+01,2.109562360507326062e+01
3.595525875445924502e+00,5.340661270414966744e+00,1.057606745532209302e+01,1.711401298647881930e+01,2.116605967866091120e+01
3.851981806191486779e+00,5.591952955317382568e+00,1.081186640269507038e+01,1.728957304322791444e+01,2.123673093090719277e+01
4.105455758206136174e+00,5.839352149927306002e+00,1.104104132509081460e+01,1.745941557571291369e+01,2.130763814704896930e+01
4.355462066672126653e+00,6.082569644944703313e+00,1.126389237976243329e+01,1.762407763938143646e+01,2.137878211494492575e+01
4.601609794822993926e+00,6.321383495641783590e+00,1.148070459809815347e+01,1.778402693037550009e+01,2.145016362508432906e+01
4.843589865477304635e+00,6.555629367292012510e+00,1.169174787273613525e+01,1.793967225345060612e+01,2.152178347059580332e+01
5.081163630974093515e+00,6.785192055073105522e+00,1.189727732737014065e+01,1.809137227762120403e+01,2.159364244725614412e+01
5.314152783271678615e+00,7.009998068841824193e+00,1.209753392555226092e+01,1.823944288033197481e+01,2.166574135349917185e+01
5.542430493136966341e+00,7.230009174151274642e+00,1.229274521719420044e+01,1.838416332400914044e+01,2.173808099042457798e+01
5.765913663019243351e+00,7.445216785364135781e+00,1.248312615239881573e+01,1.852578146349433297e+01,2.181066216180685302e+01
5.984556179504271434e+00,7.655637113302138808e+00,1.266887991469574182e+01,1.866451814659362540e+01,2.188348567410420742e+01
6.198343056133402307e+00,7.861306977582178668e+00,1.285019874192850864e+01,1.880057094084424207e+01,2.195655233646752080e+01
6.407285364400803651e+00,8.062280201950480674e+00,1.302726471459951263e+01,1.893411729610748040e+01,2.202986296074935524e+01
6.611415858900670628e+00,8.258624519088719751e+00,1.320025049965286534e+01,1.906531723356785335e+01,2.210341836151295425e+01
6.810785211194755107e+00,8.450418919240160420e+00,1.336932004337637636e+01,1.919431563624360138e+01,2.217721935604130223e+01
7.005458775547636741e+00,8.637751384412927891e+00,1.353462921100880223e+01,1.932124420347795635e+01,2.225126676434621231e+01
7.195513817936663337e+00,8.820716956764176331e+00,1.369632637324671620e+01,1.944622312152302612e+01,2.232556140917742482e+01
7.381037147505213447e+00,8.999416096010094179e+00,1.385455294152473904e+01,1.956936249380625981e+01,2.240010411603176266e+01
7.562123096793789578e+00,9.173953286336340440e+00,1.400944385496399391e+01,1.969076356743307699e+01,2.247489571316229018e+01
7.738871803610894773e+00,9.344435858319101840e+00,1.416112802244372304e+01,1.981051978664962121e+01,2.254993703158751472e+01
7.911387753290220815e+00,9.510972995841171951e+00,1.430972872349402536e+01,1.992871769914483338e+01,2.262522890510064144e+01
8.079778545341982365e+00,9.673674901940838566e+00,1.445536397173740717e+01,2.004543773703232290e+01,2.270077217027882099e+01
8.244153853179197355e+00,9.832652101008862999e+00,1.459814684449785993e+01,2.016075489097712037e+01,2.277656766649243636e+01
8.404624549727531146e+00,9.988014857796027712e+00,1.473818578200151741e+01,2.027473929310357548e+01,2.285261623591445357e+01
8.561301975357434202e+00,1.013987269635551769e+01,1.487558485934976815e+01,2.038745672194492542e+01,2.292891872352975113e+01
8.714297327757485334e+00,1.028833400436306711e+01,1.501044403417981421e+01,2.049896904069515102e+01,2.300547597714454895e+01
8.863721156145349056e+00,1.043350571027307971e+01,1.514285937265627169e+01,2.060933457833715465e+01,2.308228884739576614e+01
9.009682944631983048e+00,1.057549302251701384e+01,1.527292325617210800e+01,2.071860846179642124e+01,2.315935818776053878e+01
9.152290771656984347e+00,1.071439922146402424e+01,1.540072457088514568e+01,2.082684290606337640e+01,2.323668485456565946e+01
9.291651034236457107e+00,1.085032549617269737e+01,1.552634888198142171e+01,2.093408746820594502e+01,2.331426970699712342e+01
9.427868227343578766e+00,1.098337081909302348e+01,1.564987859434136119e+01,2.104038927032654271e+01,2.339211360710962495e+01
9.561044770107143265e+00,1.111363185285265054e+01,1.577139310108917591e+01,2.114579319578111338e+01,2.347021741983620657e+01
9.691280871692056209e+00,1.124120288410162516e+01,1.589096892133033023e+01,2.125034206235126533e+01,2.354858201299780163e+01
9.818674430742513337e+00,1.136617578011313867e+01,1.600867982822501645e+01,2.135407677552723271e+01,2.362720825731291541e+01
9.943320963144673286e+00,1.148863996446010205e+01,1.612459696840639012e+01,2.145703646460485814e+01,2.370609702640730987e+01
1.006531355361991942e+01,1.160868240862227019e+01,1.623878897362932250e+01,2.155925860391233684e+01,2.378524919682366345e+01
1.018474282730869795e+01,1.172638763683830554e+01,1.635132206542713007e+01,2.166077912115177284e+01,2.386466564803134816e+01
1.030169693806268505e+01,1.184183774191170357e+01,1.646226015345875737e+01,2.176163249455827753e+01,2.394434726243620304e+01
1.041626157064238356e+01,1.195511241001818448e+01,1.657166492814558723e+01,2.186185184033806905e+01,2.402429492539031486e+01
1.052851995442862254e+01,1.206628895285259517e+01,1.667959594812451485e+01,2.196146899164084587e+01,2.410450952520186974e+01
1.063855288660964682e+01,1.217544234570230444e+01,1.678611072298027906e+01,2.206051457014535799e+01,2.418499195314502970e+01
1.074643876310827117e+01,1.228264527024743558e+01,1.689126479166493056e+01,2.215901805118617673e+01,2.426574310346981989e+01
1.085225361577324144e+01,1.238796816107096710e+01,1.699511179696414231e+01,2.225700782322046578e+01,2.434676387341206549e+01
1.095607115458147085e+01,1.249147925501813106e+01,1.709770355632811345e+01,2.235451124232296749e+01,2.442805516320339621e+01
1.105796281378823664e+01,1.259324464267829491e+01,1.719909012934846970e+01,2.245155468230258577e+01,2.450961787608118669e+01
1.115799780112567419e+01,1.269332832137696698e+01,1.729931988213084182e+01,2.254816358095270701e+01,2.459145291829864632e+01
1.125624314928931291e+01,1.279179224916328472e+01,1.739843954878519838e+01,2.264436248287778852e+01,2.467356119913486268e+01
1.135276376907185103e+01,1.288869639936189593e+01,1.749649429023203240e+01,2.274017507927891657e+01,2.475594363090491612e+01
1.144762250360528810e+01,1.298409881532936616e+01,1.759352775050160034e+01,2.283562424502977706e+01,2.483860112897000150e+01
1.154088018325970211e+01,1.307805566511608575e+01,1.768958211068523312e+01,2.293073207333051755e+01,2.492153461174761730e+01
1.163259568082127515e+01,1.317062129578640217e+01,1.778469814068178323e+01,2.302551990818901828e+01,2.500474500072175843e+01
1.172282596663563758e+01,1.326184828719383013e+01,1.787891524886840955e+01,2.312000837494676375e+01,2.508823322045315507e+01
1.181162616345670280e+01,1.335178750504574552e+01,1.797227152981286835e+01,2.321421740903840814e+01,2.517200019858955784e+01
1.189904960078716556e+01,1.344048815312378764e+01,1.806480381013365744e+01,2.330816628315020012e+01,2.525604686587602643e+01
1.198514786853595204e+01,1.352799782455326394e+01,1.815654769260520496e+01,2.340187363292164235e+01,2.534037415616528222e+01
1.206997086985141721e+01,1.361436255203781975e+01,1.824753759859703095e+01,2.349535748131705049e+01,2.542498300642809284e+01
1.215356687301707517e+01,1.369962685699493044e+01,1.833780680892849446e+01,2.358863526177819026e+01,2.550987435676365678e+01
1.223598256232079429e+01,1.378383379754422755e+01,1.842738750321452201e+01,2.368172384025599797e+01,2.559504915041007678e+01
1.231726308782855206e+01,1.386702501531439324e+01,1.851631079777191502e+01,2.377463953620788573e+01,2.568050833375482966e+01
1.239745211401103653e+01,1.394924078104598841e+01,1.860460678215084585e+01,2.386739814263728832e+01,2.576625285634526819e+01
1.247659186718573388e+01,1.403052003897724198e+01,1.869230455435176452e+01,2.396001494524352182e+01,2.585228367089919743e+01
1.255472318174935431e+01,1.411090045000796778e+01,1.877943225478380640e+01,2.405250474074259159e+01,2.593860173331543706e+01
1.263188554518550610e+01,1.419041843364345468e+01,1.886601709901729862e+01,2.414488185441317825e+01,2.602520800268445811e+01
1.270811714184113583e+01,1.426910920872579425e+01,1.895208540937976949e+01,2.423716015691645609e+01,2.611210344129904470e+01
1.278345489547223224e+01,1.434700683296463808e+01,1.903766264544185205e+01,2.432935308043348854e+01,2.619928901466494509e+01
1.285793451056517434e+01,1.442414424128310912e+01,1.912277343343691172e+01,2.442147363415976713e+01,2.628676569151166831e+01
1.293159051244489355e+01,1.450055328299764490e+01,1.920744159465590073e+01,2.451353441919270537e+01,2.637453444380317791e+01
1.300445628618498972e+01,1.457626475785289344e+01,1.929169017285660814e+01,2.460554764284470863e+01,2.646259624674873834e+01
1.307656411433809573e+01,1.465130845093472622e+01,1.937554146072461947e+01,2.469752513241161651e+01,2.655095207881373653e+01
1.314794521350727052e+01,1.472571316648580364e+01,1.945901702542139944e+01,2.478947834842373510e+01,2.663960292173054611e+01
1.321862976978138704e+01,1.479950676064935067e+01,1.954213773325323800e+01,2.488141839740459815e+01,2.672854976050944131e+01
1.328864697305880327e+01,1.487271617316741690e+01,1.962492377349326134e+01,2.497335604416058530e+01,2.681779358344955000e+01
1.335802505028492249e+01,1.494536745806049716e+01,1.970739468138722117e+01,2.506530172362280950e+01,2.690733538214982445e+01
1.342679129763012646e+01,1.501748581331571408e+01,1.978956936037247161e+01,2.515726555226120809e+01,2.699717615152006545e+01
1.349497211163497035e+01,1.508909560961078888e+01,1.987146610353824627e+01,2.524925733908937886e+01,2.708731688979195340e+01
1.356259301934998973e+01,1.516022041810104426e+01,1.995310261435420784e+01,2.534128659627744895e+01,2.717775859853018261e+01
1.362967870749765353e+01,1.523088303729652182e+01,2.003449602669312668e+01,2.543336254938929031e+01,2.726850228264355636e+01
1.369625305068389309e+01,1.530110551905603522e+01,2.011566292417245805e+01,2.552549414725929466e+01,2.735954895039616730e+01
1.376233913868652792e+01,1.537090919372457876e+01,2.019661935883873127e+01,2.561769007152309996e+01,2.745089961341859564e+01
1.382795930284770769e+01,1.544031469444017191e+01,2.027738086921756278e+01,2.570995874581583962e+01,2.754255528671914277e+01
1.389313514159712959e+01,1.550934198063569625e+01,2.035796249775139444e+01,2.580230834465077194e+01,2.763451698869512541e+01
1.395788754513234231e+01,1.557801036076078738e+01,2.043837880764612791e+01,2.589474680199044698e+01,2.772678574114417316e+01
1.402223671928206805e+01,1.564633851424830624e+01,2.051864389914702258e+01,2.598728181952200700e+01,2.781936256927560436e+01
1.408620220857788219e+01,1.571434451274930488e+01,2.059877142526357474e+01,2.607992087464760189e+01,2.791224850172179117e+01
1.414980291855909122e+01,1.578204584065987603e+01,2.067877460696222869e+01,2.617267122820042147e+01,2.800544457054960645e+01
1.421305713733509002e+01,1.584945941496262378e+01,2.075866624784523040e+01,2.626553993189633829e+01,2.809895181127187413e+01
1.427598255642882741e+01,1.591660160440491367e+01,2.083845874833317424e+01,2.635853383553076412e+01,2.819277126285891555e+01
1.433859629092454036e+01,1.598348824803545298e+01,2.091816411936819264e+01,2.645165959392981136e+01,2.828690396775003535e+01
1.440091489894208543e+01,1.605013467312010178e+01,2.099779399565414550e+01,2.654492367366458083e+01,2.838135097186514244e+01
1.446295440045986425e+01,1.611655571245730201e+01,2.107735964844961174e+01,2.663833235953693190e+01,2.847611332461637801e+01
1.452473029550742467e+01,1.618276572111278711e+01,2.115687199792887085e+01,2.673189176084479257e+01,2.857119207891973645e+01
1.458625758174850340e+01,1.624877859259277102e+01,2.123634162512557921e+01,2.682560781743479339e+01,2.866658829120680352e+01
1.464755077147444240e+01,1.631460777447415467e+01,2.131577878347329147e+01,2.691948630554957589e+01,2.876230302143647322e+01
1.470862390802743924e+01,1.638026628350971947e+01,2.139519340995655838e+01,2.701353284347699457e+01,2.885833733310673921e+01
1.476949058167242868e+01,1.644576672022576602e+01,2.147459513588577451e+01,2.710775289700806212e+01,2.895469229326648986e+01
1.483016394493589196e+01,1.651112128302905191e+01,2.155399329730852997e+01,2.720215178471021744e+01,2.905136897252738493e+01
1.489065672742925450e+01,1.657634178183939611e+01,2.163339694506982269e+01,2.729673468302231143e+01,2.914836844507574654e+01
1.495098125017403312e+01,1.664143965126375946e+01,2.171281485453293669e+01,2.739150663117747797e+01,2.924569178868448915e+01
1.501114943944529756e+01,1.670642596332711705e+01,2.179225553497257550e+01,2.748647253595974504e+01,2.934334008472509936e+01
1.507117284014951508e+01,1.677131143977495498e+01,2.187172723865127466e+01,2.758163717630007739e+01,2.944131441817965111e+01
1.513106262875234798e+01,1.683610646396171617e+01,2.195123796958981899e+01,2.767700520771739292e+01,2.953961587765285302e+01
1.519082962577142304e+01,1.690082109233907204e+01,2.203079549204201726e+01,2.777258116660982523e+01,2.963824555538415595e+01
1.525048430784863740e+01,1.696546506555743505e+01,2.211040733868382802e+01,2.786836947440130530e+01,2.973720454725988205e+01
1.531003681941611205e+01,1.703004781919370814e+01,2.219008081852649283e+01,2.796437444154844343e+01,2.983649395282540695e+01
1.536949698396936093e+01,1.709457849411776920e+01,2.226982302456299934e+01,2.806060027141243296e+01,2.993611487529736692e+01
1.542887431496089334e+01,1.715906594650989092e+01,2.234964084115688365e+01,2.815705106400058000e+01,3.003606842157592638e+01
1.548817802632700591e+01,1.722351875754077355e+01,2.242954095118208002e+01,2.825373081958186461e+01,3.013635570225707028e+01
1.554741704266002422e+01,1.728794524272556998e+01,2.250952984292220904e+01,2.835064344218084287e+01,3.023697783164495334e+01
1.560660000903796174e+01,1.735235346096283493e+01,2.258961381673745805e+01,2.844779274295397542e+01,3.033793592776426706e+01
1.566573530052309415e+01,1.741675122326903846e+01,2.266979899150687316e+01,2.854518244345241484e+01,3.043923111237267420e+01
1.572483103134056215e+01,1.748114610121884027e+01,2.275009131085367287e+01,2.864281617877506392e+01,3.054086451097327171e+01
1.578389506374783480e+01,1.754554543510109355e+01,2.283049654916086979e+01,2.874069750061563511e+01,3.064283725282708559e+01
1.584293501660532932e+01,1.760995634180007841e+01,2.291102031738432743e+01,2.883882988020728888e+01,3.074515047096562981e+01
1.590195827365836045e+01,1.767438572241127659e+01,2.299166806867002322e+01,2.893721671116833960e+01,3.084780530220349348e+01
1.596097199154005608e+01,1.773884026960060112e+01,2.307244510378223623e+01,2.903586131225233657e+01,3.095080288715096373e+01
1.601998310750470011e+01,1.780332647471575314e+01,2.315335657634890865e+01,2.913476693000582429e+01,3.105414437022671947e+01
1.607899834690050156e+01,1.786785063465798373e+01,2.323440749793043025e+01,2.923393674133680875e+01,3.115783089967052533e+01
1.613802423039065204e+01,1.793241885852244621e+01,2.331560274291782875e+01,2.933337385599703140e+01,3.126186362755598225e+01
1.619706708093113434e+01,1.799703707401485886e+01,2.339694705326602886e+01,2.943308131898091773e+01,3.136624370980337773e+01
1.625613303051339997e+01,1.806171103365201347e+01,2.347844504306784685e+01,2.953306211284403204e+01,3.147097230619246488e+01
1.631522802667997141e+01,1.812644632075348383e+01,2.356010120297402111e+01,2.963331915994375620e+01,3.157605058037539791e+01
1.637435783882050799e+01,1.819124835523151162e+01,2.364191990446452252e+01,2.973385532460482850e+01,3.168147969988963553e+01
1.643352806425581392e+01,1.825612239918589452e+01,2.372390540397612924e+01,2.983467341521226501e+01,3.178726083617092613e+01
1.649274413411690787e+01,1.832107356231046680e+01,2.380606184689114713e+01,2.993577618623412562e+01,3.189339516456631074e+01
1.655201131902600409e+01,1.838610680711748557e+01,2.388839327139193003e+01,3.003716634017649412e+01,3.199988386434720411e+01
1.661133473458623300e+01,1.845122695398611512e+01,2.397090361218575794e+01,3.013884652947297482e+01,3.210672811872247223e+01
1.667071934668639699e+01,1.851643868604090315e+01,2.405359670410442163e+01,3.024081935831087620e+01,3.221392911485160226e+01
1.673016997662708505e+01,1.858174655386600449e+01,2.413647628558276281e+01,3.034308738439626296e+01,3.232148804385786889e+01
1.678969130607414328e+01,1.864715498006066596e+01,2.421954600202023755e+01,3.044565312065992657e+01,3.242940610084158948e+01
1.684928788184532422e+01,1.871266826364135838e+01,2.430280940902946440e+01,3.054851903690628134e+01,3.253768448489340415e+01
1.690896412053576015e+01,1.877829058429570708e+01,2.438626997557554787e+01,3.065168756140707274e+01,3.264632439910757711e+01
1.696872431298765704e+01,1.884402600649321968e+01,2.446993108700991471e+01,3.075516108244179492e+01,3.275532705059539040e+01
1.702857262860950982e+01,1.890987848345766764e+01,2.455379604800214466e+01,3.085894194978664373e+01,3.286469365049852343e+01
1.708851311954990493e+01,1.897585186100575427e+01,2.463786808537330586e+01,3.096303247615366061e+01,3.297442541400256744e+01
1.714854972473074213e+01,1.904194988125658128e+01,2.472215035083410228e+01,3.106743493858186156e+01,3.308452356035044062e+01
1.720868627374475324e+01,1.910817618621631198e+01,2.480664592363098819e+01,3.117215157978182916e+01,3.319498931285603760e+01
1.726892649062177654e+01,1.917453432124219859e+01,2.489135781310347184e+01,3.127718460943551193e+01,3.330582389891772976e+01
1.732927399746825969e+01,1.924102773839006275e+01,2.497628896115546837e+01,3.138253620545258116e+01,3.341702855003205741e+01
1.738973231798430774e+01,1.930765979964916212e+01,2.506144224464372527e+01,3.148820851518491892e+01,3.352860450180741481e+01
1.745030488086228004e+01,1.937443378006821604e+01,2.514682047768602757e+01,3.159420365660061236e+01,3.364055299397772814e+01
1.751099502307111422e+01,1.944135287077632412e+01,2.523242641389195740e+01,3.170052371941882186e+01,3.375287527041629687e+01
1.757180599303007185e+01,1.950842018190224181e+01,2.531826274851875169e+01,3.180717076620684125e+01,3.386557257914956409e+01
1.763274095367572514e+01,1.957563874539551207e+01,2.540433212055486578e+01,3.191414683344064684e+01,3.397864617237101470e+01
1.769380298542577279e+01,1.964301151775273269e+01,2.549063711473361948e+01,3.202145393253017147e+01,3.409209730645506653e+01
1.775499508904308499e+01,1.971054138265214206e+01,2.557718026347931328e+01,3.212909405081040859e+01,3.420592724197103962e+01
1.781632018840353382e+01,1.977823115349966798e+01,2.566396404878807758e+01,3.223706915249968574e+01,3.432013724369716812e+01
1.787778113317061113e+01,1.984608357588938077e+01,2.575099090404568614e+01,3.234538117962600978e+01,3.443472858063464770e+01
1.793938070138019825e+01,1.991410132998125704e+01,2.583826321578443697e+01,3.245403205292264914e+01,3.454970252602173986e+01
1.800112160193834754e+01,1.998228703279905005e+01,2.592578332538115760e+01,3.256302367269410780e+01,3.466506035734790458e+01
1.806300647703515594e+01,2.005064324045094892e+01,2.601355353069833498e+01,3.267235791965325120e+01,3.478080335636801124e+01
1.812503790447740926e+01,2.011917245027562728e+01,2.610157608767028492e+01,3.278203665573078496e+01,3.489693280911656359e+01
1.818721839994291045e+01,2.018787710291623583e+01,2.618985321183621195e+01,3.289206172485786084e+01,3.501345000592202439e+01
1.824955041915896814e+01,2.025675958432471191e+01,2.627838707982193966e+01,3.300243495372281188e+01,3.513035624142109725e+01
1.831203636000774182e+01,2.032582222769882918e+01,2.636717983077209482e+01,3.311315815250287642e+01,3.524765281457317201e+01
1.837467856456078152e+01,2.039506731535417217e+01,2.645623356773434054e+01,3.322423311557172099e+01,3.536534102867469898e+01
1.843747932104531984e+01,2.046449708053333083e+01,2.654555035899735671e+01,3.333566162218360773e+01,3.548342219137373377e+01
1.850044086574440527e+01,2.053411370915431533e+01,2.663513223938405261e+01,3.344744543713495233e+01,3.560189761468437553e+01
1.856356538483328222e+01,2.060391934150036519e+01,2.672498121150161765e+01,3.355958631140415349e+01,3.572076861500146805e+01
1.862685501615414552e+01,2.067391607385304653e+01,2.681509924694974956e+01,3.367208598277026965e+01,3.584003651311510907e+01
1.869031185093123781e+01,2.074410596007056995e+01,2.690548828748856636e+01,3.378494617641139541e+01,3.595970263422540114e+01
1.875393793542843213e+01,2.081449101311320860e+01,2.699615024616753800e+01,3.389816860548332045e+01,3.607976830795713852e+01
1.881773527255116107e+01,2.088507320651755350e+01,2.708708700841673078e+01,3.401175497167919559e+01,3.620023486837460069e+01
1.888170582339462200e+01,2.095585447582138272e+01,2.717830043310166488e+01,3.412570696577085982e+01,3.632110365399636009e+01
1.894585150874001656e+01,2.102683671994076064e+01,2.726979235354299291e+01,3.424002626813241790e+01,3.644237600781017505e+01
1.901017421050062595e+01,2.109802180250101955e+01,2.736156457850220036e+01,3.435471454924661572e+01,3.656405327728789700e+01
1.907467577311940587e+01,2.116941155312317591e+01,2.745361889313448245e+01,3.446977347019475957e+01,3.668613681440041319e+01
1.913935800491971762e+01,2.124100776866725582e+01,2.754595705990987042e+01,3.458520468313054153e+01,3.680862797563274569e+01
1.920422267941076555e+01,2.131281221443400753e+01,2.763858081950372636e+01,3.470100983173844611e+01,3.693152812199905810e+01
1.926927153654935054e+01,2.138482662532641854e+01,2.773149189165762962e+01,3.481719055167722132e+01,3.705483861905779008e+01
1.933450628395927495e+01,2.145705270697235889e+01,2.782469197601161071e+01,3.493374847100890435e+01,3.717856083692684166e+01
1.939992859811001935e+01,2.152949213680970075e+01,2.791818275290875206e+01,3.505068521061392062e+01,3.730269615029880015e+01
1.946554012545582069e+01,2.160214656513513631e+01,2.801196588417308675e+01,3.516800238459269679e+01,3.742724593845620262e+01
1.953134248353674707e+01,2.167501761611797662e+01,2.810604301386166171e+01,3.528570160065424233e+01,3.755221158528686232e+01
1.959733726204285276e+01,2.174810688878005394e+01,2.820041576899165747e+01,3.540378446049221139e+01,3.767759447929925187e+01
1.966352602384275272e+01,2.182141595794292144e+01,2.829508576024342759e+01,3.552225256014877175e+01,3.780339601363793633e+01
1.972991030597782114e+01,2.189494637514342301e+01,2.839005458264023218e+01,3.564110749036675685e+01,3.792961758609902745e+01
1.979649162062313295e+01,2.196869966951872044e+01,2.848532381620548293e+01,3.576035083693044214e+01,3.805626059914573744e+01
1.986327145601629596e+01,2.204267734866178685e+01,2.858089502659825243e+01,3.587998418099545006e+01,3.818332645992396834e+01
1.993025127735525714e+01,2.211688089944838964e+01,2.867676976572778713e+01,3.600000909940796845e+01,3.831081658027792258e+01
1.999743252766611690e+01,2.219131178883651145e+01,2.877294957234769512e+01,3.612042716501382245e+01,3.843873237676579890e+01
2.006481662864200288e+01,2.226597146463914356e+01,2.886943597263056915e+01,3.624123994695764850e+01,3.856707527067554508e+01
2.013240498145390589e+01,2.234086135627133629e+01,2.896623048072362749e+01,3.636244901097246895e+01,3.869584668804063199e+01
2.020019896753452571e+01,2.241598287547241242e+01,2.906333459928607255e+01,3.648405591966017170e+01,3.882504805965591288e+01
2.026819994933593350e+01,2.249133741700413580e+01,2.916074982000874982e+01,3.660606223276293747e+01,3.895468082109351826e+01
2.033640927106200991e+01,2.256692635932569502e+01,2.925847762411675390e+01,3.672846950742619754e+01,3.908474641271879335e+01
2.040482825937648315e+01,2.264275106524623027e+01,2.935651948285547164e+01,3.685127929845317141e+01,3.921524627970631371e+01
2.047345822408739480e+01,2.271881288255572429e+01,2.945487685796071275e+01,3.697449315855143226e+01,3.934618187205594353e+01
2.054230045880876432e+01,2.279511314463492866e+01,2.955355120211341813e+01,3.709811263857170616e+01,3.947755464460895780e+01
2.061135624160030844e+01,2.287165317104510009e+01,2.965254395937947152e+01,3.722213928773917502e+01,3.960936605706415747e+01
2.068062683558581583e+01,2.294843426809814346e+01,2.975185656563512993e+01,3.734657465387754627e+01,3.974161757399416928e+01
2.075011348955101198e+01,2.302545772940790059e+01,2.985149044897856996e+01,3.747142028362610944e+01,3.987431066486164610e+01
2.081981743852159994e+01,2.310272483642319230e+01,2.995144703012797294e+01,3.759667772265006391e+01,4.000744680403563081e+01
2.088973990432207373e+01,2.318023685894321773e+01,3.005172772280664617e+01,3.772234851584432391e+01,4.014102747080792000e+01
2.095988209611602215e+01,2.325799505561592539e+01,3.015233393411563156e+01,3.784843420753096410e+01,4.027505414940953443e+01
2.103024521092851984e+01,2.333600067441993531e+01,3.025326706489418171e+01,3.797493634165066112e+01,4.040952832902715386e+01
2.110083043415120940e+01,2.341425495313054128e+01,3.035452851006852981e+01,3.810185646194818787e+01,4.054445150381972240e+01
2.117163894003070013e+01,2.349275911977036557e+01,3.045611965898936901e+01,3.822919611215226610e+01,4.067982517293501132e+01
2.124267189214072360e+01,2.357151439304514184e+01,3.055804189575838947e+01,3.835695683614989804e+01,4.081565084052630255e+01
2.131393044383883151e+01,2.365052198276519846e+01,3.066029659954429576e+01,3.848514017815542587e+01,4.095193001576905800e+01
2.138541573870785939e+01,2.372978309025304355e+01,3.076288514488859960e+01,3.861374768287445391e+01,4.108866421287775239e+01
2.145712891098292019e+01,2.380929890873758481e+01,3.086580890200157867e+01,3.874278089566283256e+01,4.122585495112264908e+01
2.152907108596428998e+01,2.388907062373539247e+01,3.096906923704870707e+01,3.887224136268088870e+01,4.136350375484668973e+01
2.160124338041667968e+01,2.396909941341948880e+01,3.107266751242790548e+01,3.900213063104297362e+01,4.150161215348244781e+01
2.167364690295541152e+01,2.404938644897603339e+01,3.117660508703789546e+01,3.913245024896263402e+01,4.164018168156911059e+01
2.174628275441982339e+01,2.412993289494936988e+01,3.128088331653800935e+01,3.926320176589344157e+01,4.177921387876951087e+01
2.181915202823446975e+01,2.421073990957576427e+01,3.138550355359964783e+01,3.939438673266565871e+01,4.191871028988728654e+01
2.189225581075844573e+01,2.429180864510628624e+01,3.149046714814980064e+01,3.952600670161892538e+01,4.205867246488399047e+01
2.196559518162328573e+01,2.437314024811915658e+01,3.159577544760677625e+01,3.965806322673102358e+01,4.219910195889634963e+01
2.203917121405972424e+01,2.445473585982190912e+01,3.170142979710846376e+01,3.979055786374291870e+01,4.234000033225349569e+01
2.211298497521387318e+01,2.453659661634375766e+01,3.180743153973342174e+01,3.992349217028021258e+01,4.248136915049437334e+01
2.218703752645296845e+01,2.461872364901846311e+01,3.191378201671494352e+01,4.005686770597104385e+01,4.262320998438509889e+01
2.226132992366121854e+01,2.470111808465800962e+01,3.202048256764837930e+01,4.019068603256067718e+01,4.276552440993636850e+01
2.233586321752595083e+01,2.478378104581746300e+01,3.212753453069201015e+01,4.032494871402280978e+01,4.290831400842107257e+01
2.241063845381448516e+01,2.486671365105124920e+01,3.223493924276154132e+01,4.045965731666770182e+01,4.305158036639174668e+01
2.248565667364199427e+01,2.494991701516114802e+01,3.234269803971861990e+01,4.059481340924735804e+01,4.319532507569830670e+01
2.256091891373064584e+01,2.503339224943633923e+01,3.245081225655341939e+01,4.073041856305766828e+01,4.333954973350564899e+01
2.263642620666040273e+01,2.511714046188568972e+01,3.255928322756155069e+01,4.086647435203780532e+01,4.348425594231146363e+01
2.271217958111163782e+01,2.520116275746261891e+01,3.266811228651556576e+01,4.100298235286683735e+01,4.362944530996401937e+01
2.278818006209995062e+01,2.528546023828273448e+01,3.277730076683108962e+01,4.113994414505772568e+01,4.377511944967999113e+01
2.286442867120340949e+01,2.537003400383453311e+01,3.288685000172790041e+01,4.127736131104877870e+01,4.392127998006242251e+01
2.294092642678245397e+01,2.545488515118335471e+01,3.299676132438604981e+01,4.141523543629261184e+01,4.406792852511873804e+01
2.301767434419273073e+01,2.554001477516885288e+01,3.310703606809721578e+01,4.155356810934276979e+01,4.421506671427869151e+01
2.309467343599112610e+01,2.562542396859620553e+01,3.321767556641145092e+01,4.169236092193803955e+01,4.436269618241258428e+01
2.317192471213514082e+01,2.571111382242123611e+01,3.332868115327951841e+01,4.183161546908456785e+01,4.451081856984935570e+01
2.324942918017598004e+01,2.579708542592970133e+01,3.344005416319086521e+01,4.197133334913580427e+01,4.465943552239482983e+01
2.332718784544536916e+01,2.588333986691090516e+01,3.355179593130750959e+01,4.211151616387041940e+01,4.480854869135001195e+01
2.340520171123653270e+01,2.596987823182587007e+01,3.366390779359388574e+01,4.225216551856819791e+01,4.495815973352943473e+01
2.348347177897933236e+01,2.605670160597020768e+01,3.377639108694283010e+01,4.239328302208406285e+01,4.510827031127952580e+01
2.356199904840991621e+01,2.614381107363189116e+01,3.388924714929780890e+01,4.253487028692018157e+01,4.525888209249715999e+01
2.364078451773497136e+01,2.623120771824412145e+01,3.400247731977157173e+01,4.267692892929634496e+01,4.540999675064811214e+01
2.371982918379077887e+01,2.631889262253341144e+01,3.411608293876130205e+01,4.281946056921854904e+01,4.556161596478570885e+01
2.379913404219732342e+01,2.640686686866308719e+01,3.423006534806037848e+01,4.296246683054597781e+01,4.571374141956941628e+01
2.387870008750747886e+01,2.649513153837233403e+01,3.434442589096689602e+01,4.310594934105634479e+01,4.586637480528365529e+01
2.395852831335161781e+01,2.658368771311098300e+01,3.445916591238908211e+01,4.324990973250966420e+01,4.601951781785650297e+01
2.403861971257761709e+01,2.667253647417011919e+01,3.457428675894762904e+01,4.339434964071057976e+01,4.617317215887854331e+01
2.411897527738656777e+01,2.676167890280870054e+01,3.468978977907510597e+01,4.353927070556919432e+01,4.632733953562183160e+01
2.419959599946423268e+01,2.685111608037631825e+01,3.480567632311257853e+01,4.368467457116052799e+01,4.648202166105880906e+01
2.428048287010847162e+01,2.694084908843221626e+01,3.492194774340344310e+01,4.383056288578264059e+01,4.663722025388133119e+01
2.436163688035270880e+01,2.703087900886070116e+01,3.503860539438467470e+01,4.397693730201343953e+01,4.679293703851981689e+01
2.444305902108559891e+01,2.712120692398307042e+01,3.515565063267549561e+01,4.412379947676624425e+01,4.694917374516236919e+01
2.452475028316704098e+01,2.721183391666617979e+01,3.527308481716359267e+01,4.427115107134413563e+01,4.710593210977398826e+01
2.460671165754069989e+01,2.730276107042776346e+01,3.539090930908895416e+01,4.441899375149316143e+01,4.726321387411589114e+01
2.468894413534296106e+01,2.739398946953858527e+01,3.550912547212545434e+01,4.456732918745441907e+01,4.742102078576488111e+01
2.477144870800877641e+01,2.748552019912161271e+01,3.562773467246012160e+01,4.471615905401501578e+01,4.757935459813268864e+01
2.485422636737412461e+01,2.757735434524819951e+01,3.574673827887042421e+01,4.486548503055802684e+01,4.773821707048553264e+01
2.493727810577555815e+01,2.766949299503150428e+01,3.586613766279934623e+01,4.501530880111145194e+01,4.789760996796361781e+01
2.502060491614663462e+01,2.776193723671711311e+01,3.598593419842855923e+01,4.516563205439616979e+01,4.805753506160080235e+01
2.510420779211156628e+01,2.785468815977107937e+01,3.610612926274962575e+01,4.531645648387296887e+01,4.821799412834419485e+01
2.518808772807604157e+01,2.794774685496538069e+01,3.622672423563339805e+01,4.546778378778869723e+01,4.837898895107397124e+01
2.527224571931539643e+01,2.804111441446093878e+01,3.634772049989755516e+01,4.561961566922150269e+01,4.854052131862316344e+01
2.535668276206016358e+01,2.813479193188824468e+01,3.646911944137248440e+01,4.577195383612529866e+01,4.870259302579748351e+01
2.544139985357912437e+01,2.822878050242569969e+01,3.659092244896542923e+01,4.592480000137335594e+01,4.886520587339538935e+01
2.552639799225997308e+01,2.832308122287574648e+01,3.671313091472306667e+01,4.607815588280118391e+01,4.902836166822793729e+01
2.561167817768761168e+01,2.841769519173884007e+01,3.683574623389251457e+01,4.623202320324857340e+01,4.919206222313899701e+01
2.569724141072020984e+01,2.851262350928537259e+01,3.695876980498085373e+01,4.638640369060104263e+01,4.935630935702528177e+01
2.578308869356309785e+01,2.860786727762560844e+01,3.708220302981315086e+01,4.654129907783046605e+01,4.952110489485664857e+01
2.586922102984052074e+01,2.870342760077768318e+01,3.720604731358917405e+01,4.669671110303512052e+01,4.968645066769632734e+01
2.595563942466539586e+01,2.879930558473371960e+01,3.733030406493868014e+01,4.685264150947904227e+01,4.985234851272127798e+01
2.604234488470711639e+01,2.889550233752418862e+01,3.745497469597540885e+01,4.700909204563078703e+01,5.001880027324257583e+01
2.612933841825740799e+01,2.899201896928052946e+01,3.758006062234989031e+01,4.716606446520158613e+01,5.018580779872596054e+01
2.621662103529444821e+01,2.908885659229607867e+01,3.770556326330097363e+01,4.732356052718294848e+01,5.035337294481229975e+01
2.630419374754511708e+01,2.918601632108537913e+01,3.783148404170616885e+01,4.748158199588365136e+01,5.052149757333829427e+01
2.639205756854563489e+01,2.928349927244196493e+01,3.795782438413095861e+01,4.764013064096627659e+01,5.069018355235709805e+01
2.648021351370050169e+01,2.938130656549460795e+01,3.808458572087693028e+01,4.779920823748318526e+01,5.085943275615909442e+01
2.656866260033986649e+01,2.947943932176212556e+01,3.821176948602889212e+01,4.795881656591202358e+01,5.102924706529272925e+01
2.665740584777536881e+01,2.957789866520677791e+01,3.833937711750099453e+01,4.811895741219075973e+01,5.119962836658542926e+01
2.674644427735448460e+01,2.967668572228632584e+01,3.846741005708184957e+01,4.827963256775224465e+01,5.137057855316449917e+01
2.683577891251344383e+01,2.977580162200476366e+01,3.859586975047872670e+01,4.844084382955833235e+01,5.154209952447821763e+01
2.692541077882877687e+01,2.987524749596179063e+01,3.872475764736083192e+01,4.860259300013365191e+01,5.171419318631691908e+01
2.701534090406755340e+01,2.997502447840109596e+01,3.885407520140172721e+01,4.876488188759888232e+01,5.188686145083418921e+01
2.710557031823629970e+01,3.007513370625744642e+01,3.898382387032088303e+01,4.892771230570369312e+01,5.206010623656804626e+01
2.719610005362867255e+01,3.017557631920261940e+01,3.911400511592445639e+01,4.909108607385929446e+01,5.223392946846235674e+01
2.728693114487197136e+01,3.027635345969028435e+01,3.924462040414521624e+01,4.925500501717069568e+01,5.240833307788814466e+01
2.737806462897245652e+01,3.037746627299979707e+01,3.937567120508181517e+01,4.941947096646849502e+01,5.258331900266509251e+01
2.746950154535959499e+01,3.047891590727900635e+01,3.950715899303724399e+01,4.958448575834047745e+01,5.275888918708304942e+01
2.756124293592917596e+01,3.058070351358604455e+01,3.963908524655664678e+01,4.975005123516280037e+01,5.293504558192366005e+01
2.765328984508545673e+01,3.068283024593019448e+01,3.977145144846440417e+01,4.991616924513093778e+01,5.311179014448198643e+01
2.774564331978222853e+01,3.078529726131182898e+01,3.990425908590063386e+01,5.008284164229029756e+01,5.328912483858833582e+01
2.783830440956296570e+01,3.088810571976147301e+01,4.003750965035699494e+01,5.025007028656661134e+01,5.346705163463003174e+01
2.793127416660005835e+01,3.099125678437802733e+01,4.017120463771193783e+01,5.041785704379597632e+01,5.364557250957329870e+01
2.802455364573310348e+01,3.109475162136616433e+01,4.030534554826535043e+01,5.058620378575476195e+01,5.382468944698523927e+01
2.811814390450630796e+01,3.119859140007290321e+01,4.043993388677269252e+01,5.075511239018916854e+01,5.400440443705591065e+01
2.821204600320514189e+01,3.130277729302347467e+01,4.057497116247847657e+01,5.092458474084460818e+01,5.418471947662035859e+01
