3.527238592134009365e-01,7.527858765567332355e-01,1.952971928586730188e+00,3.953735172491033012e+00,6.755992662834845675e+00,1.036155427794168560e+01,1.477394190143323449e+01,2.000000000000000000e+01
8.403602966930415752e-01,1.230568936917171952e+00,2.401194857589563192e+00,4.352791989834385866e+00,7.086355643578964525e+00,1.060353807604115417e+01,1.490688672968018125e+01,2.000000000000000000e+01
1.391112134455741112e+00,1.770372513296435191e+00,2.908153649818518094e+00,4.804875427857480119e+00,7.461233936575239589e+00,1.087825764838981257e+01,1.505731162300893189e+01,2.000000000000000000e+01
1.965403089134265313e+00,2.333178286757420228e+00,3.436503879626884750e+00,5.275634017494172490e+00,7.850966570683405088e+00,1.116304180316715566e+01,1.521250165918529262e+01,2.000000000000000000e+01
2.542277809748307860e+00,2.898427133009313206e+00,3.966875102792329244e+00,5.747753630947813441e+00,8.241259180400485107e+00,1.144763796098844999e+01,1.536714832451143486e+01,2.000000000000000000e+01
3.111067732933355590e+00,3.455691601612543185e+00,4.489563207650105525e+00,6.212739850946116249e+00,8.625300904246541833e+00,1.172733244879966641e+01,1.551889868901456815e+01,2.000000000000000000e+01
3.666584449099344667e+00,3.999914811267412773e+00,4.999905897771617092e+00,6.666573618897636777e+00,8.999934280455773816e+00,1.199999112648043464e+01,1.566671245604797491e+01,2.000000000000000000e+01
4.206485209011948889e+00,4.528819226595995673e+00,5.495821279348136912e+00,7.107485619804562837e+00,9.363796204178056470e+00,1.226471498304985097e+01,1.581016412946374494e+01,2.000000000000000000e+01
4.729878068644269185e+00,5.041541248566634437e+00,5.976530788333729305e+00,7.534830130779256230e+00,9.716407363183497736e+00,1.252120473042795368e+01,1.594912328762887732e+01,2.000000000000000000e+01
5.236599321446349542e+00,5.537926026731711637e+00,6.441906142587798811e+00,7.948518022621802182e+00,1.005772245306044255e+01,1.276945298600841205e+01,1.608360206022717165e+01,2.000000000000000000e+01
5.726844205970809121e+00,6.018167709168335655e+00,6.892138218760914370e+00,8.348731942086253355e+00,1.038790673343593163e+01,1.300959300089875192e+01,1.621368077992100254e+01,2.000000000000000000e+01
6.200979774304895109e+00,6.482627346317860528e+00,7.327570062356756786e+00,8.735783471650005794e+00,1.070722469193024828e+01,1.324182374968282438e+01,1.633947133305736799e+01,2.000000000000000000e+01
6.659450643347465615e+00,6.931741239069886262e+00,7.748613026237148205e+00,9.110041636276896782e+00,1.101598453579181758e+01,1.346637272178634426e+01,1.646109900783863367e+01,2.000000000000000000e+01
7.102731794494506978e+00,7.365975058284609744e+00,8.155704849654918931e+00,9.471897242284461171e+00,1.131451057496284385e+01,1.368347745692015671e+01,1.657869350691456134e+01,2.000000000000000000e+01
7.531305110350719367e+00,7.785801044782449054e+00,8.549288848077637226e+00,9.821745204224225034e+00,1.160312956443819665e+01,1.389337643541244027e+01,1.669238452465090816e+01,2.000000000000000000e+01
7.945647856579626023e+00,8.191686820437432459e+00,8.929803712010853545e+00,1.015997589725231087e+01,1.188216403820366018e+01,1.409630464620884460e+01,1.680229960406840561e+01,2.000000000000000000e+01
8.346227162860898829e+00,8.584090029512587705e+00,9.297678629467656108e+00,1.048697103419403120e+01,1.215192914434634019e+01,1.429249149481980652e+01,1.690856313319155291e+01,2.000000000000000000e+01
8.733497510241859274e+00,8.963455901395040115e+00,9.653331074854584415e+00,1.080310180737815884e+01,1.241273123124452304e+01,1.448215988060516857e+01,1.701129591034566246e+01,2.000000000000000000e+01
9.107899720322029324e+00,9.330216272550792667e+00,9.997165929237084470e+00,1.110872816065383439e+01,1.266486730693853424e+01,1.466552585663020736e+01,1.711061499261490937e+01,2.000000000000000000e+01
9.469860690456471275e+00,9.684789333238988718e+00,1.032957526158654282e+01,1.140419862209847501e+01,1.290862493125150046e+01,1.484279857785641177e+01,1.720663368420197514e+01,2.000000000000000000e+01
9.819793495559798302e+00,1.002757973030732153e+01,1.065093843454989475e+01,1.168985041167957739e+01,1.314428231974921957e+01,1.501418039013146632e+01,1.729946159287614549e+01,2.000000000000000000e+01
1.015809766621008770e+01,1.035897884116173628e+01,1.096162236601668205e+01,1.196600968061067327e+01,1.337210854880988897e+01,1.517986698604882001e+01,1.738920471853530003e+01,2.000000000000000000e+01
1.048515954774116388e+01,1.067936512630395285e+01,1.126198186199231799e+01,1.223299181067744357e+01,1.359236380638238373e+01,1.534004759068772472e+01,1.747596555589055711e+01,2.000000000000000000e+01
1.080135269271073106e+01,1.098910451417803991e+01,1.155235997857996111e+01,1.249110173772377586e+01,1.380529966077446069e+01,1.549490515878478902e+01,1.755984320230736628e+01,2.000000000000000000e+01
1.110703826307778996e+01,1.128855079533443195e+01,1.183308839210435615e+01,1.274063428151407429e+01,1.401115933374629208e+01,1.564461657419256113e+01,1.764093346636543558e+01,2.000000000000000000e+01
1.140256543043945037e+01,1.157804601459569760e+01,1.210448776706443930e+01,1.298187447323333643e+01,1.421017797117561088e+01,1.578935284714820142e+01,1.771932897497138626e+01,2.000000000000000000e+01
1.168827176870388307e+01,1.185792085576397525e+01,1.236686811694425181e+01,1.321509787642201417e+01,1.440258290806585428e+01,1.592927930721526231e+01,1.779511927799671511e+01,2.000000000000000000e+01
1.196448363659463787e+01,1.212849501634280891e+01,1.262052915558732202e+01,1.344057089941397010e+01,1.458859392642359509e+01,1.606455579093282537e+01,1.786839094998317634e+01,2.000000000000000000e+01
1.223151654889016271e+01,1.239007757121179232e+01,1.286576063817668292e+01,1.365855109848039461e+01,1.476842350540783855e+01,1.619533682379063677e+01,1.793922768874183049e+01,2.000000000000000000e+01
1.248967553605272407e+01,1.264296732492141295e+01,1.310284269152747427e+01,1.386928747144646223e+01,1.494227706358899965e+01,1.632177179643910492e+01,1.800771041081284096e+01,2.000000000000000000e+01
