6.207333681370667128e-02,6.158631069594263652e-01,2.277232417396585440e+00,5.046185654532845177e+00,8.922747314257595264e+00,1.390706219954310718e+01,2.000000000000000000e+01
1.243450804053098935e-01,6.763695557924149782e-01,2.332442981953730232e+00,5.092580711903071489e+00,8.956851925951143656e+00,1.392556736843041065e+01,2.000000000000000000e+01
1.867858907195610596e-01,7.370464343920438699e-01,2.387828065409492329e+00,5.139163243067937259e+00,8.991175279028132294e+00,1.394431420934142807e+01,2.000000000000000000e+01
2.493689554798755592e-01,7.978675742313081631e-01,2.443363430485606003e+00,5.185910255383249456e+00,9.025685577388276926e+00,1.396323901869785900e+01,2.000000000000000000e+01
3.120696621521926173e-01,8.588087509959884125e-01,2.499026017527375743e+00,5.232798201592185450e+00,9.060351023061494757e+00,1.398229554764317051e+01,2.000000000000000000e+01
3.748652589401550439e-01,9.198473808726648215e-01,2.554793746670194210e+00,5.279803639216421374e+00,9.095141812662863146e+00,1.400144932053632196e+01,2.000000000000000000e+01
4.377345602297322280e-01,9.809622868471645774e-01,2.610645466699461625e+00,5.326903794432455541e+00,9.130030914254307461e+00,1.402067399483403598e+01,2.000000000000000000e+01
5.006577175735342777e-01,1.042133532719328626e+00,2.666560978156711670e+00,5.374076965357242663e+00,9.164994231979267880e+00,1.403994898401689184e+01,2.000000000000000000e+01
5.636160557792803116e-01,1.103342312572422657e+00,2.722521082951849802e+00,5.421302772157957861e+00,9.200010480697518034e+00,1.405925787394345150e+01,2.000000000000000000e+01
6.265919631673347867e-01,1.164570880648709617e+00,2.778507633092833995e+00,5.468562284811046226e+00,9.235060938739371394e+00,1.407858734574682025e+01,2.000000000000000000e+01
6.895688218110462842e-01,1.225802507655147311e+00,2.834503565187450391e+00,5.515838062057017765e+00,9.270129164080051609e+00,1.409792642767294346e+01,2.000000000000000000e+01
7.525309642934029375e-01,1.287021452227274709e+00,2.890492916028890136e+00,5.563114130272492908e+00,9.305200715144138712e+00,1.411726596435232572e+01,2.000000000000000000e+01
8.154636459715645103e-01,1.348212939325401205e+00,2.946460819386911290e+00,5.610375924364372935e+00,9.340262894332706622e+00,1.413659823244550395e+01,2.000000000000000000e+01
8.783530246263326902e-01,1.409363140084145538e+00,3.002393486457584082e+00,5.657610206656970675e+00,9.375304520546325904e+00,1.415591665667090204e+01,2.000000000000000000e+01
9.411861420227872754e-01,1.470459149837813007e+00,3.058278173282890311e+00,5.704804974796472194e+00,9.410315731189594857e+00,1.417521559596693770e+01,2.000000000000000000e+01
1.003950904055358029e+00,1.531488962667872045e+00,3.114103138505413870e+00,5.751949365987313989e+00,9.445287811530205246e+00,1.419449017956495318e+01,2.000000000000000000e+01
1.066636057748493238e+00,1.592441441933054591e+00,3.169857594486738872e+00,5.799033562216923343e+00,9.480213048305721202e+00,1.421373617922501253e+01,2.000000000000000000e+01
1.129231164490227313e+00,1.653306286950411153e+00,3.225531654330962450e+00,5.846048699282292205e+00,9.515084604298765569e+00,1.423294990813137595e+01,2.000000000000000000e+01
1.191726569586158080e+00,1.714073996401257460e+00,3.281116276846555380e+00,5.892986781188548129e+00,9.549896410800322144e+00,1.425212813976909665e+01,2.000000000000000000e+01
1.254113368634890868e+00,1.774735829229592277e+00,3.336603211013696502e+00,5.939840600672378734e+00,9.584643075226361830e+00,1.427126804201148325e+01,2.000000000000000000e+01
1.316383371430134508e+00,1.835283763853927219e+00,3.391984941125305131e+00,5.986603666081035335e+00,9.619319801532697056e+00,1.429036712295704703e+01,2.000000000000000000e+01
1.378529064159069506e+00,1.895710456480077966e+00,3.447254633443103788e+00,6.033270134515812622e+00,9.653922321434505349e+00,1.430942318596598106e+01,2.000000000000000000e+01
1.440543570643833426e+00,1.956009199220424488e+00,3.502406084950197673e+00,6.079834750960694478e+00,9.688446834759147919e+00,1.432843429199036045e+01,2.000000000000000000e+01
1.502420613300512242e+00,2.016173878620309612e+00,3.557433674579701943e+00,6.126292793015849725e+00,9.722889957537686811e+00,1.434739872775408465e+01,2.000000000000000000e+01
1.564154474393492977e+00,2.076198935081368102e+00,3.612332317144993254e+00,6.172640020810715278e+00,9.757248676673668797e+00,1.436631497867432650e+01,2.000000000000000000e+01
1.625739958059163159e+00,2.136079323564817667e+00,3.667097420081781411e+00,6.218872631661129802e+00,9.791520310221667245e+00,1.438518170566380050e+01,2.000000000000000000e+01
1.687172353471909858e+00,2.195810475860751509e+00,3.721724843027276020e+00,6.264987219045728750e+00,9.825702472468517357e+00,1.440399772513777243e+01,2.000000000000000000e+01
1.748447399433038951e+00,2.255388264624890393e+00,3.776210860200444941e+00,6.310980735499231997e+00,9.859793043142174085e+00,1.442276199168935769e+01,2.000000000000000000e+01
1.809561250582240488e+00,2.314808969312746711e+00,3.830552125504265160e+00,6.356850459048712487e+00,9.893790140182000314e+00,1.444147358300316775e+01,2.000000000000000000e+01
1.870510445362580709e+00,2.374069244082343211e+00,3.884745640241630937e+00,6.402593962849638665e+00,9.927692095593771526e+00,1.446013168665981397e+01,2.000000000000000000e+01
1.931291875813265335e+00,2.433166087689381474e+00,3.938788723317729890e+00,6.448209087709304121e+00,9.961497433986631123e+00,1.447873558854790765e+01,2.000000000000000000e+01
1.991902759218722396e+00,2.492096815361717788e+00,3.992678983790703739e+00,6.493693917214836908e+00,9.995204853450266214e+00,1.449728466265079341e+01,2.000000000000000000e+01
2.052340611606606746e+00,2.550859032611734634e+00,4.046414295627118740e+00,6.539046755210672579e+00,1.002881320848125135e+01,1.451577836201540528e+01,2.000000000000000000e+01
2.112603223059741353e+00,2.609450610924239466e+00,4.099992774517733807e+00,6.584266105395868429e+00,1.006232149470961623e+01,1.453421621074272885e+01,2.000000000000000000e+01
2.172688634786519746e+00,2.667869665242644128e+00,4.153412756611017720e+00,6.629350652834791191e+00,1.009572883521187414e+01,1.455259779686533150e+01,2.000000000000000000e+01
2.232595117879571323e+00,2.726114533166171583e+00,4.206672779025972808e+00,6.674299247195664364e+00,1.012903446822620346e+01,1.457092276599839487e+01,2.000000000000000000e+01
2.292321153682551849e+00,2.784183755764746415e+00,4.259771562011330559e+00,6.719110887550249878e+00,1.016223773611025116e+01,1.458919081566796905e+01,2.000000000000000000e+01
2.351865415678697335e+00,2.842076059915188413e+00,4.312707992624661202e+00,6.763784708584815952e+00,1.019533807540296699e+01,1.460740169023427271e+01,2.000000000000000000e+01
2.411226752811586049e+00,2.899790342061676629e+00,4.365481109811947924e+00,6.808319968087622520e+00,1.022833500786959426e+01,1.462555517633964541e+01,2.000000000000000000e+01
2.470404174147601495e+00,2.957325653304558433e+00,4.418090090775429246e+00,6.852716035591634558e+00,1.026122813242408505e+01,1.464365109882046134e+01,2.000000000000000000e+01
2.529396834790438309e+00,3.014681185724037427e+00,4.470534238524834336e+00,6.896972382063231599e+00,1.029401711783607176e+01,1.466168931703052891e+01,2.000000000000000000e+01
2.588204022960074902e+00,3.071856259848649184e+00,4.522812970514372033e+00,6.941088570538472169e+00,1.032670169614064548e+01,1.467966972153037375e+01,2.000000000000000000e+01
2.646825148151714213e+00,3.128850313182491405e+00,4.574925808274823424e+00,6.985064247618092637e+00,1.035928165667870537e+01,1.469759223110260571e+01,2.000000000000000000e+01
2.705259730293846587e+00,3.185662889709601320e+00,4.626872367956865517e+00,7.028899135741098370e+00,1.039175684070392691e+01,1.471545679005851959e+01,2.000000000000000000e+01
2.763507389828730343e+00,3.242293630298580087e+00,4.678652351708128876e+00,7.072593026164511798e+00,1.042412713649953560e+01,1.473326336580534779e+01,2.000000000000000000e+01
2.821567838642879078e+00,3.298742263935310781e+00,4.730265539812607223e+00,7.116145772583834628e+00,1.045639247495435420e+01,1.475101194664713766e+01,2.000000000000000000e+01
2.879440871779634481e+00,3.355008599716396755e+00,4.781711783526684023e+00,7.159557285334988919e+00,1.048855282555300938e+01,1.476870253979541303e+01,2.000000000000000000e+01
2.937126359870320780e+00,3.411092519540596779e+00,4.832990998551425221e+00,7.202827526124168322e+00,1.052060819274001879e+01,1.478633516956847593e+01,2.000000000000000000e+01
2.994624242224832589e+00,3.466993971440055500e+00,4.884103159085722901e+00,7.245956503237032109e+00,1.055255861262165951e+01,1.480390987576051920e+01,2.000000000000000000e+01
3.051934520526786709e+00,3.522712963497465655e+00,4.935048292409502046e+00,7.288944267183303793e+00,1.058440414997326329e+01,1.482142671216380947e+01,2.000000000000000000e+01
3.109057253082377681e+00,3.578249558299398725e+00,4.985826473950462301e+00,7.331790906736872948e+00,1.061614489552286322e+01,1.483888574522898907e+01,2.000000000000000000e+01
3.165992549575994630e+00,3.633603867879945160e+00,5.036437822791796748e+00,7.374496545335293085e+00,1.064778096348505620e+01,1.485628705285010120e+01,2.000000000000000000e+01
3.222740566289294062e+00,3.688776049112457045e+00,5.086882497581945550e+00,7.417061337805844090e+00,1.067931248932152322e+01,1.487363072326236058e+01,2.000000000000000000e+01
3.279301501743860481e+00,3.743766299510598472e+00,5.137160692810812002e+00,7.459485467388432767e+00,1.071073962770698706e+01,1.489091685404191523e+01,2.000000000000000000e+01
3.335675592730817485e+00,3.798574853403096085e+00,5.187272635419931888e+00,7.501769143028311326e+00,1.074206255068144600e+01,1.490814555119789198e+01,2.000000000000000000e+01
3.391863110693761119e+00,3.853201978449551923e+00,5.237218581716923005e+00,7.543912596914069901e+00,1.077328144597138504e+01,1.492531692834805135e+01,2.000000000000000000e+01
3.447864358434159726e+00,3.907647972467403807e+00,5.286998814567136940e+00,7.585916082238651548e+00,1.080439651546430646e+01,1.494243110597019708e+01,2.000000000000000000e+01
3.503679667110950025e+00,3.961913160542662737e+00,5.336613640837800432e+00,7.627779871163147263e+00,1.083540797382243959e+01,1.495948821072224888e+01,2.000000000000000000e+01
3.559309393508490071e+00,4.015997892399394864e+00,5.386063389072109686e+00,7.669504252964987501e+00,1.086631604722282596e+01,1.497648837482461914e+01,2.000000000000000000e+01
3.614753917549166307e+00,4.069902540005059244e+00,5.435348407372737611e+00,7.711089532353812892e+00,1.089712097221215004e+01,1.499343173549907604e+01,2.000000000000000000e+01
3.670013640029051061e+00,4.123627495390794095e+00,5.484469061476023199e+00,7.752536027939870955e+00,1.092782299466582785e+01,1.501031843445890424e+01,2.000000000000000000e+01
3.725088980556837015e+00,4.177173168667568603e+00,5.533425732999764257e+00,7.793844070841106308e+00,1.095842236884179854e+01,1.502714861744561858e+01,2.000000000000000000e+01
3.779980375677984394e+00,4.230539986220755111e+00,5.582218817849066816e+00,7.835014003416412187e+00,1.098891935652038221e+01,1.504392243380797289e+01,2.000000000000000000e+01
3.834688277167636272e+00,4.283728389067250397e+00,5.630848724766092772e+00,7.876046178113645269e+00,1.101931422622235424e+01,1.506064003611934687e+01,2.000000000000000000e+01
3.889213150477238035e+00,4.336738831360622548e+00,5.679315874010774756e+00,7.916940956422021891e+00,1.104960725249812725e+01,1.507730157983003849e+01,2.000000000000000000e+01
3.943555473321171068e+00,4.389571779031068210e+00,5.727620696160758307e+00,7.957698707919460546e+00,1.107979871528154270e+01,1.509390722295124476e+01,2.000000000000000000e+01
3.997715734390880016e+00,4.442227708548126763e+00,5.775763631019867006e+00,7.998319809406307712e+00,1.110988889930243140e+01,1.511045712576784616e+01,2.000000000000000000e+01
4.051694432185105832e+00,4.494707105795161084e+00,5.823745126625327728e+00,8.038804644117641729e+00,1.113987809355261227e+01,1.512695145057739055e+01,2.000000000000000000e+01
4.105492073945828047e+00,4.547010465045594252e+00,5.871565638344894644e+00,8.079153601007055485e+00,1.116976659080044598e+01,1.514339036145285888e+01,2.000000000000000000e+01
4.159109174690450494e+00,4.599138288031784150e+00,5.919225628055784227e+00,8.119367074095469761e+00,1.119955468714958968e+01,1.515977402402706709e+01,2.000000000000000000e+01
4.212546256331606287e+00,4.651091083098220835e+00,5.966725563398063592e+00,8.159445461879117900e+00,1.122924268163790629e+01,1.517610260529675337e+01,2.000000000000000000e+01
4.265803846876713656e+00,4.702869364431483845e+00,6.014065917095793523e+00,8.199389166791338113e+00,1.125883087587294185e+01,1.519237627344454467e+01,2.000000000000000000e+01
4.318882479700137722e+00,4.754473651360062725e+00,6.061247166339837733e+00,8.239198594713348811e+00,1.128831957370060834e+01,1.520859519767718027e+01,2.000000000000000000e+01
4.371782692881431842e+00,4.805904467717768469e+00,6.108269792226777462e+00,8.278874154529564322e+00,1.131770908090411432e+01,1.522475954807854492e+01,2.000000000000000000e+01
4.424505028603725520e+00,4.857162341265016892e+00,6.155134279248890117e+00,8.318416257723441731e+00,1.134699970493037213e+01,1.524086949547613301e+01,2.000000000000000000e+01
4.477050032606852525e+00,4.908247803162788081e+00,6.201841114830594748e+00,8.357825318010212001e+00,1.137619175464143417e+01,1.525692521131976420e+01,2.000000000000000000e+01
4.529418253690291607e+00,4.959161387494510187e+00,6.248390788907166815e+00,8.397101751003139825e+00,1.140528554008867168e+01,1.527292686757142093e+01,2.000000000000000000e+01
4.581610243261453164e+00,5.009903630831574972e+00,6.294783793541940398e+00,8.436245973910335039e+00,1.143428137230764108e+01,1.528887463660519330e+01,2.000000000000000000e+01
4.633626554925221797e+00,5.060475071838542505e+00,6.341020622578505517e+00,8.475258405259307182e+00,1.146317956313179209e+01,1.530476869111645399e+01,2.000000000000000000e+01
4.685467744111043942e+00,5.110876250914473395e+00,6.387101771324762645e+00,8.514139464646792277e+00,1.149198042502328043e+01,1.532060920403939264e+01,2.000000000000000000e+01
4.737134367734188167e+00,5.161107709867131632e+00,6.433027736265963803e+00,8.552889572511585214e+00,1.152068427091938219e+01,1.533639634847216371e+01,2.000000000000000000e+01
4.788626983888090827e+00,5.211169991617098596e+00,6.478799014804121903e+00,8.591509149928254985e+00,1.154929141409307114e+01,1.535213029760897463e+01,2.000000000000000000e+01
4.839946151564994636e+00,5.261063639929099089e+00,6.524416105021412449e+00,8.629998618419911338e+00,1.157780216802648532e+01,1.536781122467846927e+01,2.000000000000000000e+01
4.891092430402333768e+00,5.310789199168103991e+00,6.569879505465416436e+00,8.668358399788260726e+00,1.160621684629612282e+01,1.538343930288784733e+01,2.000000000000000000e+01
4.942066380452533991e+00,5.360347214077955336e+00,6.615189714954220257e+00,8.706588915959432740e+00,1.163453576246872601e+01,1.539901470537219730e+01,2.000000000000000000e+01
4.992868561974138863e+00,5.409738229580502100e+00,6.660347232399590034e+00,8.744690588844125756e+00,1.166275923000684678e+01,1.541453760514857763e+01,2.000000000000000000e+01
5.043499535242319531e+00,5.458962790593388625e+00,6.705352556646595019e+00,8.782663840210776840e+00,1.169088756218326353e+01,1.543000817507440736e+01,2.000000000000000000e+01
5.093959860377027304e+00,5.508021441864816126e+00,6.750206186328183477e+00,8.820509091570613691e+00,1.171892107200342181e+01,1.544542658780979139e+01,2.000000000000000000e+01
5.144250097187204496e+00,5.556914727823747846e+00,6.794908619733377897e+00,8.858226764073476645e+00,1.174686007213519012e+01,1.546079301578341259e+01,2.000000000000000000e+01
5.194370805029605798e+00,5.605643192444166978e+00,6.839460354687849630e+00,8.895817278413463924e+00,1.177470487484525741e+01,1.547610763116167654e+01,2.000000000000000000e+01
5.244322542680897925e+00,5.654207379122113686e+00,6.883861888445760968e+00,8.933281054743511973e+00,1.180245579194157735e+01,1.549137060582080672e+01,2.000000000000000000e+01
5.294105868221854472e+00,5.702607830564355496e+00,6.928113717591858567e+00,8.970618512598086625e+00,1.183011313472132997e+01,1.550658211132162378e+01,2.000000000000000000e+01
5.343721338932552634e+00,5.750845088687636775e+00,6.972216337952889198e+00,9.007830070823274582e+00,1.185767721392387131e+01,1.552174231888678335e+01,2.000000000000000000e+01
5.393169511197573485e+00,5.798919694527555180e+00,7.016170244517501153e+00,9.044916147513603732e+00,1.188514833968824291e+01,1.553685139938023596e+01,2.000000000000000000e+01
5.442450940420305194e+00,5.846832188156193766e+00,7.059975931363859480e+00,9.081877159954954593e+00,1.191252682151483100e+01,1.555190952328869791e+01,2.000000000000000000e+01
5.491566180945528508e+00,5.894583108607717392e+00,7.103633891594286709e+00,9.118713524573065499e+00,1.193981296823076832e+01,1.556691686070497127e+01,2.000000000000000000e+01
5.540515785989536646e+00,5.942172993811221993e+00,7.147144617276279810e+00,9.155425656887071995e+00,1.196700708795879464e+01,1.558187358131294964e+01,2.000000000000000000e+01
5.589300307577108384e+00,5.989602380530168801e+00,7.190508599389350941e+00,9.192013971467673628e+00,1.199410948808921518e+01,1.559677985437411429e+01,2.000000000000000000e+01
5.637920296484715266e+00,6.036871804307820888e+00,7.233726327777139531e+00,9.228478881899462749e+00,1.202112047525469407e+01,1.561163584871545140e+01,2.000000000000000000e+01
5.686376302189393606e+00,6.083981799418128666e+00,7.276798291104333849e+00,9.264820800747086693e+00,1.204804035530763429e+01,1.562644173271860915e+01,2.000000000000000000e+01
5.734668872822786589e+00,6.130932898821582100e+00,7.319724976817968631e+00,9.301040139524848982e+00,1.207486943329989693e+01,1.564119767431019881e+01,2.000000000000000000e+01
5.782798555129862628e+00,6.177725634125571297e+00,7.362506871112697304e+00,9.337137308669484881e+00,1.210160801346465220e+01,1.565590384095314391e+01,2.000000000000000000e+01
5.830765894431912955e+00,6.224360535548853157e+00,7.405144458899671989e+00,9.373112717515780901e+00,1.212825639920017728e+01,1.567056039963897796e+01,2.000000000000000000e+01
5.878571434593425238e+00,6.270838131889751033e+00,7.447638223778729305e+00,9.408966774274821532e+00,1.215481489305541096e+01,1.568516751688099653e+01,2.000000000000000000e+01
5.926215717992477039e+00,6.317158950497744563e+00,7.489988648013546246e+00,9.444699886014577217e+00,1.218128379671711414e+01,1.569972535870819996e+01,2.000000000000000000e+01
5.973699285494361355e+00,6.363323517248155703e+00,7.532196212509540523e+00,9.480312458642677242e+00,1.220766341099849406e+01,1.571423409065994115e+01,2.000000000000000000e+01
6.021022676428102294e+00,6.409332356519629847e+00,7.574261396794213397e+00,9.515804896891117082e+00,1.223395403582913765e+01,1.572869387778121997e+01,2.000000000000000000e+01
6.068186428565653046e+00,6.455185991174182014e+00,7.616184678999770696e+00,9.551177604302768742e+00,1.226015597024617421e+01,1.574310488461857815e+01,2.000000000000000000e+01
6.115191078103475952e+00,6.500884942539550515e+00,7.657966535847773315e+00,9.586430983219488056e+00,1.228626951238652509e+01,1.575746727521651458e+01,2.000000000000000000e+01
6.162037159646344797e+00,6.546429730393669821e+00,7.699607442635646670e+00,9.621565434771712333e+00,1.231229495948012520e+01,1.577178121311439618e+01,2.000000000000000000e+01
6.208725206193123292e+00,6.591820872951062782e+00,7.741107873224880365e+00,9.656581358869383180e+00,1.233823260784408937e+01,1.578604686134380053e+01,2.000000000000000000e+01
6.255255749124362552e+00,6.637058886850963901e+00,7.782468300030767949e+00,9.691479154194096779e+00,1.236408275287767999e+01,1.580026438242627407e+01,2.000000000000000000e+01
6.301629318191544371e+00,6.682144287147044004e+00,7.823689194013542014e+00,9.726259218192350176e+00,1.238984568905801709e+01,1.581443393837144384e+01,2.000000000000000000e+01
6.347846441507822846e+00,6.727077587298557759e+00,7.864771024670763389e+00,9.760921947069794768e+00,1.241552170993648652e+01,1.582855569067546320e+01,2.000000000000000000e+01
6.393907645540125806e+00,6.771859299162817258e+00,7.905714260030890728e+00,9.795467735786406394e+00,1.244111110813574506e+01,1.584262980031975232e+01,2.000000000000000000e+01
6.439813455102492590e+00,6.816489932988837985e+00,7.946519366647872396e+00,9.829896978052476086e+00,1.246661417534729921e+01,1.585665642777003193e+01,2.000000000000000000e+01
6.485564393350538914e+00,6.860969997412078136e+00,7.987186809596698467e+00,9.864210066325370008e+00,1.249203120232959030e+01,1.587063573297558605e+01,2.000000000000000000e+01
6.531160981776928054e+00,6.905299999450151383e+00,8.027717052469819592e+00,9.898407391806946620e+00,1.251736247890653608e+01,1.588456787536875048e+01,2.000000000000000000e+01
6.576603740207796811e+00,6.949480444499434917e+00,8.068110557374348346e+00,9.932489344441618684e+00,1.254260829396650401e+01,1.589845301386461252e+01,2.000000000000000000e+01
6.621893186799984399e+00,6.993511836332480414e+00,8.108367784929965794e+00,9.966456312914973026e+00,1.256776893546165041e+01,1.591229130686089910e+01,2.000000000000000000e+01
6.667029838039060685e+00,7.037394677096167506e+00,8.148489194267488855e+00,1.000030868465288947e+01,1.259284469040761323e+01,1.592608291223802475e+01,2.000000000000000000e+01
6.712014208738021459e+00,7.081129467310519843e+00,8.188475243028015882e+00,1.003404684582114470e+01,1.261783584488351906e+01,1.593982798735929585e+01,2.000000000000000000e+01
6.756846812036631178e+00,7.124716705868122446e+00,8.228326387362596250e+00,1.006767118132541405e+01,1.264274268403227452e+01,1.595352668907124993e+01,2.000000000000000000e+01
6.801528159401324380e+00,7.168156890034094175e+00,8.268043081932404448e+00,1.010118207481167474e+01,1.266756549206110982e+01,1.596717917370412820e+01,2.000000000000000000e+01
6.846058760625631123e+00,7.211450515446555798e+00,8.307625779909331598e+00,1.013457990866694836e+01,1.269230455224236032e+01,1.598078559707245105e+01,2.000000000000000000e+01
6.890439123831067825e+00,7.254598076117546590e+00,8.347074932976981998e+00,1.016786506402035073e+01,1.271696014691445775e+01,1.599434611447570553e+01,2.000000000000000000e+01
6.934669755468450880e+00,7.297600064434347722e+00,8.386390991332037359e+00,1.020103792074443305e+01,1.274153255748311686e+01,1.600786088069911628e+01,2.000000000000000000e+01
6.978751160319608182e+00,7.340456971161188449e+00,8.425574403685926583e+00,1.023409885745677883e+01,1.276602206442268717e+01,1.602133005001451593e+01,2.000000000000000000e+01
7.022683841499426372e+00,7.383169285441272045e+00,8.464625617266806401e+00,1.026704825152183354e+01,1.279042894727766999e+01,1.603475377618127240e+01,2.000000000000000000e+01
7.066468300458211615e+00,7.425737494799110827e+00,8.503545077821810239e+00,1.029988647905294386e+01,1.281475348466437936e+01,1.604813221244728538e+01,2.000000000000000000e+01
7.110105036984344373e+00,7.468162085143140949e+00,8.542333229619529789e+00,1.033261391491458703e+01,1.283899595427270413e+01,1.606146551155007884e+01,2.000000000000000000e+01
7.153594549207198838e+00,7.510443540768576121e+00,8.580990515452706191e+00,1.036523093272477247e+01,1.286315663286803179e+01,1.607475382571789879e+01,2.000000000000000000e+01
7.196937333600278208e+00,7.552582344360495803e+00,8.619517376641148587e+00,1.039773790485759797e+01,1.288723579629324156e+01,1.608799730667089634e+01,2.000000000000000000e+01
7.240133884984565782e+00,7.594578976997122588e+00,8.657914253034794783e+00,1.043013520244595149e+01,1.291123371947079157e+01,1.610119610562234271e+01,2.000000000000000000e+01
7.283184696532075897e+00,7.636433918153296752e+00,8.696181583016958427e+00,1.046242319538432497e+01,1.293515067640491090e+01,1.611435037327989761e+01,2.000000000000000000e+01
7.326090259769568291e+00,7.678147645704102686e+00,8.734319803507705871e+00,1.049460225233176125e+01,1.295898694018385555e+01,1.612746025984688103e+01,2.000000000000000000e+01
7.368851064582412569e+00,7.719720635928649877e+00,8.772329349967362688e+00,1.052667274071488279e+01,1.298274278298223194e+01,1.614052591502363043e+01,2.000000000000000000e+01
7.411467599218596547e+00,7.761153363513985326e+00,8.810210656400153439e+00,1.055863502673103049e+01,1.300641847606337720e+01,1.615354748800882945e+01,2.000000000000000000e+01
7.453940350292861616e+00,7.802446301559127662e+00,8.847964155357924909e+00,1.059048947535146823e+01,1.303001428978181053e+01,1.616652512750091120e+01,2.000000000000000000e+01
7.496269802790948233e+00,7.843599921579204270e+00,8.885590277943972382e+00,1.062223645032466912e+01,1.305353049358571660e+01,1.617945898169945806e+01,2.000000000000000000e+01
7.538456440073924902e+00,7.884614693509680805e+00,8.923089453816949401e+00,1.065387631417967285e+01,1.307696735601948035e+01,1.619234919830662278e+01,2.000000000000000000e+01
7.580500743882640613e+00,7.925491085710695494e+00,8.960462111194861023e+00,1.068540942822948914e+01,1.310032514472625564e+01,1.620519592452857438e+01,2.000000000000000000e+01
7.622403194342221688e+00,7.966229564971441413e+00,8.997708676859103250e+00,1.071683615257455990e+01,1.312360412645058005e+01,1.621799930707697257e+01,2.000000000000000000e+01
7.664164269966657450e+00,8.006830596514639353e+00,9.034829576158584175e+00,1.074815684610627109e+01,1.314680456704100209e+01,1.623075949217043146e+01,2.000000000000000000e+01
7.705784447663454273e+00,8.047294644001059538e+00,9.071825233013875334e+00,1.077937186651049650e+01,1.316992673145274928e+01,1.624347662553600102e+01,2.000000000000000000e+01
7.747264202738328720e+00,8.087622169534105510e+00,9.108696069921434102e+00,1.081048157027117895e+01,1.319297088375041938e+01,1.625615085241068059e+01,2.000000000000000000e+01
7.788604008899956632e+00,8.127813633664429105e+00,9.145442507957845635e+00,1.084148631267395579e+01,1.321593728711067328e+01,1.626878231754292159e+01,2.000000000000000000e+01
7.829804338264768404e+00,8.167869495394604940e+00,9.182064966784114546e+00,1.087238644780979691e+01,1.323882620382497777e+01,1.628137116519413041e+01,2.000000000000000000e+01
7.870865661361782450e+00,8.207790212183828871e+00,9.218563864649969020e+00,1.090318232857866576e+01,1.326163789530233394e+01,1.629391753914022090e+01,2.000000000000000000e+01
7.911788447137465319e+00,8.247576239952655541e+00,9.254939618398223544e+00,1.093387430669321958e+01,1.328437262207202885e+01,1.630642158267311004e+01,2.000000000000000000e+01
7.952573162960621111e+00,8.287228033087748358e+00,9.291192643469130985e+00,1.096446273268249882e+01,1.330703064378641365e+01,1.631888343860227053e+01,2.000000000000000000e+01
7.993220274627305777e+00,8.326746044446673878e+00,9.327323353904777292e+00,1.099494795589565754e+01,1.332961221922366057e+01,1.633130324925626553e+01,2.000000000000000000e+01
8.033730246365768934e+00,8.366130725362696197e+00,9.363332162353476207e+00,1.102533032450569195e+01,1.335211760629055178e+01,1.634368115648427988e+01,2.000000000000000000e+01
8.074103540841401028e+00,8.405382525649597980e+00,9.399219480074188837e+00,1.105561018551317787e+01,1.337454706202526467e+01,1.635601730165767975e+01,2.000000000000000000e+01
8.114340619161694690e+00,8.444501893606510379e+00,9.434985716940957445e+00,1.108578788475002774e+01,1.339690084260016079e+01,1.636831182567152965e+01,2.000000000000000000e+01
8.154441940881225648e+00,8.483489276022751824e+00,9.470631281447328575e+00,1.111586376688323519e+01,1.341917920332457825e+01,1.638056486894616270e+01,2.000000000000000000e+01
8.194407964006641620e+00,8.522345118182681034e+00,9.506156580710802828e+00,1.114583817541864619e+01,1.344138239864763307e+01,1.639277657142871902e+01,2.000000000000000000e+01
8.234239145001644999e+00,8.561069863870553576e+00,9.541562020477281081e+00,1.117571145270471078e+01,1.346351068216101510e+01,1.640494707259467688e+01,2.000000000000000000e+01
8.273935938791991518e+00,8.599663955375371316e+00,9.576848005125508934e+00,1.120548393993625247e+01,1.348556430660178052e+01,1.641707651144941948e+01,2.000000000000000000e+01
8.313498798770496023e+00,8.638127833495754970e+00,9.612014937671533588e+00,1.123515597715822878e+01,1.350754352385515134e+01,1.642916502652975907e+01,2.000000000000000000e+01
8.352928176802008053e+00,8.676461937544793557e+00,9.647063219773148290e+00,1.126472790326949358e+01,1.352944858495730607e+01,1.644121275590548947e+01,2.000000000000000000e+01
8.392224523228437150e+00,8.714666705354913390e+00,9.681993251734342110e+00,1.129420005602656119e+01,1.355127974009817926e+01,1.645321983718092440e+01,2.000000000000000000e+01
8.431388286873717774e+00,8.752742573282723981e+00,9.716805432509742602e+00,1.132357277204735979e+01,1.357303723862424860e+01,1.646518640749643225e+01,2.000000000000000000e+01
8.470419915048822190e+00,8.790689976213881707e+00,9.751500159709062032e+00,1.135284638681498492e+01,1.359472132904131314e+01,1.647711260352997797e+01,2.000000000000000000e+01
8.509319853556734259e+00,8.828509347567933929e+00,9.786077829601531164e+00,1.138202123468144755e+01,1.361633225901728927e+01,1.648899856149865073e+01,2.000000000000000000e+01
8.548088546697430345e+00,8.866201119303156020e+00,9.820538837120329489e+00,1.141109764887142042e+01,1.363787027538497654e+01,1.650084441716020578e+01,2.000000000000000000e+01
8.586726437272856671e+00,8.903765721921393705e+00,9.854883575867006584e+00,1.144007596148597372e+01,1.365933562414483049e+01,1.651265030581457438e+01,2.000000000000000000e+01
8.625233966591878243e+00,8.941203584472884103e+00,9.889112438115903458e+00,1.146895650350630191e+01,1.368072855046773917e+01,1.652441636230540567e+01,2.000000000000000000e+01
8.663611574475252652e+00,8.978515134561080302e+00,9.923225814818561474e+00,1.149773960479745227e+01,1.370204929869777821e+01,1.653614272102157301e+01,2.000000000000000000e+01
8.701859699260568348e+00,9.015700798347454636e+00,9.957224095608113501e+00,1.152642559411203749e+01,1.372329811235496244e+01,1.654782951589870876e+01,2.000000000000000000e+01
8.739978777807179355e+00,9.052761000556305504e+00,9.991107668803683950e+00,1.155501479909394114e+01,1.374447523413800809e+01,1.655947688042069643e+01,2.000000000000000000e+01
8.777969245501131113e+00,9.089696164479539320e+00,1.002487692141476572e+01,1.158350754628202317e+01,1.376558090592706129e+01,1.657108494762120898e+01,2.000000000000000000e+01
8.815831536260077428e+00,9.126506711981456021e+00,1.005853223914559180e+01,1.161190416111380763e+01,1.378661536878644256e+01,1.658265385008518678e+01,2.000000000000000000e+01
8.853566082538186777e+00,9.163193063503513258e+00,1.009207400639949448e+01,1.164020496792915971e+01,1.380757886296737702e+01,1.659418371995036168e+01,2.000000000000000000e+01
8.891173315331023730e+00,9.199755638069081698e+00,1.012550260628325738e+01,1.166841028997396634e+01,1.382847162791071227e+01,1.660567468890874210e+01,2.000000000000000000e+01
8.928653664180435712e+00,9.236194853288189677e+00,1.015881842061145157e+01,1.169652044940379376e+01,1.384929390224963264e+01,1.661712688820811579e+01,2.000000000000000000e+01
8.966007557179418441e+00,9.272511125362255413e+00,1.019202182991076455e+01,1.172453576728753610e+01,1.387004592381237522e+01,1.662854044865353487e+01,2.000000000000000000e+01
9.003235420976967163e+00,9.308704869088805012e+00,1.022511321342431856e+01,1.175245656361106583e+01,1.389072792962491576e+01,1.663991550060880087e+01,2.000000000000000000e+01
9.040337680782915442e+00,9.344776497866178033e+00,1.025809294911596581e+01,1.178028315728086461e+01,1.391134015591367046e+01,1.665125217399795687e+01,2.000000000000000000e+01
9.077314760372766855e+00,9.380726423698222405e+00,1.029096141367458905e+01,1.180801586612764531e+01,1.393188283810818362e+01,1.666255059830674767e+01,2.000000000000000000e+01
9.114167082092501815e+00,9.416555057198969791e+00,1.032371898251837550e+01,1.183565500690995620e+01,1.395235621084379574e+01,1.667381090258411191e+01,2.000000000000000000e+01
9.150895066863382610e+00,9.452262807597307415e+00,1.035636602979908538e+01,1.186320089531779765e+01,1.397276050796431512e+01,1.668503321544363516e+01,2.000000000000000000e+01
9.187499134186730032e+00,9.487850082741623226e+00,1.038890292840630281e+01,1.189065384597619612e+01,1.399309596252467891e+01,1.669621766506501714e+01,2.000000000000000000e+01
9.223979702148708881e+00,9.523317289104452854e+00,1.042133004997168655e+01,1.191801417244879779e+01,1.401336280679360513e+01,1.670736437919554263e+01,2.000000000000000000e+01
9.260337187425065508e+00,9.558664831787096361e+00,1.045364776487318892e+01,1.194528218724142832e+01,1.403356127225624306e+01,1.671847348515152021e+01,2.000000000000000000e+01
9.296572005285886675e+00,9.593893114524233212e+00,1.048585644223927638e+01,1.197245820180565445e+01,1.405369158961679510e+01,1.672954510981973542e+01,2.000000000000000000e+01
9.332684569600315783e+00,9.629002539688519491e+00,1.051795644995313239e+01,1.199954252654233144e+01,1.407375398880116357e+01,1.674057937965891085e+01,2.000000000000000000e+01
9.368675292841274427e+00,9.663993508295167345e+00,1.054994815465684788e+01,1.202653547080513619e+01,1.409374869895955662e+01,1.675157642070113084e+01,2.000000000000000000e+01
9.404544586090153757e+00,9.698866420006513778e+00,1.058183192175559384e+01,1.205343734290409330e+01,1.411367594846909945e+01,1.676253635855328739e+01,2.000000000000000000e+01
9.440292859041500506e+00,9.733621673136573449e+00,1.061360811542179228e+01,1.208024845010909054e+01,1.413353596493644204e+01,1.677345931839850834e+01,2.000000000000000000e+01
9.475920520007690584e+00,9.768259664655582597e+00,1.064527709859926041e+01,1.210696909865337823e+01,1.415332897520036326e+01,1.678434542499759274e+01,2.000000000000000000e+01
9.511427975923574252e+00,9.802780790194518090e+00,1.067683923300734783e+01,1.213359959373706332e+01,1.417305520533433949e+01,1.679519480269041409e+01,2.000000000000000000e+01
9.546815632351124847e+00,9.837185444049609373e+00,1.070829487914506650e+01,1.216014023953058576e+01,1.419271488064913278e+01,1.680600757539735923e+01,2.000000000000000000e+01
9.582083893484048431e+00,9.871474019186836202e+00,1.073964439629519774e+01,1.218659133917819659e+01,1.421230822569536301e+01,1.681678386662073876e+01,2.000000000000000000e+01
9.617233162152414749e+00,9.905646907246408617e+00,1.077088814252838844e+01,1.221295319480139874e+01,1.423183546426606050e+01,1.682752379944618326e+01,2.000000000000000000e+01
9.652263839827236680e+00,9.939704498547236255e+00,1.080202647470723676e+01,1.223922610750241091e+01,1.425129681939922399e+01,1.683822749654406081e+01,2.000000000000000000e+01
9.687176326625042577e+00,9.973647182091372798e+00,1.083305974849036346e+01,1.226541037736759243e+01,1.427069251338036615e+01,1.684889508017086612e+01,2.000000000000000000e+01
9.721971021312468153e+00,1.000747534556846929e+01,1.086398831833647272e+01,1.229150630347086626e+01,1.429002276774505376e+01,1.685952667217063095e+01,2.000000000000000000e+01
9.756648321310775529e+00,1.004118937536017775e+01,1.089481253750838619e+01,1.231751418387714203e+01,1.430928780328142658e+01,1.687012239397629543e+01,2.000000000000000000e+01
9.791208622700409592e+00,1.007478965654457781e+01,1.092553275807708246e+01,1.234343431564570359e+01,1.432848784003272158e+01,1.688068236661111143e+01,2.000000000000000000e+01
9.825652320225502834e+00,1.010827657290055726e+01,1.095614933092572052e+01,1.236926699483361425e+01,1.434762309729979002e+01,1.689120671069001389e+01,2.000000000000000000e+01
9.859979807298392629e+00,1.014165050691220138e+01,1.098666260575362763e+01,1.239501251649907942e+01,1.436669379364358790e+01,1.690169554642099925e+01,2.000000000000000000e+01
9.894191476004104757e+00,1.017491183977315394e+01,1.101707293108030328e+01,1.242067117470482529e+01,1.438570014688768417e+01,1.691214899360649682e+01,2.000000000000000000e+01
9.928287717104828047e+00,1.020806095139096925e+01,1.104738065424939641e+01,1.244624326252145252e+01,1.440464237412073878e+01,1.692256717164474367e+01,2.000000000000000000e+01
9.962268920044376586e+00,1.024109822039144824e+01,1.107758612143266319e+01,1.247172907203078474e+01,1.442352069169898243e+01,1.693295019953113467e+01,2.000000000000000000e+01
9.996135472952639489e+00,1.027402402412296212e+01,1.110768967763392823e+01,1.249712889432919916e+01,1.444233531524868930e+01,1.694329819585960095e+01,2.000000000000000000e+01
1.002988776265000581e+01,1.030683873866075828e+01,1.113769166669301747e+01,1.252244301953095196e+01,1.446108645966863726e+01,1.695361127882393859e+01,2.000000000000000000e+01
1.006352617465177879e+01,1.033954273881125552e+01,1.116759243128968393e+01,1.254767173677148406e+01,1.447977433913256107e+01,1.696388956621917998e+01,2.000000000000000000e+01
1.009705109317258653e+01,1.037213639811631971e+01,1.119739231294751924e+01,1.257281533421073583e+01,1.449839916709159660e+01,1.697413317544292255e+01,2.000000000000000000e+01
1.013046290113075720e+01,1.040462008885753242e+01,1.122709165203785631e+01,1.259787409903642263e+01,1.451696115627671979e+01,1.698434222349668588e+01,2.000000000000000000e+01
1.016376198015270127e+01,1.043699418206043994e+01,1.125669078778365417e+01,1.262284831746732294e+01,1.453546051870117495e+01,1.699451682698722976e+01,2.000000000000000000e+01
1.019694871057726182e+01,1.046925904749878988e+01,1.128619005826337407e+01,1.264773827475654677e+01,1.455389746566289588e+01,1.700465710212790071e+01,2.000000000000000000e+01
1.023002347146006308e+01,1.050141505369875539e+01,1.131558980041483053e+01,1.267254425519478289e+01,1.457227220774692000e+01,1.701476316473994999e+01,2.000000000000000000e+01
1.026298664057783583e+01,1.053346256794313796e+01,1.134489035003904611e+01,1.269726654211356198e+01,1.459058495482779172e+01,1.702483513025385875e+01,2.000000000000000000e+01
1.029583859443272331e+01,1.056540195627556500e+01,1.137409204180409183e+01,1.272190541788847540e+01,1.460883591607196230e+01,1.703487311371066326e+01,2.000000000000000000e+01
1.032857970825659955e+01,1.059723358350467315e+01,1.140319520924889396e+01,1.274646116394240991e+01,1.462702529994017020e+01,1.704487722976325514e+01,2.000000000000000000e+01
1.036121035601533613e+01,1.062895781320826671e+01,1.143220018478705491e+01,1.277093406074875759e+01,1.464515331418983024e+01,1.705484759267769945e+01,2.000000000000000000e+01
1.039373091041308506e+01,1.066057500773747435e+01,1.146110729971064224e+01,1.279532438783462212e+01,1.466322016587740507e+01,1.706478431633453496e+01,2.000000000000000000e+01
1.042614174289652595e+01,1.069208552822088976e+01,1.148991688419398116e+01,1.281963242378400381e+01,1.468122606136075881e+01,1.707468751423008868e+01,2.000000000000000000e+01
1.045844322365911161e+01,1.072348973456868748e+01,1.151862926729741510e+01,1.284385844624098993e+01,1.469917120630153207e+01,1.708455729947774770e+01,2.000000000000000000e+01
1.049063572164529567e+01,1.075478798547673875e+01,1.154724477697106622e+01,1.286800273191292021e+01,1.471705580566747784e+01,1.709439378480927374e+01,2.000000000000000000e+01
1.052271960455475153e+01,1.078598063843070953e+01,1.157576374005858533e+01,1.289206555657355047e+01,1.473488006373480630e+01,1.710419708257607496e+01,2.000000000000000000e+01
1.055469523884655736e+01,1.081706804971013902e+01,1.160418648230088223e+01,1.291604719506619503e+01,1.475264418409051181e+01,1.711396730475049921e+01,2.000000000000000000e+01
1.058656298974340082e+01,1.084805057439251108e+01,1.163251332833984009e+01,1.293994792130687621e+01,1.477034836963471776e+01,1.712370456292710585e+01,2.000000000000000000e+01
1.061832322123573391e+01,1.087892856635730965e+01,1.166074460172203509e+01,1.296376800828744358e+01,1.478799282258296266e+01,1.713340896832394478e+01,2.000000000000000000e+01
1.064997629608593677e+01,1.090970237829005640e+01,1.168888062490241708e+01,1.298750772807869502e+01,1.480557774446853614e+01,1.714308063178383179e+01,2.000000000000000000e+01
1.068152257583245834e+01,1.094037236168634486e+01,1.171692171924800441e+01,1.301116735183348361e+01,1.482310333614477216e+01,1.715271966377559565e+01,2.000000000000000000e+01
1.071296242079395000e+01,1.097093886685584962e+01,1.174486820504155027e+01,1.303474714978981908e+01,1.484056979778733698e+01,1.716232617439536412e+01,2.000000000000000000e+01
1.074429619007337600e+01,1.100140224292633206e+01,1.177272040148520205e+01,1.305824739127394629e+01,1.485797732889652067e+01,1.717190027336780034e+01,2.000000000000000000e+01
1.077552424156211863e+01,1.103176283784762468e+01,1.180047862670414105e+01,1.308166834470342721e+01,1.487532612829952150e+01,1.718144207004736757e+01,2.000000000000000000e+01
1.080664693194406034e+01,1.106202099839560127e+01,1.182814319775022049e+01,1.310501027759020332e+01,1.489261639415270366e+01,1.719095167341957975e+01,2.000000000000000000e+01
1.083766461669966752e+01,1.109217707017614707e+01,1.185571443060558927e+01,1.312827345654365274e+01,1.490984832394387283e+01,1.720042919210224497e+01,2.000000000000000000e+01
1.086857765011003352e+01,1.112223139762909874e+01,1.188319264018629262e+01,1.315145814727363849e+01,1.492702211449452321e+01,1.720987473434669468e+01,2.000000000000000000e+01
1.089938638526094650e+01,1.115218432403217896e+01,1.191057814034587814e+01,1.317456461459353356e+01,1.494413796196209177e+01,1.721928840803903427e+01,2.000000000000000000e+01
1.093009117404690222e+01,1.118203619150492045e+01,1.193787124387897691e+01,1.319759312242325677e+01,1.496119606184219464e+01,1.722867032070136517e+01,2.000000000000000000e+01
1.096069236717513995e+01,1.121178734101257390e+01,1.196507226252487754e+01,1.322054393379227655e+01,1.497819660897085647e+01,1.723802057949302124e+01,2.000000000000000000e+01
1.099119031416963388e+01,1.124143811236999468e+01,1.199218150697107532e+01,1.324341731084262364e+01,1.499513979752674331e+01,1.724733929121178733e+01,2.000000000000000000e+01
1.102158536337509709e+01,1.127098884424553304e+01,1.201919928685683914e+01,1.326621351483188427e+01,1.501202582103338479e+01,1.725662656229512493e+01,2.000000000000000000e+01
1.105187786196095345e+01,1.130043987416489948e+01,1.204612591077673578e+01,1.328893280613617733e+01,1.502885487236136797e+01,1.726588249882138015e+01,2.000000000000000000e+01
1.108206815592530070e+01,1.132979153851501586e+01,1.207296168628416133e+01,1.331157544425313688e+01,1.504562714373055066e+01,1.727510720651099874e+01,2.000000000000000000e+01
1.111215659009886991e+01,1.135904417254786303e+01,1.209970691989484415e+01,1.333414168780486797e+01,1.506234282671225877e+01,1.728430079072773751e+01,2.000000000000000000e+01
1.114214350814895660e+01,1.138819811038430885e+01,1.212636191709036204e+01,1.335663179454090965e+01,1.507900211223146947e+01,1.729346335647985811e+01,2.000000000000000000e+01
1.117202925258335533e+01,1.141725368501791849e+01,1.215292698232160973e+01,1.337904602134116594e+01,1.509560519056899253e+01,1.730259500842133846e+01,2.000000000000000000e+01
1.120181416475425351e+01,1.144621122831876470e+01,1.217940241901229470e+01,1.340138462421885812e+01,1.511215225136364992e+01,1.731169585085305584e+01,2.000000000000000000e+01
1.123149858486215891e+01,1.147507107103721857e+01,1.220578852956239757e+01,1.342364785832343088e+01,1.512864348361443056e+01,1.732076598772398768e+01,2.000000000000000000e+01
1.126108285195975611e+01,1.150383354280772252e+01,1.223208561535161820e+01,1.344583597794347618e+01,1.514507907568265921e+01,1.732980552263239815e+01,2.000000000000000000e+01
1.129056730395579677e+01,1.153249897215255615e+01,1.225829397674283250e+01,1.346794923650963582e+01,1.516145921529414231e+01,1.733881455882701061e+01,2.000000000000000000e+01
1.131995227761895251e+01,1.156106768648559147e+01,1.228441391308550656e+01,1.348998788659749692e+01,1.517778408954131208e+01,1.734779319920820484e+01,2.000000000000000000e+01
1.134923810858166604e+01,1.158954001211603213e+01,1.231044572271913218e+01,1.351195217993047493e+01,1.519405388488536879e+01,1.735674154632917876e+01,2.000000000000000000e+01
1.137842513134397926e+01,1.161791627425213846e+01,1.233638970297661963e+01,1.353384236738269131e+01,1.521026878715840525e+01,1.736565970239711731e+01,2.000000000000000000e+01
1.140751367927735238e+01,1.164619679700494181e+01,1.236224615018770479e+01,1.355565869898182996e+01,1.522642898156552960e+01,1.737454776927437905e+01,2.000000000000000000e+01
1.143650408462848844e+01,1.167438190339194826e+01,1.238801535968232592e+01,1.357740142391200777e+01,1.524253465268698271e+01,1.738340584847963299e+01,2.000000000000000000e+01
1.146539667852310096e+01,1.170247191534082809e+01,1.241369762579400593e+01,1.359907079051661682e+01,1.525858598448024317e+01,1.739223404118903815e+01,2.000000000000000000e+01
1.149419179096972243e+01,1.173046715369309290e+01,1.243929324186320251e+01,1.362066704630114522e+01,1.527458316028213936e+01,1.740103244823739459e+01,2.000000000000000000e+01
1.152288975086344891e+01,1.175836793820775306e+01,1.246480250024066727e+01,1.364219043793602637e+01,1.529052636281092425e+01,1.740980117011929451e+01,2.000000000000000000e+01
1.155149088598971652e+01,1.178617458756498415e+01,1.249022569229078350e+01,1.366364121125944031e+01,1.530641577416838039e+01,1.741854030699026268e+01,2.000000000000000000e+01
1.157999552302804425e+01,1.181388741936975606e+01,1.251556310839489505e+01,1.368501961128013100e+01,1.532225157584188935e+01,1.742724995866790749e+01,2.000000000000000000e+01
1.160840398755574121e+01,1.184150675015546028e+01,1.254081503795461572e+01,1.370632588218020409e+01,1.533803394870651182e+01,1.743593022463306852e+01,2.000000000000000000e+01
1.163671660405166364e+01,1.186903289538753370e+01,1.256598176939514566e+01,1.372756026731790868e+01,1.535376307302704646e+01,1.744458120403093560e+01,2.000000000000000000e+01
1.166493369589988838e+01,1.189646616946705393e+01,1.259106359016855237e+01,1.374872300923042090e+01,1.536943912846009042e+01,1.745320299567218925e+01,2.000000000000000000e+01
1.169305558539341838e+01,1.192380688573433112e+01,1.261606078675707110e+01,1.376981434963661144e+01,1.538506229405609282e+01,1.746179569803413756e+01,2.000000000000000000e+01
1.172108259373786687e+01,1.195105535647249084e+01,1.264097364467636098e+01,1.379083452943982380e+01,1.540063274826140649e+01,1.747035940926183173e+01,2.000000000000000000e+01
1.174901504105512906e+01,1.197821189291103927e+01,1.266580244847877168e+01,1.381178378873059209e+01,1.541615066892031471e+01,1.747889422716919228e+01,2.000000000000000000e+01
1.177685324638702191e+01,1.200527680522941765e+01,1.269054748175660130e+01,1.383266236678942285e+01,1.543161623327706877e+01,1.748740024924010683e+01,2.000000000000000000e+01
1.180459752769895232e+01,1.203225040256054612e+01,1.271520902714532752e+01,1.385347050208949327e+01,1.544702961797790763e+01,1.749587757262957410e+01,2.000000000000000000e+01
1.183224820188352489e+01,1.205913299299435160e+01,1.273978736632683173e+01,1.387420843229939749e+01,1.546239099907308834e+01,1.750432629416480168e+01,2.000000000000000000e+01
1.185980558476417990e+01,1.208592488358129025e+01,1.276428278003262484e+01,1.389487639428584842e+01,1.547770055201887551e+01,1.751274651034629670e+01,2.000000000000000000e+01
1.188726999109878157e+01,1.211262638033584871e+01,1.278869554804705189e+01,1.391547462411639557e+01,1.549295845167956465e+01,1.752113831734899208e+01,2.000000000000000000e+01
1.191464173458323650e+01,1.213923778824004884e+01,1.281302594921048588e+01,1.393600335706210913e+01,1.550816487232947161e+01,1.752950181102332294e+01,2.000000000000000000e+01
1.194192112785506232e+01,1.216575941124692584e+01,1.283727426142251282e+01,1.395646282760026935e+01,1.552331998765492216e+01,1.753783708689634580e+01,2.000000000000000000e+01
1.196910848249695825e+01,1.219219155228399565e+01,1.286144076164510608e+01,1.397685326941705419e+01,1.553842397075623794e+01,1.754614424017280427e+01,2.000000000000000000e+01
1.199620410904037016e+01,1.221853451325672602e+01,1.288552572590579182e+01,1.399717491541020387e+01,1.555347699414971530e+01,1.755442336573623763e+01,2.000000000000000000e+01
1.202320831696903447e+01,1.224478859505197548e+01,1.290952942930079850e+01,1.401742799769167114e+01,1.556847922976959353e+01,1.756267455815004652e+01,2.000000000000000000e+01
1.205012141472250420e+01,1.227095409754142885e+01,1.293345214599820103e+01,1.403761274759028588e+01,1.558343084897001418e+01,1.757089791165858728e+01,2.000000000000000000e+01
1.207694370969969100e+01,1.229703131958503093e+01,1.295729414924105072e+01,1.405772939565438762e+01,1.559833202252699103e+01,1.757909352018824123e+01,2.000000000000000000e+01
1.210367550826235750e+01,1.232302055903439353e+01,1.298105571135049985e+01,1.407777817165446699e+01,1.561318292064034097e+01,1.758726147734848766e+01,2.000000000000000000e+01
1.213031711573863447e+01,1.234892211273620255e+01,1.300473710372890501e+01,1.409775930458578586e+01,1.562798371293564514e+01,1.759540187643298026e+01,2.000000000000000000e+01
1.215686883642648830e+01,1.237473627653560015e+01,1.302833859686293749e+01,1.411767302267098856e+01,1.564273456846618693e+01,1.760351481042060229e+01,2.000000000000000000e+01
1.218333097359721329e+01,1.240046334527957406e+01,1.305186046032666169e+01,1.413751955336272204e+01,1.565743565571486684e+01,1.761160037197652883e+01,2.000000000000000000e+01
1.220970382949888311e+01,1.242610361282031839e+01,1.307530296278462423e+01,1.415729912334621865e+01,1.567208714259613700e+01,1.761965865345329618e+01,2.000000000000000000e+01
1.223598770535981828e+01,1.245165737201859280e+01,1.309866637199491457e+01,1.417701195854188967e+01,1.568668919645793025e+01,1.762768974689184986e+01,2.000000000000000000e+01
1.226218290139201450e+01,1.247712491474706553e+01,1.312195095481222396e+01,1.419665828410791342e+01,1.570124198408354843e+01,1.763569374402259271e+01,2.000000000000000000e+01
1.228828971679456039e+01,1.250250653189364591e+01,1.314515697719090070e+01,1.421623832444280033e+01,1.571574567169357728e+01,1.764367073626644000e+01,2.000000000000000000e+01
1.231430844975709427e+01,1.252780251336481676e+01,1.316828470418798247e+01,1.423575230318795626e+01,1.573020042494780135e+01,1.765162081473585687e+01,2.000000000000000000e+01
1.234023939746316501e+01,1.255301314808892954e+01,1.319133439996622137e+01,1.425520044323023860e+01,1.574460640894706742e+01,1.765954407023590278e+01,2.000000000000000000e+01
1.236608285609366042e+01,1.257813872401952082e+01,1.321430632779710557e+01,1.427458296670449300e+01,1.575896378823519228e+01,1.766744059326526894e+01,2.000000000000000000e+01
1.239183912083016104e+01,1.260317952813858611e+01,1.323720075006386665e+01,1.429390009499611303e+01,1.577327272680082615e+01,1.767531047401730859e+01,2.000000000000000000e+01
1.241750848585833467e+01,1.262813584645986964e+01,1.326001792826447101e+01,1.431315204874354308e+01,1.578753338807934448e+01,1.768315380238106727e+01,2.000000000000000000e+01
1.244309124437129555e+01,1.265300796403212580e+01,1.328275812301461656e+01,1.433233904784081858e+01,1.580174593495469360e+01,1.769097066794231665e+01,2.000000000000000000e+01
1.246858768857293853e+01,1.267779616494237871e+01,1.330542159405069569e+01,1.435146131144006176e+01,1.581591052976127187e+01,1.769876115998457067e+01,2.000000000000000000e+01
1.249399810968128577e+01,1.270250073231915877e+01,1.332800860023277956e+01,1.437051905795399520e+01,1.583002733428576470e+01,1.770652536749010508e+01,2.000000000000000000e+01
1.251932279793180669e+01,1.272712194833574451e+01,1.335051939954755440e+01,1.438951250505843227e+01,1.584409650976900608e+01,1.771426337914098426e+01,2.000000000000000000e+01
1.254456204258075047e+01,1.275166009421338309e+01,1.337295424911128450e+01,1.440844186969476937e+01,1.585811821690781187e+01,1.772197528332005589e+01,2.000000000000000000e+01
1.256971613190842341e+01,1.277611545022450379e+01,1.339531340517274138e+01,1.442730736807245151e+01,1.587209261585682185e+01,1.772966116811197423e+01,2.000000000000000000e+01
1.259478535322250714e+01,1.280048829569591362e+01,1.341759712311613306e+01,1.444610921567145212e+01,1.588601986623032936e+01,1.773732112130420546e+01,2.000000000000000000e+01
1.261976999286132362e+01,1.282477890901199835e+01,1.343980565746402078e+01,1.446484762724472972e+01,1.589990012710409140e+01,1.774495523038802247e+01,2.000000000000000000e+01
