1.146680877713911056e-01,3.134688493005542420e-01,9.098711338880436372e-01,1.903877484614813875e+00,3.295493843741476248e+00,5.084734173072674501e+00,7.271631240666605045e+00,9.856262278140953015e+00,1.283881018328617252e+01,1.621970995124861048e+01,2.000000000000000000e+01
2.314099502952461085e-01,4.290058486545129113e-01,1.021793543732313347e+00,2.009781734071706794e+00,3.392989017010254127e+00,5.171454325967808963e+00,7.345257252985448737e+00,9.914557060560301949e+00,1.287966321287056637e+01,1.624114988003249849e+01,2.000000000000000000e+01
3.498419950349093699e-01,5.462300462155963432e-01,1.135394199757657319e+00,2.117351556127484269e+00,3.492136162310266023e+00,5.259812942094238331e+00,7.420500749408279084e+00,9.974409052643689932e+00,1.292188965622195518e+01,1.626349411234571463e+01,2.000000000000000000e+01
4.696313344575069881e-01,6.648098406557472195e-01,1.250345359250467858e+00,2.226263384641827159e+00,3.592611868333522640e+00,5.349475616752513041e+00,7.496996762800013592e+00,1.003540218550849339e+01,1.296503364032285077e+01,1.628636766142448167e+01,2.000000000000000000e+01
5.904855406881411861e-01,7.844531258810609753e-01,1.366355881459820454e+00,2.336225943889304268e+00,3.694121081136124474e+00,5.440137467661494419e+00,7.574425316372251693e+00,1.009720653233977750e+01,1.300878905763404170e+01,1.630956794518910868e+01,2.000000000000000000e+01
7.121458327022084367e-01,9.049010351752911907e-01,1.483166642594539564e+00,2.446978899503074345e+00,3.796400659707489300e+00,5.531531627667906292e+00,7.652519021718451775e+00,1.015956750400124520e+01,1.305294389512407349e+01,1.633297034819556259e+01,2.000000000000000000e+01
8.343829641299785882e-01,1.025924243556725735e+00,1.600548081836967063e+00,2.558292305816968870e+00,3.899220675152764048e+00,5.623430509712462388e+00,7.731059221884903465e+00,1.022228891980975973e+01,1.309734586389964228e+01,1.635649111979348902e+01,2.000000000000000000e+01
9.569946514178032659e-01,1.147320600381905642e+00,1.718298447274212659e+00,2.669965523323861056e+00,4.002383354940934446e+00,5.715643018607943660e+00,7.809868611131248528e+00,1.028521848223101109e+01,1.314188210444372018e+01,1.638007058054265386e+01,2.000000000000000000e+01
1.079803626298109664e+00,1.268913226246297876e+00,1.836242026090862289e+00,2.781825377249233622e+00,4.105720516797067177e+00,5.808010128872604483e+00,7.888803714581200666e+00,1.034823683825232621e+01,1.318646691828488571e+01,1.640366451455179586e+01,2.000000000000000000e+01
1.202655797319496678e+00,1.390548631824477077e+00,1.954227135339418053e+00,2.893723758872527974e+00,4.209090307565129585e+00,5.900400173123503400e+00,7.967748352920171584e+00,1.041124961849170383e+01,1.323103403177013426e+01,1.642723928481001039e+01,2.000000000000000000e+01
1.325418321634581398e+00,1.512094715586949301e+00,2.072123897444052787e+00,3.005534953194047620e+00,4.312373795958322376e+00,5.992704457370026105e+00,8.046608294904132208e+00,1.047418165060128104e+01,1.327553149755574324e+01,1.645076882997032186e+01,2.000000000000000000e+01
1.447977571125405261e+00,1.633438656398603861e+00,2.189821912218200328e+00,3.117152926707045690e+00,4.415471726256268603e+00,6.084833424144059144e+00,8.125306983278694162e+00,1.053697270616669890e+01,1.331991819733773674e+01,1.647423269952182423e+01,2.000000000000000000e+01
1.570237055317686314e+00,1.754484777309641252e+00,2.307227943285506289e+00,3.228488731417221924e+00,4.518301577057558305e+00,6.176713396200190331e+00,8.203782143058758081e+00,1.059957432697376589e+01,1.336416135942235250e+01,1.649761470486028969e+01,2.000000000000000000e+01
1.692115380162833915e+00,1.875152462869072334e+00,2.424263710987788034e+00,3.339468114046088676e+00,4.620794973733231892e+00,6.268283855149062944e+00,8.281983088763283263e+00,1.066194741932756607e+01,1.340823474557796224e+01,1.652090195765506309e+01,2.000000000000000000e+01
1.813544309572533209e+00,1.995374195057632916e+00,2.540863851512932481e+00,3.450029371194762273e+00,4.722895452588176113e+00,6.359495183905409910e+00,8.359868578100092762e+00,1.072406040358776202e+01,1.345211729504436171e+01,1.654408416360896439e+01,2.000000000000000000e+01
1.934466975254507837e+00,2.115093749867306805e+00,2.656974073705703709e+00,3.560121460180929009e+00,4.824556550632128626e+00,6.450306799693483306e+00,8.437405092057760569e+00,1.078588777196295112e+01,1.349579209044428296e+01,1.656715309130451885e+01,2.000000000000000000e+01
2.054836259619705174e+00,2.234264575692168187e+00,2.772549523909557667e+00,3.669702356844031677e+00,4.925740185385094172e+00,6.540685611295336876e+00,8.514565448914485302e+00,1.084740895155015572e+01,1.353924555636125859e+01,1.659010216499448731e+01,2.000000000000000000e+01
2.174613360022679132e+00,2.352848358766312487e+00,2.887553354997212995e+00,3.778737641722740737e+00,5.026415287268117815e+00,6.630604743780159183e+00,8.591327681325118704e+00,1.090860739917384414e+01,1.358246682990163912e+01,1.661292614750938768e+01,2.000000000000000000e+01
2.293766531018214483e+00,2.470813770043143176e+00,3.001955487117929700e+00,3.887199291542150270e+00,5.126556648940312044e+00,6.720042483401253541e+00,8.667674122129243486e+00,1.096946987475061874e+01,1.362544726085837432e+01,1.663562089017452905e+01,2.000000000000000000e+01
2.412269994035066478e+00,2.588135381301825078e+00,3.115731543102100876e+00,3.995064651770140696e+00,5.226143959334017985e+00,6.808981403707453417e+00,8.743590656924915550e+00,1.102998585388608710e+01,1.366818001116671688e+01,1.665818313350824909e+01,2.000000000000000000e+01
2.530102999870627922e+00,2.704792734807258903e+00,3.228861939617152732e+00,4.102315566713887307e+00,5.325160994023592664e+00,6.897407640958885366e+00,8.819066110771942135e+00,1.109014705026043046e+01,1.371065973151525164e+01,1.668061034702669687e+01,2.000000000000000000e+01
2.647249027720945058e+00,2.820769549557770262e+00,3.341331115068245872e+00,4.208937645341347178e+00,5.423594937401191807e+00,6.985310292735743332e+00,8.894091743422087859e+00,1.114994702541411087e+01,1.375288229863944345e+01,1.670290059957768136e+01,2.000000000000000000e+01
2.763695104282467785e+00,2.936053047255159143e+00,3.453126876173232329e+00,4.314919643181981179e+00,5.521435815678819026e+00,7.072680918354822488e+00,8.968660832821774065e+00,1.120938086868005179e+01,1.379484460083373065e+01,1.672505245378356875e+01,2.000000000000000000e+01
2.879431227202967847e+00,3.050633382060123910e+00,3.564239846631591657e+00,4.420252942959169928e+00,5.618676022895770394e+00,7.159513123547213809e+00,9.042768330736464577e+00,1.126844493380460577e+01,1.383654436211094740e+01,1.674706487970901136e+01,2.000000000000000000e+01
2.994449878405255117e+00,3.164503159563431645e+00,3.674663003037961229e+00,4.524931118846860834e+00,5.715309924866840419e+00,7.245802214969134347e+00,9.116410577525300596e+00,1.132713662164751867e+01,1.387797999756315548e+01,1.676893718398395805e+01,2.000000000000000000e+01
3.108745614283046965e+00,3.277657031954080757e+00,3.784391284967182578e+00,4.628949571325437162e+00,5.811333528379234004e+00,7.331544912656339008e+00,9.189585065581688639e+00,1.138545420051795176e+01,1.391915049406513738e+01,1.679066895143620997e+01,2.000000000000000000e+01
3.222314721298920492e+00,3.390091357940368422e+00,3.893421267864710877e+00,4.732305221490667790e+00,5.906744204970450163e+00,7.416739110604783747e+00,9.262290242919121397e+00,1.144339665737324196e+01,1.396005531166495217e+01,1.681225999690611772e+01,2.000000000000000000e+01
3.335154926995181679e+00,3.501803917484389572e+00,4.001750888952013696e+00,4.834996255330933579e+00,6.001540460336522997e+00,7.501383677356745494e+00,9.334525349944822636e+00,1.150096357440916250e+01,1.400069430193104836e+01,1.683371032538778422e+01,2.000000000000000000e+01
3.447265157801959301e+00,3.612793672794762934e+00,4.109379217773175164e+00,4.937021909936280650e+00,6.095721741870418597e+00,7.585478289864662216e+00,9.406290283717842371e+00,1.155815502659632976e+01,1.404106764024497522e+01,1.685502009900510956e+01,2.000000000000000000e+01
3.558645336265898518e+00,3.723060568264200842e+00,4.216306264259108261e+00,5.038382294852585375e+00,6.189288278051960468e+00,7.669023295051914602e+00,9.477585485000970422e+00,1.161497149653335725e+01,1.408117576959505612e+01,1.687618960961578551e+01,2.000000000000000000e+01
3.669296211418954901e+00,3.832605363132855825e+00,4.322532818274557265e+00,5.139078242864219881e+00,6.282240944437111452e+00,7.752019594436098338e+00,9.548411844238218649e+00,1.167141380364157754e+01,1.412101935387617502e+01,1.689721925606120223e+01,2.000000000000000000e+01
3.779219216963318306e+00,3.941429491610474845e+00,4.428060315551944903e+00,5.239111185399695891e+00,6.374581151855734262e+00,7.834468547962957885e+00,9.618770623260765262e+00,1.172748304525426377e+01,1.416059923906101758e+01,1.691810952525945666e+01,2.000000000000000000e+01
3.888416352774509477e+00,4.049534946010854064e+00,4.532890725719887826e+00,5.338483048527041142e+00,6.466310753148515111e+00,7.916371893847106378e+00,9.688663390074205850e+00,1.178318054758223887e+01,1.419991642089882333e+01,1.693886097648264411e+01,2.000000000000000000e+01
3.996890085932584213e+00,4.156924179154017907e+00,4.637026458818318098e+00,5.437196166157992394e+00,6.557431965377928940e+00,7.997731681753243116e+00,9.758091964531990570e+00,1.183850782488774023e+01,1.423897201803350576e+01,1.695947422827613238e+01,2.000000000000000000e+01
4.104643268094499753e+00,4.263600022888884844e+00,4.740470287272040117e+00,5.535253207629758698e+00,6.647947304953433445e+00,8.078550217097756558e+00,9.827058373072720343e+00,1.189346654548524818e+01,1.427776724962540023e+01,1.697994994757219089e+01,2.000000000000000000e+01
4.211679066532163063e+00,4.369565620095203329e+00,4.843225280784325015e+00,5.632657117295237548e+00,6.737859533533619327e+00,8.158830014621518245e+00,9.895564811006927641e+00,1.194805850342381426e+01,1.431630341671849571e+01,1.700028884062781742e+01,2.000000000000000000e+01
4.318000906593052690e+00,4.474824367951006465e+00,4.945294752024866902e+00,5.729411064140475851e+00,6.827171612921111077e+00,8.238573759693046838e+00,9.963613611093901312e+00,1.200228559489990232e+01,1.435458188672452984e+01,1.702049164548003901e+01,2.000000000000000000e+01
4.423612423704627261e+00,4.579379870611805181e+00,5.046682211333338941e+00,5.825518399773399025e+00,6.915886667460958925e+00,8.317784276057976101e+00,1.003120721736057597e+01,1.205614979861038627e+01,1.439260408050207829e+01,1.704055912566428432e+01,2.000000000000000000e+01
4.528517423350213456e+00,4.683235899750430420e+00,5.147391328951080425e+00,5.920982623400208311e+00,7.004007952699607742e+00,8.396464498964389733e+00,1.009834816328987017e+01,1.210965315938842224e+01,1.443037146159699802e+01,1.706049206498452975e+01,2.000000000000000000e+01
4.632719847701405769e+00,4.786396361660454346e+00,5.247425903537600966e+00,6.015807352633774308e+00,7.091538829267199695e+00,8.474617452771607162e+00,1.016503905365174987e+01,1.216279777457522115e+01,1.446788552728361665e+01,1.708029126315954827e+01,2.000000000000000000e+01
4.736223747807735585e+00,4.888865269839070216e+00,5.346789835933072332e+00,6.109996299168964029e+00,7.178482741117632848e+00,8.552246232298335471e+00,1.023128254937151738e+01,1.221558578267230111e+01,1.450514780110657576e+01,1.709995753219919479e+01,2.000000000000000000e+01
4.839033260425163796e+00,4.990646722143663006e+00,5.445487107299161522e+00,6.203553248519232177e+00,7.264843197404195152e+00,8.629353987289666961e+00,1.029708135493063814e+01,1.226801935389487141e+01,1.454215982667346907e+01,1.711949169338905818e+01,2.000000000000000000e+01
4.941152588716151151e+00,5.091744881765514208e+00,5.543521760913602492e+00,6.296482043141867990e+00,7.350623757388109247e+00,8.705943909485418075e+00,1.036243820787952963e+01,1.232010068231032029e+01,1.457892316249020759e+01,1.713889457478227740e+01,2.000000000000000000e+01
5.042585986180654345e+00,5.192163961388892801e+00,5.640897887013607281e+00,6.388786568390556475e+00,7.435828017877233798e+00,8.782019221858242020e+00,1.042735587011161691e+01,1.237183197929842038e+01,1.461543937766573897e+01,1.715816700911411985e+01,2.000000000000000000e+01
5.143337743283107777e+00,5.291908210008116065e+00,5.737619610183141816e+00,6.480470740826755893e+00,7.520459602775388497e+00,8.857583169661516820e+00,1.049183712060622753e+01,1.242321546811365707e+01,1.465171004834163071e+01,1.717730983206906004e+01,2.000000000000000000e+01
5.243412176328855701e+00,5.390981901962288880e+00,5.833691078862589308e+00,6.571538498498940228e+00,7.604522154392345357e+00,8.932639012986745897e+00,1.055588474939653842e+01,1.247425337936667944e+01,1.468773675472607110e+01,1.719632388084176711e+01,2.000000000000000000e+01
5.342813618217334692e+00,5.489389327820265230e+00,5.929116456629056842e+00,6.661993792863451169e+00,7.688019326222463867e+00,9.007190020580035039e+00,1.061950155255919981e+01,1.252494794727221361e+01,1.472352107863191506e+01,1.721520999294315502e+01,2.000000000000000000e+01
5.441546410760931707e+00,5.587134786809146547e+00,6.023899914953791956e+00,6.751840582074774666e+00,7.770954776948385323e+00,9.081239464708708908e+00,1.068269032805607210e+01,1.257530140653619988e+01,1.475906460143502841e+01,1.723396900521081676e+01,2.000000000000000000e+01
5.539614898309945801e+00,5.684222580530402524e+00,6.118045627191772695e+00,6.841082825418097535e+00,7.853332165466532011e+00,9.154790616903818901e+00,1.074545387228660864e+01,1.262531598977599323e+01,1.479436890238312863e+01,1.725260175298984322e+01,2.000000000000000000e+01
5.637023422467042799e+00,5.780657007750055421e+00,6.211557763599090620e+00,6.929724478694648582e+00,7.935155146764875767e+00,9.227846744433149340e+00,1.080779497723291982e+01,1.267499392538510961e+01,1.482943555719692696e+01,1.727110906945574342e+01,2.000000000000000000e+01
5.733776317710464809e+00,5.876442360084750405e+00,6.304440487207607191e+00,7.017769490401730259e+00,8.016427368511516605e+00,9.300411107383462550e+00,1.086971642809908012e+01,1.272433743576868004e+01,1.486426613691496712e+01,1.728949178505586559e+01,2.000000000000000000e+01
5.829877907775177448e+00,5.971582918435031750e+00,6.396697950414596434e+00,7.105221798575515280e+00,8.097152468236071599e+00,9.372486956250826395e+00,1.093122100136263342e+01,1.277334873588804953e+01,1.489886220694172181e+01,1.730775072704960493e+01,2.000000000000000000e+01
5.925332502666164736e+00,6.066082950041796984e+00,6.488334292168693729e+00,7.192085328186592186e+00,8.177334071005430971e+00,9.444077529954622463e+00,1.099231146316977714e+01,1.282203003206313419e+01,1.493322532626512000e+01,1.732588671913098821e+01,2.000000000000000000e+01
6.020144396198850778e+00,6.159946706062409127e+00,6.579353635653085952e+00,7.278363988996418676e+00,8.256975787511754206e+00,9.515186054204860966e+00,1.105299056801715629e+01,1.287038352098970151e+01,1.496735704681536738e+01,1.734390058111990029e+01,2.000000000000000000e+01
6.114317863979096934e+00,6.253178419580158298e+00,6.669760086383341502e+00,7.364061673798105723e+00,8.336081212504186766e+00,9.585815740164038701e+00,1.111326105767255612e+01,1.291841138893582297e+01,1.500125891294153746e+01,1.736179312871061242e+01,2.000000000000000000e+01
6.207857161749700481e+00,6.345782303975013861e+00,6.759557730650953111e+00,7.449182256977640471e+00,8.414653923507149358e+00,9.655969783354597880e+00,1.117312566029481857e+01,1.296611581108768618e+01,1.503493246098633129e+01,1.737956517326797368e+01,2.000000000000000000e+01
6.300766524042440864e+00,6.437762551595598737e+00,6.848750634255073244e+00,7.533729593342227027e+00,8.492697479777527647e+00,9.725651362771062125e+00,1.123258708971976105e+01,1.301349895101991017e+01,1.506837921894267751e+01,1.739721752166337865e+01,2.000000000000000000e+01
6.393050163084797788e+00,6.529123332682219782e+00,6.937342841474485766e+00,7.617707517171289133e+00,8.570215421460963157e+00,9.794863640162823515e+00,1.129164804488448759e+01,1.306056296026959629e+01,1.510160070617847872e+01,1.741475097614388190e+01,2.000000000000000000e+01
6.484712267918960826e+00,6.619868794499166320e+00,7.025338374239784578e+00,7.701119841453026638e+00,8.647211268914075433e+00,9.863609759459068371e+00,1.135031120936698912e+01,1.310730997799683628e+01,1.513459843321819598e+01,1.743216633422888506e+01,2.000000000000000000e+01
6.575757003697677128e+00,6.710003060641351880e+00,7.112741231472377024e+00,7.783970357275586949e+00,8.723688522164962933e+00,9.931892846312189604e+00,1.140857925102180737e+01,1.315374213071720177e+01,1.516737390157171816e+01,1.744946438862982774e+01,2.000000000000000000e+01
6.666188511127479011e+00,6.799530230486222848e+00,7.199555388562455249e+00,7.866262833347029471e+00,8.799650660488824272e+00,9.999716007739833046e+00,1.146645482169568986e+01,1.319986153209423385e+01,1.519992860360264864e+01,1.746664592718900266e+01,2.000000000000000000e+01
6.756010906034599195e+00,6.888454378766627251e+00,7.285784796962710530e+00,7.948001015622542020e+00,8.875101142079516947e+00,1.006708233184911272e+01,1.152394055700985476e+01,1.324567028278180381e+01,1.523226402242934796e+01,1.748371173283429414e+01,2.000000000000000000e+01
6.845228279033086061e+00,6.976779555244415398e+00,7.371433383878405188e+00,8.029188627020960922e+00,8.950043403800922448e+00,1.013399488762920342e+01,1.158103907619768869e+01,1.329117047030805843e+01,1.526438163185329167e+01,1.750066258354715742e+01,2.000000000000000000e+01
6.933844695277929127e+00,7.064509784467854381e+00,7.456505052037632808e+00,8.109829367215587226e+00,9.024480861004747112e+00,1.020045672480081755e+01,1.163775298198855168e+01,1.333636416899388522e+01,1.529628289631008720e+01,1.751749925234162930e+01,2.000000000000000000e+01
7.021864194288929717e+00,7.151649065598769006e+00,7.541003679528286874e+00,8.189926912486816590e+00,9.098416907403573006e+00,1.026647087371300771e+01,1.169408486052994256e+01,1.338125343990011196e+01,1.532796927083936289e+01,1.753422250725245135e+01,2.000000000000000000e+01
7.109290789833386803e+00,7.238201372297658587e+00,7.624933119690473937e+00,8.269484915626138744e+00,9.171854914989815200e+00,1.033204034527927817e+01,1.175003728134149839e+01,1.342584033079855210e+01,1.535944220107028002e+01,1.755083311133081025e+01,2.000000000000000000e+01
7.196128469857627330e+00,7.324170652656972536e+00,7.708297201055008152e+00,8.348507005882822796e+00,9.244798233992844061e+00,1.039716813094635128e+01,1.180561279729546520e+01,1.347012687616286186e+01,1.539070312322007084e+01,1.756733182264636639e+01,2.000000000000000000e+01
7.282381196459120076e+00,7.409560829174377972e+00,7.791099727320149881e+00,8.426996788946032879e+00,9.317250192867730263e+00,1.046185720269001784e+01,1.186081394461908367e+01,1.351411509717580373e+01,1.542175346410331294e+01,1.758371939429450848e+01,2.000000000000000000e+01
7.368052905892231053e+00,7.494375798759185692e+00,7.873344477360050497e+00,8.504957846956299861e+00,9.389214098310254997e+00,1.052611051303344603e+01,1.191564324291516819e+01,1.355780700175011688e+01,1.545259464115012982e+01,1.759999657440789278e+01,2.000000000000000000e+01
7.453147508601831284e+00,7.578619432766243058e+00,7.955035205259477493e+00,8.582393738541345130e+00,9.460693235293629044e+00,1.058993099508408164e+01,1.197010319519772281e+01,1.360120458456061421e+01,1.548322806243172778e+01,1.761616410617158124e+01,2.000000000000000000e+01
7.537668889279988349e+00,7.662295577052557149e+00,8.036175640370263551e+00,8.659307998871993206e+00,9.531690867123185029e+00,1.065332156258588192e+01,1.202419628793995798e+01,1.364430982708557849e+01,1.551365512669203461e+01,1.763222272784107147e+01,2.000000000000000000e+01
7.621620906941683593e+00,7.745408052052691339e+00,8.116769487385711912e+00,8.735704139734723483e+00,9.602210235505891589e+00,1.071628510998424488e+01,1.207792499113257279e+01,1.368712469765578099e+01,1.554387722338431210e+01,1.764817317276278175e+01,2.000000000000000000e+01
7.705007395016232330e+00,7.827960652869613511e+00,8.196820426429756168e+00,8.811585649617876825e+00,9.672254560632062237e+00,1.077882451250134288e+01,1.213129175835044471e+01,1.372965115150979720e+01,1.557389573271187899e+01,1.766401616939647568e+01,2.000000000000000000e+01
7.787832161451596846e+00,7.909957149378276320e+00,8.276332113158312964e+00,8.886955993809118937e+00,9.741827041267098863e+00,1.084094262622002525e+01,1.218429902682620813e+01,1.377189113085444738e+01,1.560371202567216464e+01,1.767975244133929991e+01,2.000000000000000000e+01
7.870098988829290931e+00,7.991401286339607779e+00,8.355308178870556546e+00,8.961818614502096381e+00,9.810930854851424243e+00,1.090264228817469139e+01,1.223694921752948517e+01,1.381384656492943996e+01,1.563332746410353025e+01,1.769538270735117536e+01,2.000000000000000000e+01
7.951811634487899738e+00,8.072296783523006170e+00,8.433752230628325464e+00,9.036176930910603033e+00,9.879569157607111407e+00,1.096392631644788906e+01,1.228924473525070304e+01,1.385551937007541845e+01,1.566274340073425364e+01,1.771090768138117610e+01,2.000000000000000000e+01
8.032973830653631353e+00,8.152647335835762732e+00,8.511667851382155092e+00,9.110034339388851876e+00,9.947745084649930902e+00,1.102479751027149568e+01,1.234118796868859391e+01,1.389691144980473148e+01,1.569196117923331002e+01,1.772632807259480003e+01,2.000000000000000000e+01
8.113589284576532279e+00,8.232456613458047912e+00,8.589058600102593033e+00,9.183394213556649532e+00,1.001546175010575013e+01,1.108525865013161926e+01,1.239278129054068245e+01,1.393802469487442508e+01,1.572098213426256130e+01,1.774164458540190381e+01,2.000000000000000000e+01
8.193661678671242399e+00,8.311728261982386456e+00,8.665928011915820406e+00,9.256259904428498331e+00,1.008272224723044097e+01,1.114531249787645528e+01,1.244402705759612893e+01,1.397886098336094918e+01,1.574980759153007170e+01,1.775685791948514591e+01,2.000000000000000000e+01
8.273194670661359496e+00,8.390465902556679012e+00,8.742279598242641114e+00,9.328634740545838966e+00,1.014952964853252659e+01,1.120496179682646698e+01,1.249492761083042325e+01,1.401942218073623003e+01,1.577843886784426530e+01,1.777196876982884532e+01,2.000000000000000000e+01
8.352191893726645944e+00,8.468673132030014372e+00,8.818116846940119657e+00,9.400522028111696571e+00,1.021588700589799004e+01,1.126420927188637044e+01,1.254548527550151249e+01,1.405971013994477303e+01,1.580687727116874441e+01,1.778697782674813510e+01,2.000000000000000000e+01
8.430656956652406109e+00,8.546353523100622240e+00,8.893443222445272411e+00,9.471925051127211503e+00,1.028179735071670464e+01,1.132305762965849283e+01,1.259570236124700138e+01,1.409972670148154350e+01,1.583512410067760179e+01,1.780188577591832910e+01,2.000000000000000000e+01
8.508593443980490889e+00,8.623510624465433594e+00,8.968262165920261708e+00,9.542847071529557468e+00,1.034726369401009904e+01,1.138150955855715019e+01,1.264558116218213257e+01,1.413947369347040706e+01,1.586318064681105788e+01,1.781669329840445926e+01,2.000000000000000000e+01
8.586004916161515510e+00,8.700147960970815220e+00,9.042577095398714349e+00,9.613291329330859725e+00,1.041228902655968014e+01,1.143956772892371099e+01,1.269512395699832474e+01,1.417895293174293947e+01,1.589104819133131485e+01,1.783140107069087321e+01,2.000000000000000000e+01
8.662894909707880231e+00,8.776269033764105387e+00,9.116391405932780856e+00,9.683261042757797199e+00,1.047687631903612626e+01,1.149723479314213925e+01,1.274433300906201971e+01,1.421816621991743901e+01,1.591872800737853488e+01,1.784600976471088174e+01,2.000000000000000000e+01
8.739266937347290209e+00,8.851877320445634467e+00,9.189708469740663688e+00,9.752759408391584728e+00,1.054102852212872499e+01,1.155451338575478104e+01,1.279321056651373034e+01,1.425711534947806491e+01,1.594622135952684516e+01,1.786052004787640612e+01,2.000000000000000000e+01
8.815124488176543593e+00,8.926976275220994239e+00,9.262531636354346176e+00,9.821789601308161366e+00,1.060474856667492105e+01,1.161140612357823443e+01,1.284175886236708664e+01,1.429580209985393324e+01,1.597352950384031267e+01,1.787493258310761490e+01,2.000000000000000000e+01
8.890471027815328497e+00,9.001569329053332069e+00,9.334864232767344561e+00,9.890354775218355599e+00,1.066803936378986251e+01,1.166791560581915199e+01,1.288998011460783211e+01,1.433422823849814698e+01,1.600065368792883191e+01,1.788924802886245402e+01,2.000000000000000000e+01
8.965309998559893856e+00,9.075659889815495873e+00,9.406709563582303701e+00,9.958458062607867589e+00,1.073090380499571772e+01,1.172404441418985321e+01,1.293787652629259632e+01,1.437239552096662898e+01,1.602759515100387944e+01,1.790346703916614146e+01,2.000000000000000000e+01
9.039644819536421849e+00,9.149251342441891310e+00,9.478070911158301470e+00,1.002610257487700096e+01,1.079334476235075790e+01,1.177979511302366866e+01,1.298545028564744364e+01,1.441030569099674175e+01,1.605435512393406583e+01,1.791759026364053398e+01,2.000000000000000000e+01
9.113478886853981109e+00,9.222347049079919756e+00,9.548951535757739251e+00,1.009329140247995404e+01,1.085536508857802040e+01,1.183517024938992179e+01,1.303270356616606840e+01,1.444796048058563365e+01,1.608093482930052431e+01,1.793161834753338013e+01,2.000000000000000000e+01
9.186815573756982545e+00,9.294950349240922449e+00,9.619354675692740386e+00,1.016002761506365637e+01,1.091696761719353326e+01,1.189017235320848620e+01,1.307963852670764027e+01,1.448536161006825651e+01,1.610733548145201510e+01,1.794555193174744190e+01,2.000000000000000000e+01
9.259658230777032983e+00,9.367064559950518898e+00,9.689283547470976643e+00,1.022631426160602786e+01,1.097815516263398905e+01,1.194480393736384194e+01,1.312625731159418585e+01,1.452251078819505103e+01,1.613355828655982194e+01,1.795939165286949901e+01,2.000000000000000000e+01
9.332010185884120901e+00,9.438692975898296922e+00,9.758741345940824985e+00,1.029215437055363402e+01,1.103893052038385925e+01,1.199906749781862025e+01,1.317256205070754227e+01,1.455940971220923785e+01,1.615960444267234308e+01,1.797313814319916503e+01,2.000000000000000000e+01
9.403874744637088057e+00,9.509838869586779708e+00,9.827731244435856439e+00,1.035755094995866621e+01,1.109929646710188500e+01,1.205296551372659053e+01,1.321855485958580800e+01,1.459606006792371957e+01,1.618547513976939811e+01,1.798679203077758615e+01,2.000000000000000000e+01
9.475255190333337296e+00,9.580505491479648583e+00,9.896256394918578891e+00,1.042250698761522543e+01,1.115925576074690539e+01,1.210650044754504862e+01,1.326423783951929103e+01,1.463246352979756537e+01,1.621117155981625402e+01,1.800035393941595885e+01,2.000000000000000000e+01
9.546154784157765860e+00,9.650696070149177075e+00,9.964319928123412495e+00,1.048702545119487617e+01,1.121881114070300534e+01,1.215967474514657454e+01,1.330961307764589918e+01,1.466862176101207282e+01,1.623669487681733870e+01,1.801382448872389119e+01,2.000000000000000000e+01
9.616576765330803411e+00,9.720413812422815880e+00,1.003192495369885329e+01,1.055110928838142392e+01,1.127796532790396000e+01,1.221249083593017382e+01,1.335468264704601538e+01,1.470453641354637320e+01,1.626204625686960625e+01,1.802720429413757586e+01,2.000000000000000000e+01
9.686524351255686227e+00,9.789661903528974918e+00,1.009907456034884099e+01,1.061476142700492531e+01,1.133672102495694567e+01,1.226495113293175798e+01,1.339944860683679018e+01,1.474020912825260154e+01,1.628722685821563587e+01,1.804049396694783169e+01,2.000000000000000000e+01
9.756000737664788147e+00,9.858443507241904769e+00,1.016577181597325463e+01,1.067798477517489708e+01,1.139508091626552222e+01,1.231705803293396606e+01,1.344391300226586949e+01,1.477564153493059784e+01,1.631223783129637184e+01,1.805369411432793569e+01,2.000000000000000000e+01
9.825009098765107751e+00,9.926761766025730793e+00,1.023201976780759814e+01,1.074078222141272043e+01,1.145304766815186071e+01,1.236881391657530571e+01,1.348807786480455206e+01,1.481083525240215870e+01,1.633708031880352962e+01,1.806680533936129152e+01,2.000000000000000000e+01
9.893552587382844266e+00,9.994619801177581309e+00,1.029782144256179066e+01,1.080315663478321575e+01,1.151062392897821773e+01,1.242022114845863356e+01,1.353194521224036606e+01,1.484579188858481835e+01,1.636175545573170709e+01,1.807982824106893815e+01,2.000000000000000000e+01
9.961634335107072857e+00,1.006202071296983114e+01,1.036317984655810776e+01,1.086511086502541090e+01,1.156781232926764247e+01,1.247128207725893212e+01,1.357551704876904886e+01,1.488051304056514645e+01,1.638626436943011555e+01,1.809276341443685965e+01,2.000000000000000000e+01
1.002925745243251399e+01,1.012896758079144455e+01,1.042809796586823623e+01,1.092664774268245687e+01,1.162461548182391802e+01,1.252199903583041163e+01,1.361879536508594946e+01,1.491500029467161426e+01,1.641060817965402308e+01,1.810561145044312781e+01,2.000000000000000000e+01
1.009642502890138793e+01,1.019546346328840869e+01,1.049257876644946919e+01,1.098777007923073690e+01,1.168103598185073189e+01,1.257237434131292453e+01,1.366178213847684297e+01,1.494925522654693673e+01,1.643478799861583184e+01,1.811837293608487442e+01,2.000000000000000000e+01
1.016314013324435273e+01,1.026151139850326466e+01,1.055662519427999868e+01,1.104848066720812660e+01,1.173707640707008260e+01,1.262241029523767644e+01,1.370447933290814824e+01,1.498327940121999546e+01,1.645880493103584641e+01,1.813104845440508583e+01,2.000000000000000000e+01
1.022940581352053080e+01,1.032711440401373792e+01,1.062024017549335575e+01,1.110878228034141557e+01,1.179273931783990470e+01,1.267210918363226746e+01,1.374688889911655743e+01,1.501707437317725891e+01,1.648266007419268675e+01,1.814363858451919853e+01,2.000000000000000000e+01
1.029522509725661372e+01,1.039227547707044685e+01,1.068342661651194270e+01,1.116867767367290121e+01,1.184802725727092998e+01,1.272147327712503539e+01,1.378901277469808662e+01,1.505064168643374067e+01,1.650635451797338860e+01,1.815614390164156333e+01,2.000000000000000000e+01
1.036060099158506809e+01,1.045699759473373014e+01,1.074618740417971807e+01,1.122816958368616724e+01,1.190294275134278124e+01,1.277050483104870082e+01,1.383085288419651704e+01,1.508398287460349430e+01,1.652988934492315209e+01,1.816856497711169283e+01,2.000000000000000000e+01
1.042553648338140704e+01,1.052128371400955054e+01,1.080852540589398281e+01,1.128726072843099359e+01,1.195748830901929516e+01,1.281920608554335494e+01,1.387241113919129276e+01,1.511709946096964252e+01,1.655326563029479559e+01,1.818090237842034895e+01,2.000000000000000000e+01
1.049003453940058073e+01,1.058513677198451219e+01,1.087044346973630660e+01,1.134595380764748995e+01,1.201166642236308846e+01,1.286757926565873689e+01,1.391368943838478245e+01,1.514999295855392525e+01,1.657648444209783634e+01,1.819315666923548136e+01,2.000000000000000000e+01
1.055409810641243951e+01,1.064855968595997560e+01,1.093194442460258387e+01,1.140425150288934475e+01,1.206547956664934773e+01,1.291562658145585019e+01,1.395468966768900643e+01,1.518266487018581046e+01,1.659954684114727641e+01,1.820532840942793484e+01,2.000000000000000000e+01
1.061773011133630895e+01,1.071155535358528610e+01,1.099303108033221754e+01,1.146215647764631385e+01,1.211893020047888569e+01,1.296335022810788473e+01,1.399541370031175624e+01,1.521511668857112021e+01,1.662245388111205457e+01,1.821741815509705731e+01,2.000000000000000000e+01
1.068093346137466426e+01,1.077412665299011252e+01,1.105370622783645373e+01,1.151967137746585657e+01,1.217202076589041404e+01,1.301075238600048500e+01,1.403586339684215289e+01,1.524734989636021609e+01,1.664520660856316425e+01,1.822942645859607680e+01,2.000000000000000000e+01
1.074371104414591116e+01,1.083627644291589576e+01,1.111397263922584777e+01,1.157679883007396349e+01,1.222475368847209864e+01,1.305783522083133796e+01,1.407604060533563484e+01,1.527936596621571219e+01,1.666780606302145884e+01,1.824135386855733643e+01,2.000000000000000000e+01
1.080606572781627506e+01,1.089800756284642524e+01,1.117383306793687758e+01,1.163354144549518132e+01,1.227713137747233674e+01,1.310460088370908771e+01,1.411594716139836336e+01,1.531116636087975458e+01,1.669025327700515149e+01,1.825320092991735876e+01,2.000000000000000000e+01
1.086800036123081803e+01,1.095932283313754674e+01,1.123329024885773109e+01,1.168990181617184021e+01,1.232915622590981641e+01,1.315105151125161065e+01,1.415558488827107908e+01,1.534275253324083010e+01,1.671254927607695961e+01,1.826496818394174682e+01,2.000000000000000000e+01
1.092951777404356939e+01,1.102022505514598194e+01,1.129234689845321604e+01,1.174588251708247100e+01,1.238083061068283186e+01,1.319718922568359964e+01,1.419495559691238817e+01,1.537412592640014175e+01,1.673469507889096519e+01,1.827665616824988604e+01,2.000000000000000000e+01
1.099062077684678940e+01,1.108071701135730791e+01,1.135100571488886168e+01,1.180148610585943736e+01,1.243215689267784718e+01,1.324301613493351581e+01,1.423406108608148379e+01,1.540528797373752212e+01,1.675669169723914820e+01,1.828826541683953621e+01,2.000000000000000000e+01
1.105131216129935545e+01,1.114080146551305894e+01,1.140926937815417119e+01,1.185671512290575969e+01,1.248313741687736922e+01,1.328853433272989015e+01,1.427290314242032387e+01,1.543624009897692950e+01,1.677854013609760386e+01,1.829979646011119598e+01,2.000000000000000000e+01
1.111159470025429385e+01,1.120048116273698469e+01,1.146714055018505540e+01,1.191157209151118934e+01,1.253377451246705654e+01,1.333374589869696436e+01,1.431148354053524940e+01,1.546698371625147317e+01,1.680024139367246150e+01,1.831124982489235009e+01,2.000000000000000000e+01
1.117147114788546247e+01,1.125975882966045383e+01,1.152462187498542789e+01,1.196605951796745870e+01,1.258407049294212321e+01,1.337865289844969752e+01,1.434980404307805735e+01,1.549752023016803371e+01,1.682179646144548357e+01,1.832262603446154259e+01,2.000000000000000000e+01
1.123094423981335943e+01,1.131863717454702112e+01,1.158171597874800796e+01,1.202017989168279577e+01,1.263402765621304802e+01,1.342325738368813859e+01,1.438786640082651935e+01,1.552785103587141435e+01,1.684320632421935215e+01,1.833392560857226528e+01,2.000000000000000000e+01
1.129001669323010226e+01,1.137711888741615063e+01,1.163842546997429217e+01,1.207393568529564831e+01,1.268364828471053585e+01,1.346756139229114702e+01,1.442567235276437820e+01,1.555797751910809623e+01,1.686447196016268890e+01,1.834514906347672181e+01,2.000000000000000000e+01
1.134869120702358636e+01,1.143520664016612187e+01,1.169475293959372486e+01,1.212732935478764418e+01,1.273293464548980403e+01,1.351156694840950401e+01,1.446322362616078649e+01,1.558790105628953171e+01,1.688559434085469846e+01,1.835629691194939284e+01,2.000000000000000000e+01
1.140697046190074637e+01,1.149290308669607441e+01,1.175070096108206208e+01,1.218036333959579309e+01,1.278188899033414039e+01,1.355527606255838613e+01,1.450052193664921596e+01,1.561762301455503632e+01,1.690657443132960225e+01,1.836736966331048748e+01,2.000000000000000000e+01
1.146485712051004491e+01,1.155021086302727085e+01,1.180627209057894866e+01,1.223304006272394417e+01,1.283051355585779874e+01,1.359869073170921538e+01,1.453756898830584809e+01,1.564714475183424724e+01,1.692741319012069923e+01,1.837836782344919229e+01,2.000000000000000000e+01
1.152235382756313520e+01,1.160713258742352672e+01,1.186146886700470304e+01,1.228536193085348138e+01,1.287881056360816068e+01,1.364181293938089645e+01,1.457436647372742833e+01,1.567646761690916613e+01,1.694811156930416729e+01,1.838929189484679227e+01,2.000000000000000000e+01
1.157946320995566936e+01,1.166367086051082680e+01,1.191629381217630090e+01,1.233733133445325869e+01,1.292678222016724376e+01,1.368464465573043043e+01,1.461091607410857307e+01,1.570559294947577023e+01,1.696867051454255559e+01,1.840014237659962504e+01,2.000000000000000000e+01
1.163618787688731082e+01,1.171982826539613143e+01,1.197074943092259325e+01,1.238895064788884426e+01,1.297443071725250974e+01,1.372718783764293526e+01,1.464721945931860780e+01,1.573452208020522214e+01,1.698909096512799266e+01,1.841091976444187850e+01,2.000000000000000000e+01
1.169253041998095455e+01,1.177560736778540296e+01,1.202483821119874996e+01,1.244022222953097057e+01,1.302175823181699954e+01,1.376944442882104447e+01,1.468327828797783674e+01,1.576325633080467092e+01,1.700937385402510316e+01,1.842162455076825722e+01,2.000000000000000000e+01
1.174849341340111941e+01,1.183101071610081867e+01,1.207856262419991999e+01,1.249114842186330065e+01,1.306876692614878444e+01,1.381141635987370719e+01,1.471909420753333464e+01,1.579179701407763758e+01,1.702952010791362980e+01,1.843225722465646044e+01,2.000000000000000000e+01
1.180407941397155724e+01,1.188604084159720031e+01,1.213192512447413129e+01,1.254173155158942876e+01,1.311545894796976164e+01,1.385310554840439323e+01,1.475466885433420039e+01,1.582014543398397954e+01,1.704953064723076750e+01,1.844281827188952860e+01,2.000000000000000000e+01
1.185929096129206961e+01,1.194070025847766381e+01,1.218492815003444463e+01,1.259197392973920415e+01,1.316183643053377850e+01,1.389451389909871004e+01,1.479000385370633275e+01,1.584830288569947854e+01,1.706940638621321682e+01,1.845330817497804432e+01,2.000000000000000000e+01
1.191413057785453766e+01,1.199499146400848559e+01,1.223757412247032761e+01,1.264187785177430001e+01,1.320790149272408875e+01,1.393564330381141225e+01,1.482510082002667318e+01,1.587627065567501106e+01,1.708914823293895680e+01,1.846372741318218047e+01,2.000000000000000000e+01
1.196860076915816329e+01,1.204891693863319446e+01,1.228986544705829154e+01,1.269144559769309133e+01,1.325365623915016577e+01,1.397649564165283920e+01,1.485996135679697261e+01,1.590405002169532089e+01,1.710875708936872641e+01,1.847407646253357782e+01,2.000000000000000000e+01
1.202270402382392689e+01,1.210247914608589248e+01,1.234180451287179103e+01,1.274067943213482579e+01,1.329910276024385141e+01,1.401707277907477511e+01,1.489458705671704841e+01,1.593164225293739733e+01,1.712823385138724319e+01,1.848435579585711963e+01,2.000000000000000000e+01
1.207644281370831330e+01,1.215568053350382804e+01,1.239339369289036874e+01,1.278958160448308590e+01,1.334424313235487070e+01,1.405737656995571250e+01,1.492897950175754573e+01,1.595904861002846964e+01,1.714757940884412690e+01,1.849456588279251079e+01,2.000000000000000000e+01
1.212981959401623122e+01,1.220852353153918912e+01,1.244463534410806460e+01,1.283815434896855656e+01,1.338907941784568223e+01,1.409740885568555235e+01,1.496314026323222457e+01,1.598627034510358413e+01,1.716679464559455326e+01,1.850470718981575047e+01,2.000000000000000000e+01
1.218283680341317599e+01,1.226101055447016286e+01,1.249553180764112348e+01,1.288639988477110521e+01,1.343361366518571565e+01,1.413717146524973955e+01,1.499707090186973701e+01,1.601330870186282596e+01,1.718588043953964117e+01,1.851478018026043770e+01,2.000000000000000000e+01
1.223549686413666393e+01,1.231314400031122780e+01,1.254608540883492296e+01,1.293432041612116734e+01,1.347784790904495189e+01,1.417666621531281557e+01,1.503077296788494266e+01,1.604016491562813940e+01,1.720483766266655223e+01,1.852478531433893139e+01,2.000000000000000000e+01
1.228780218210687813e+01,1.236492625092271780e+01,1.259629845737024034e+01,1.298191813240045889e+01,1.352178417038689062e+01,1.421589491030142227e+01,1.506424800104972839e+01,1.606684021339976098e+01,1.722366718108833439e+01,1.853472304916339297e+01,2.000000000000000000e+01
1.233975514703661247e+01,1.241635967211965053e+01,1.264617324736876647e+01,1.302919520824199573e+01,1.356542445656087459e+01,1.425485934248674802e+01,1.509749753076336098e+01,1.609333581391227952e+01,1.724236985508350273e+01,1.854459383876666578e+01,2.000000000000000000e+01
1.239135813254043939e+01,1.246744661377980812e+01,1.269571205749791254e+01,1.307615380362945068e+01,1.360877076139380470e+01,1.429356129206640524e+01,1.513052307612236369e+01,1.611965292769032487e+01,1.726094653913532895e+01,1.855439813412300865e+01,2.000000000000000000e+01
1.244261349624316004e+01,1.251818940995110019e+01,1.274491715107492418e+01,1.312279606399584075e+01,1.365182506528123874e+01,1.433200252724575563e+01,1.516332614598991135e+01,1.614579275710386241e+01,1.727939808197089278e+01,1.856413638316871584e+01,2.000000000000000000e+01
1.249352357988749951e+01,1.256859037895819853e+01,1.279379077617029381e+01,1.316912412032155011e+01,1.369458933527786115e+01,1.437018480431871303e+01,1.519590823906477262e+01,1.617175649642313573e+01,1.729772532659984208e+01,1.857380903082256296e+01,2.000000000000000000e+01
1.254409070944112692e+01,1.261865182350845771e+01,1.284233516571045186e+01,1.321514008923167438e+01,1.373706552518735968e+01,1.440810986774797797e+01,1.522827084394978847e+01,1.619754533187322565e+01,1.731592911035292914e+01,1.858341651900615688e+01,2.000000000000000000e+01
1.259431719520289938e+01,1.266837603079712515e+01,1.289055253757979891e+01,1.326084607309273977e+01,1.377925557565168546e+01,1.444577945024473031e+01,1.526041543921986765e+01,1.622316044168824689e+01,1.733401026492024499e+01,1.859295928666410092e+01,2.000000000000000000e+01
