6.205107153168043510e-02,2.277236975424113741e+00,8.922794687101413658e+00,2.000000000000000000e+01
1.242910951170911743e-01,2.332457884034283779e+00,8.956958250785861608e+00,2.000000000000000000e+01
1.866991929739695022e-01,2.387858417664951105e+00,8.991336091737895941e+00,2.000000000000000000e+01
2.492536356282405163e-01,2.443412815496814439e+00,9.025890355102536233e+00,2.000000000000000000e+01
3.119324139915402583e-01,2.499096312932857611e+00,9.060588009756809669e+00,2.000000000000000000e+01
3.747136717701309294e-01,2.554885295270717727e+00,9.095400165772478118e+00,2.000000000000000000e+01
4.375760264968135971e-01,2.610757394327763325e+00,9.130301497820612511e+00,2.000000000000000000e+01
5.004988021253957697e-01,2.666691540848239228e+00,9.165269757016769603e+00,2.000000000000000000e+01
5.634621917579417660e-01,2.722667982994733560e+00,9.200285356705109052e+00,2.000000000000000000e+01
6.264473655104515482e-01,2.778668279171550015e+00,9.235331020154845305e+00,2.000000000000000000e+01
6.894365356168729031e-01,2.834675271759058646e+00,9.270391480185615762e+00,2.000000000000000000e+01
7.524129885047740052e-01,2.890673046985059003e+00,9.305453222425914106e+00,2.000000000000000000e+01
8.153610916504993034e-01,2.946646885063704868e+00,9.340504265303321674e+00,2.000000000000000000e+01
8.782662814567494536e-01,3.002583203847204452e+00,9.375533971018569446e+00,2.000000000000000000e+01
9.411150371253622637e-01,3.058469498521466878e+00,9.410532882709780722e+00,2.000000000000000000e+01
1.003894844468642633e+00,3.114294279302367574e+00,9.445492583803542175e+00,2.000000000000000000e+01
1.066594152769629433e+00,3.170047008628332552e+00,9.480405576204441687e+00,2.000000000000000000e+01
1.129202327128988825e+00,3.225718038976264523e+00,9.515265174518091840e+00,2.000000000000000000e+01
1.191709598194149011e+00,3.281298552134057633e+00,9.550065413953783278e+00,2.000000000000000000e+01
1.254107010730535876e+00,3.336780500529891835e+00,9.584800969927959713e+00,2.000000000000000000e+01
1.316386372145537109e+00,3.392156551034595235e+00,9.619467087701769614e+00,2.000000000000000000e+01
1.378540201796856879e+00,3.447420031509129679e+00,9.654059520645947856e+00,2.000000000000000000e+01
1.440561681694965346e+00,3.502564880257031277e+00,9.688574475943228848e+00,2.000000000000000000e+01
1.502444609033599221e+00,3.557585598455131226e+00,9.723008566719727241e+00,2.000000000000000000e+01
1.564183350843863396e+00,3.612477205569986083e+00,9.757358769748353922e+00,2.000000000000000000e+01
1.625772800959233821e+00,3.667235197718037298e+00,9.791622387994447507e+00,2.000000000000000000e+01
1.687208339394793866e+00,3.721855508891226183e+00,9.825797017380523357e+00,2.000000000000000000e+01
1.748485794179571728e+00,3.776334474943873420e+00,9.859880517236778275e+00,2.000000000000000000e+01
1.809601405631994453e+00,3.830668800218901104e+00,9.893870983979621059e+00,2.000000000000000000e+01
1.870551793032087629e+00,3.884855526680174531e+00,9.927766727624435461e+00,2.000000000000000000e+01
1.931333923617572168e+00,3.938892005411370967e+00,9.961566250792767363e+00,2.000000000000000000e+01
1.991945083812347805e+00,3.992775870339268174e+00,9.995268229920029057e+00,2.000000000000000000e+01
2.052382852583356954e+00,4.046505014039720294e+00,1.002887149840880987e+01,2.000000000000000000e+01
2.112645076814126721e+00,4.100077565487111109e+00,1.006237503150606472e+01,2.000000000000000000e+01
2.172729848579306733e+00,4.153491869612202514e+00,1.009577793271088986e+01,2.000000000000000000e+01
2.232635484203402854e+00,4.206746468538518968e+00,1.012907942154386731e+01,2.000000000000000000e+01
2.292360504987884351e+00,4.259840084373383462e+00,1.016227882252988124e+01,2.000000000000000000e+01
2.351903619493477482e+00,4.312771603436175383e+00,1.019537555526426864e+01,2.000000000000000000e+01
2.411263707268185286e+00,4.365540061813059758e+00,1.022836912544768317e+01,2.000000000000000000e+01
2.470439803916118837e+00,4.418144632134223038e+00,1.026125911678853520e+01,2.000000000000000000e+01
2.529431087407326473e+00,4.470584611476363435e+00,1.029404518368347432e+01,2.000000000000000000e+01
2.588236865534143671e+00,4.522859410299753691e+00,1.032672704459658419e+01,2.000000000000000000e+01
2.646856564425158709e+00,4.574968542335567712e+00,1.035930447606679472e+01,2.000000000000000000e+01
2.705289718033437207e+00,4.626911615345273177e+00,1.039177730728078153e+01,2.000000000000000000e+01
2.763535958521100344e+00,4.678688322679671607e+00,1.042414541515538495e+01,2.000000000000000000e+01
2.821595007467743610e+00,4.730298435570710502e+00,1.045640871987961162e+01,2.000000000000000000e+01
2.879466667835283378e+00,4.781741796094340913e+00,1.048856718087151307e+01,2.000000000000000000e+01
2.937150816626799443e+00,4.833018310747567270e+00,1.052062079310987031e+01,2.000000000000000000e+01
2.994647398181570441e+00,4.884127944587373982e+00,1.055256958380478416e+01,2.000000000000000000e+01
3.051956418052951037e+00,4.935070715883434822e+00,1.058441360937488618e+01,2.000000000000000000e+01
3.109077937419892468e+00,4.985846691240450212e+00,1.061615295270212300e+01,2.000000000000000000e+01
3.166012067986812450e+00,5.036455981149608796e+00,1.064778772063799828e+01,2.000000000000000000e+01
3.222758967330108248e+00,5.086898735932008364e+00,1.067931804173770871e+01,2.000000000000000000e+01
3.279318834653073278e+00,5.137175142040030451e+00,1.071074406420090241e+01,2.000000000000000000e+01
3.335691906914026728e+00,5.187285418685490868e+00,1.074206595399988373e+01,2.000000000000000000e+01
3.391878455295435302e+00,5.237229814766058311e+00,1.077328389317792734e+01,2.000000000000000000e+01
3.447878781984486718e+00,5.287008606063863247e+00,1.080439807830199328e+01,2.000000000000000000e+01
3.503693217238027291e+00,5.336622092692439701e+00,1.083540871905567649e+01,2.000000000000000000e+01
3.559322116707101191e+00,5.386070596770207608e+00,1.086631603695952641e+01,2.000000000000000000e+01
3.614765858998422843e+00,5.435354460300588997e+00,1.089712026420708746e+01,2.000000000000000000e+01
3.670024843452027952e+00,5.484474043240554764e+00,1.092782164260613520e+01,2.000000000000000000e+01
3.725099488116175195e+00,5.533429721741006446e+00,1.095842042261550020e+01,2.000000000000000000e+01
3.779990227902155109e+00,5.582221886543822009e+00,1.098891686246882315e+01,2.000000000000000000e+01
3.834697512903195715e+00,5.630850941521735820e+00,1.101931122737735613e+01,2.000000000000000000e+01
3.889221806863008002e+00,5.679317302348419361e+00,1.104960378880465299e+01,2.000000000000000000e+01
3.943563585780768488e+00,5.727621395287237682e+00,1.107979482380664571e+01,2.000000000000000000e+01
3.997723336640511604e+00,5.775763656088189535e+00,1.110988461443122333e+01,2.000000000000000000e+01
4.051701556253922476e+00,5.823744528983423763e+00,1.113987344717192762e+01,2.000000000000000000e+01
4.105498750206511893e+00,5.871564465772609154e+00,1.116976161247090182e+01,2.000000000000000000e+01
4.159115431898013249e+00,5.919223924990178354e+00,1.119954940426667278e+01,2.000000000000000000e+01
4.212552121668671212e+00,5.966723371147180544e+00,1.122923711958270765e+01,2.000000000000000000e+01
4.265809346003782032e+00,6.014063274041117069e+00,1.125882505815312129e+01,2.000000000000000000e+01
4.318887636809578545e+00,6.061244108127723962e+00,1.128831352208215932e+01,2.000000000000000000e+01
4.371787530754104090e+00,6.108266351949190209e+00,1.131770281553444946e+01,2.000000000000000000e+01
4.424509568667314596e+00,6.155130487613805101e+00,1.134699324445327662e+01,2.000000000000000000e+01
4.477054294995153505e+00,6.201837000322447224e+00,1.137618511630432927e+01,2.000000000000000000e+01
4.529422257302786470e+00,6.248386377937760194e+00,1.140527873984268048e+01,2.000000000000000000e+01
4.581614005822657987e+00,6.294779110592214622e+00,1.143427442490088453e+01,2.000000000000000000e+01
4.633630093043335840e+00,6.341015690331584409e+00,1.146317248219633100e+01,2.000000000000000000e+01
4.685471073335564896e+00,6.387096610790704787e+00,1.149197322315612446e+01,2.000000000000000000e+01
4.737137502612198681e+00,6.433022366898621947e+00,1.152067695975789263e+01,2.000000000000000000e+01
4.788629938018977406e+00,6.478793454610520364e+00,1.154928400438514835e+01,2.000000000000000000e+01
4.839948937653432814e+00,6.524410370664042169e+00,1.157779466969587112e+01,2.000000000000000000e+01
4.891095060309401887e+00,6.569873612357833181e+00,1.160620926850312706e+01,2.000000000000000000e+01
4.942068865244873876e+00,6.615183677350322533e+00,1.163452811366666850e+01,2.000000000000000000e+01
4.992870911971083459e+00,6.660341063476941770e+00,1.166275151799451670e+01,2.000000000000000000e+01
5.043501760060968842e+00,6.705346268584135849e+00,1.169087979415363598e+01,2.000000000000000000e+01
5.093961968975254884e+00,6.750199790378666798e+00,1.171891325458890343e+01,2.000000000000000000e+01
5.144252097904607801e+00,6.794902126290857325e+00,1.174685221144960501e+01,2.000000000000000000e+01
5.194372705626405740e+00,6.839453773350508747e+00,1.177469697652281688e+01,2.000000000000000000e+01
5.244324350374843569e+00,6.883855228074390098e+00,1.180244786117302880e+01,2.000000000000000000e+01
5.294107589723174634e+00,6.928106986364247710e+00,1.183010517628746605e+01,2.000000000000000000e+01
5.343722980476996121e+00,6.972209543414398247e+00,1.185766923222660552e+01,2.000000000000000000e+01
5.393171078577604582e+00,7.016163393628053413e+00,1.188514033877939902e+01,2.000000000000000000e+01
5.442452439014529908e+00,7.059969030541600965e+00,1.191251880512281502e+01,2.000000000000000000e+01
5.491567615746398623e+00,7.103626946756120830e+00,1.193980493978528656e+01,2.000000000000000000e+01
5.540517161629423093e+00,7.147137633875497720e+00,1.196699905061372249e+01,2.000000000000000000e+01
5.589301628352795426e+00,7.190501582450540496e+00,1.199410144474377482e+01,2.000000000000000000e+01
5.637921566380398986e+00,7.233719281928561173e+00,1.202111242857304951e+01,2.000000000000000000e+01
5.686377524898259317e+00,7.276791220607951693e+00,1.204803230773702793e+01,2.000000000000000000e+01
5.734670051767224663e+00,7.319717885597272655e+00,1.207486138708741841e+01,2.000000000000000000e+01
5.782799693480399128e+00,7.362499762778485390e+00,1.210159997067274595e+01,2.000000000000000000e+01
5.830766995124925245e+00,7.405137336773940149e+00,1.212824836172098486e+01,2.000000000000000000e+01
5.878572500347701180e+00,7.447631090916781105e+00,1.215480686262402266e+01,2.000000000000000000e+01
5.926216751324695053e+00,7.489981507224475976e+00,1.218127577492381697e+01,2.000000000000000000e+01
5.973700288733532204e+00,7.532189066375170938e+00,1.220765539930008536e+01,2.000000000000000000e+01
6.021023651729056958e+00,7.574254247686639907e+00,1.223394603555938609e+01,2.000000000000000000e+01
6.068187377921603343e+00,7.616177529097569732e+00,1.226014798262546712e+01,2.000000000000000000e+01
6.115192003357743822e+00,7.657959387151001884e+00,1.228626153853077518e+01,2.000000000000000000e+01
6.162038062503277125e+00,7.699600296979710379e+00,1.231228700040901103e+01,2.000000000000000000e+01
6.208726088228247342e+00,7.741100732293348052e+00,1.233822466448864930e+01,2.000000000000000000e+01
6.255256611793847732e+00,7.782461165367214662e+00,1.236407482608731456e+01,2.000000000000000000e+01
6.301630162841001415e+00,7.823682067032491361e+00,1.238983777960696031e+01,2.000000000000000000e+01
6.347847269380475943e+00,7.864763906667799453e+00,1.241551381852976910e+01,2.000000000000000000e+01
6.393908457784418964e+00,7.905707152191988385e+00,1.244110323541469754e+01,2.000000000000000000e+01
6.439814252779146209e+00,7.946512270058016192e+00,1.246660632189462881e+01,2.000000000000000000e+01
6.485565177439101880e+00,7.987179725247840700e+00,1.249202336867405627e+01,2.000000000000000000e+01
6.531161753181876861e+00,8.027709981268223771e+00,1.251735466552726272e+01,2.000000000000000000e+01
6.576604499764166611e+00,8.068103500147364215e+00,1.254260050129695614e+01,2.000000000000000000e+01
6.621893935278611032e+00,8.108360742432283885e+00,1.256776116389329978e+01,2.000000000000000000e+01
6.667030576151439902e+00,8.148482167186907432e+00,1.259283694029331002e+01,2.000000000000000000e+01
6.712014937140804882e+00,8.188468231990755797e+00,1.261782811654060765e+01,2.000000000000000000e+01
6.756847531335800738e+00,8.228319392938214349e+00,1.264273497774545696e+01,2.000000000000000000e+01
6.801528870156052342e+00,8.268036104638309070e+00,1.266755780808508014e+01,2.000000000000000000e+01
6.846059463351856778e+00,8.307618820214953459e+00,1.269229689080424350e+01,2.000000000000000000e+01
6.890439819004815725e+00,8.347067991307621782e+00,1.271695250821603906e+01,2.000000000000000000e+01
6.934670443528894168e+00,8.386384068072398890e+00,1.274152494170291128e+01,2.000000000000000000e+01
6.978751841671900991e+00,8.425567499183383546e+00,1.276601447171782944e+01,2.000000000000000000e+01
7.022684516517327502e+00,8.464618731834411491e+00,1.279042137778566435e+01,2.000000000000000000e+01
7.066468969486514595e+00,8.503538211741060948e+00,1.281474593850470178e+01,2.000000000000000000e+01
7.110105700341123658e+00,8.542326383142915702e+00,1.283898843154829095e+01,2.000000000000000000e+01
7.153595207185877491e+00,8.580983688806066212e+00,1.286314913366663149e+01,2.000000000000000000e+01
7.196937986471543702e+00,8.619510570025823881e+00,1.288722832068866353e+01,2.000000000000000000e+01
7.240134532998150796e+00,8.657907466629630733e+00,1.291122626752406966e+01,2.000000000000000000e+01
7.283185339918387236e+00,8.696174816980128952e+00,1.293514324816535499e+01,2.000000000000000000e+01
7.326090898741195012e+00,8.734313057978402739e+00,1.295897953569002681e+01,2.000000000000000000e+01
7.368851699335519534e+00,8.772322625067349833e+00,1.298273540226283806e+01,2.000000000000000000e+01
7.411468229934226493e+00,8.810203952235195146e+00,1.300641111913810199e+01,2.000000000000000000e+01
7.453940977138112878e+00,8.847957472019100322e+00,1.303000695666206177e+01,2.000000000000000000e+01
7.496270425920066316e+00,8.885583615508881650e+00,1.305352318427532765e+01,2.000000000000000000e+01
7.538457059629327439e+00,8.923082812350832782e+00,1.307696007051534970e+01,2.000000000000000000e+01
7.580501359995840183e+00,8.960455490751614960e+00,1.310031788301893840e+01,2.000000000000000000e+01
7.622403807134698006e+00,8.997702077482228944e+00,1.312359688852482087e+01,2.000000000000000000e+01
7.664164879550644294e+00,9.034822997882043794e+00,1.314679735287623963e+01,2.000000000000000000e+01
7.705785054142673118e+00,9.071818675862896697e+00,1.316991954102356743e+01,2.000000000000000000e+01
7.747264806208661980e+00,9.108689533913237213e+00,1.319296371702696469e+01,2.000000000000000000e+01
7.788604609450071159e+00,9.145435993102315919e+00,1.321593014405905109e+01,2.000000000000000000e+01
7.829804935976693692e+00,9.182058473084419248e+00,1.323881908440759503e+01,2.000000000000000000e+01
7.870866256311433773e+00,9.218557392103132742e+00,1.326163079947822965e+01,2.000000000000000000e+01
7.911789039395131340e+00,9.254933166995641614e+00,1.328436554979717421e+01,2.000000000000000000e+01
7.952573752591413303e+00,9.291186213197054400e+00,1.330702359501397680e+01,2.000000000000000000e+01
7.993220861691575863e+00,9.327316944744749705e+00,1.332960519390426946e+01,2.000000000000000000e+01
8.033730830919482813e+00,9.363325774282742486e+00,1.335211060437251795e+01,2.000000000000000000e+01
8.074104122936491379e+00,9.399213113066068104e+00,1.337454008345479473e+01,2.000000000000000000e+01
8.114341198846384273e+00,9.434979370965178802e+00,1.339689388732156061e+01,2.000000000000000000e+01
8.154442518200328394e+00,9.470624956470352629e+00,1.341917227128042178e+01,2.000000000000000000e+01
8.194408539001827307e+00,9.506150276696104129e+00,1.344137548977893282e+01,2.000000000000000000e+01
8.234239717711695050e+00,9.541555737385612801e+00,1.346350379640736428e+01,2.000000000000000000e+01
8.273936509253033478e+00,9.576841742915149780e+00,1.348555744390149869e+01,2.000000000000000000e+01
8.313499367016207842e+00,9.612008696298508070e+00,1.350753668414540876e+01,2.000000000000000000e+01
8.352928742863833023e+00,9.647056999191434556e+00,1.352944176817424093e+01,2.000000000000000000e+01
8.392225087135738448e+00,9.681987051896054908e+00,1.355127294617700429e+01,2.000000000000000000e+01
8.431388848653966761e+00,9.716799253365310918e+00,1.357303046749934516e+01,2.000000000000000000e+01
8.470420474727736959e+00,9.751494001207383633e+00,1.359471458064632543e+01,2.000000000000000000e+01
8.509320411158427078e+00,9.786071691690121810e+00,1.361632553328520423e+01,2.000000000000000000e+01
8.548089102244537330e+00,9.820532719745452610e+00,1.363786357224819845e+01,2.000000000000000000e+01
8.586726990786646141e+00,9.854877478973797622e+00,1.365932894353525207e+01,2.000000000000000000e+01
8.625234518092376845e+00,9.889106361648483556e+00,1.368072189231680191e+01,2.000000000000000000e+01
8.663612123981334179e+00,9.923219758720133399e+00,1.370204266293653106e+01,2.000000000000000000e+01
8.701860246790047881e+00,9.957218059821066447e+00,1.372329149891412214e+01,2.000000000000000000e+01
8.739979323376898535e+00,9.991101653269671701e+00,1.374446864294799475e+01,2.000000000000000000e+01
8.777969789127036293e+00,1.002487092607479013e+01,1.376557433691805343e+01,2.000000000000000000e+01
8.815832077957290736e+00,1.005852626394007210e+01,1.378660882188841619e+01,2.000000000000000000e+01
8.853566622321070057e+00,1.009206805126833828e+01,1.380757233811014117e+01,2.000000000000000000e+01
8.891173853213244271e+00,1.012549667116591756e+01,1.382846512502393921e+01,2.000000000000000000e+01
8.928654200175019540e+00,1.015881250544698844e+01,1.384928742126289514e+01,2.000000000000000000e+01
8.966008091298798277e+00,1.019201593463789202e+01,1.387003946465517323e+01,2.000000000000000000e+01
9.003235953233035715e+00,1.022510733798145210e+01,1.389072149222670305e+01,2.000000000000000000e+01
9.040338211187060935e+00,1.025808709344126513e+01,1.391133374020387947e+01,2.000000000000000000e+01
9.077315288935915660e+00,1.029095557770599889e+01,1.393187644401624503e+01,2.000000000000000000e+01
9.114167608825157529e+00,1.032371316619365764e+01,1.395234983829915620e+01,2.000000000000000000e+01
9.150895591775656257e+00,1.035636023305585773e+01,1.397275415689646039e+01,2.000000000000000000e+01
9.187499657288375587e+00,1.038889715118206958e+01,1.399308963286315155e+01,2.000000000000000000e+01
9.223980223449144589e+00,1.042132429220386136e+01,1.401335649846801523e+01,2.000000000000000000e+01
9.260337706933400526e+00,1.045364202649912144e+01,1.403355498519628419e+01,2.000000000000000000e+01
9.296572523010951272e+00,1.048585072319627720e+01,1.405368532375225676e+01,2.000000000000000000e+01
9.332685085550677329e+00,1.051795075017849435e+01,1.407374774406194362e+01,2.000000000000000000e+01
9.368675807025256930e+00,1.054994247408785846e+01,1.409374247527566482e+01,2.000000000000000000e+01
9.404545098515859181e+00,1.058182626032956364e+01,1.411366974577067701e+01,2.000000000000000000e+01
9.440293369716828309e+00,1.061360247307606386e+01,1.413352978315377051e+01,2.000000000000000000e+01
9.475921028940346602e+00,1.064527147527122608e+01,1.415332281426386274e+01,2.000000000000000000e+01
9.511428483121092015e+00,1.067683362863446384e+01,1.417304906517458285e+01,2.000000000000000000e+01
9.546816137820865578e+00,1.070828929366486193e+01,1.419270876119685099e+01,2.000000000000000000e+01
9.582084397233233020e+00,1.073963882964528693e+01,1.421230212688144690e+01,2.000000000000000000e+01
9.617233664188120201e+00,1.077088259464648345e+01,1.423182938602157499e+01,2.000000000000000000e+01
9.652264340156403222e+00,1.080202094553115444e+01,1.425129076165540809e+01,2.000000000000000000e+01
9.687176825254502077e+00,1.083305423795803613e+01,1.427068647606863649e+01,2.000000000000000000e+01
9.721971518248929911e+00,1.086398282638594992e+01,1.429001675079700640e+01,2.000000000000000000e+01
9.756648816560851145e+00,1.089480706407784893e+01,1.430928180662884230e+01,2.000000000000000000e+01
9.791209116270604085e+00,1.092552730310484677e+01,1.432848186360757481e+01,2.000000000000000000e+01
9.825652812122243063e+00,1.095614389435024272e+01,1.434761714103424168e+01,2.000000000000000000e+01
9.859980297528011306e+00,1.098665718751350795e+01,1.436668785746999966e+01,2.000000000000000000e+01
9.894191964572856435e+00,1.101706753111429471e+01,1.438569423073860953e+01,2.000000000000000000e+01
9.928288204018896224e+00,1.104737527249640472e+01,1.440463647792892843e+01,2.000000000000000000e+01
9.962269405309875481e+00,1.107758075783175400e+01,1.442351481539739133e+01,2.000000000000000000e+01
9.996135956575615822e+00,1.110768433212433060e+01,1.444232945877047314e+01,2.000000000000000000e+01
1.002988824463644590e+01,1.113768633921412210e+01,1.446108062294715069e+01,2.000000000000000000e+01
1.006352665500761212e+01,1.116758712178105029e+01,1.447976852210136833e+01,2.000000000000000000e+01
1.009705157190368396e+01,1.119738702134887909e+01,1.449839336968446268e+01,2.000000000000000000e+01
1.013046337824294874e+01,1.122708637828911549e+01,1.451695537842761752e+01,2.000000000000000000e+01
1.016376245565175829e+01,1.125668553182489084e+01,1.453545476034428852e+01,2.000000000000000000e+01
1.019694918446891307e+01,1.128618482003483869e+01,1.455389172673261378e+01,2.000000000000000000e+01
1.023002394374999646e+01,1.131558457985695831e+01,1.457226648817784209e+01,2.000000000000000000e+01
1.026298711127169128e+01,1.134488514709244988e+01,1.459057925455472571e+01,2.000000000000000000e+01
1.029583906353611233e+01,1.137408685640956385e+01,1.460883023502991840e+01,2.000000000000000000e+01
1.032858017577508747e+01,1.140319004134740943e+01,1.462701963806437533e+01,2.000000000000000000e+01
1.036121082195445631e+01,1.143219503431977202e+01,1.464514767141571916e+01,2.000000000000000000e+01
1.039373137477833176e+01,1.146110216661890213e+01,1.466321454214061681e+01,2.000000000000000000e+01
1.042614220569336503e+01,1.148991176841930972e+01,1.468122045659714736e+01,2.000000000000000000e+01
1.045844368489297516e+01,1.151862416878152118e+01,1.469916562044716102e+01,2.000000000000000000e+01
1.049063618132158915e+01,1.154723969565584518e+01,1.471705023865861683e+01,2.000000000000000000e+01
1.052272006267884663e+01,1.157575867588611906e+01,1.473487451550793637e+01,2.000000000000000000e+01
1.055469569542380270e+01,1.160418143521343382e+01,1.475263865458232537e+01,2.000000000000000000e+01
1.058656344477911482e+01,1.163250829827986266e+01,1.477034285878210618e+01,2.000000000000000000e+01
1.061832367473520833e+01,1.166073958863216475e+01,1.478798733032303403e+01,2.000000000000000000e+01
1.064997674805443495e+01,1.168887562872547825e+01,1.480557227073860638e+01,2.000000000000000000e+01
1.068152302627522410e+01,1.171691673992700977e+01,1.482309788088236324e+01,2.000000000000000000e+01
1.071296286971620226e+01,1.174486324251969549e+01,1.484056436093017517e+01,2.000000000000000000e+01
1.074429663748030883e+01,1.177271545570586753e+01,1.485797191038254361e+01,2.000000000000000000e+01
1.077552468745890302e+01,1.180047369761089548e+01,1.487532072806687111e+01,2.000000000000000000e+01
1.080664737633584593e+01,1.182813828528681732e+01,1.489261101213973149e+01,2.000000000000000000e+01
1.083766505959157733e+01,1.185570953471596489e+01,1.490984296008913113e+01,2.000000000000000000e+01
1.086857809150717458e+01,1.188318776081457351e+01,1.492701676873677030e+01,2.000000000000000000e+01
1.089938682516840096e+01,1.191057327743637373e+01,1.494413263424029203e+01,2.000000000000000000e+01
1.093009161246973981e+01,1.193786639737618316e+01,1.496119075209551319e+01,2.000000000000000000e+01
1.096069280411840019e+01,1.196506743237346804e+01,1.497819131713866980e+01,2.000000000000000000e+01
1.099119074963834386e+01,1.199217669311591550e+01,1.499513452354862508e+01,2.000000000000000000e+01
1.102158579737426258e+01,1.201919448924297384e+01,1.501202056484911296e+01,2.000000000000000000e+01
1.105187829449555181e+01,1.204612112934939283e+01,1.502884963391091766e+01,2.000000000000000000e+01
1.108206858700030040e+01,1.207295692098875151e+01,1.504562192295410306e+01,2.000000000000000000e+01
1.111215701971921455e+01,1.209970217067696119e+01,1.506233762355019579e+01,2.000000000000000000e+01
1.114214393631958266e+01,1.212635718389577910e+01,1.507899692662437197e+01,2.000000000000000000e+01
1.117202967930916202e+01,1.215292226509628293e+01,1.509560002245764210e+01,2.000000000000000000e+01
1.120181459004013824e+01,1.217939771770236135e+01,1.511214710068902534e+01,2.000000000000000000e+01
1.123149900871299600e+01,1.220578384411417616e+01,1.512863835031771131e+01,2.000000000000000000e+01
1.126108327438040213e+01,1.223208094571160665e+01,1.514507395970521841e+01,2.000000000000000000e+01
1.129056772495108873e+01,1.225828932285770456e+01,1.516145411657755204e+01,2.000000000000000000e+01
1.131995269719371144e+01,1.228440927490211898e+01,1.517777900802734514e+01,2.000000000000000000e+01
1.134923852674069344e+01,1.231044110018451754e+01,1.519404882051598804e+01,2.000000000000000000e+01
1.137842554809206241e+01,1.233638509603798994e+01,1.521026373987577252e+01,2.000000000000000000e+01
1.140751409461926436e+01,1.236224155879244790e+01,1.522642395131199855e+01,2.000000000000000000e+01
1.143650449856897744e+01,1.238801078377800913e+01,1.524252963940510419e+01,2.000000000000000000e+01
1.146539709106690452e+01,1.241369306532836880e+01,1.525858098811276164e+01,2.000000000000000000e+01
1.149419220212155857e+01,1.243928869678416582e+01,1.527457818077198759e+01,2.000000000000000000e+01
1.152289016062802141e+01,1.246479797049632410e+01,1.529052140010123217e+01,2.000000000000000000e+01
1.155149129437171318e+01,1.249022117782940100e+01,1.530641082820246446e+01,2.000000000000000000e+01
1.157999593003213157e+01,1.251555860916491270e+01,1.532224664656326141e+01,2.000000000000000000e+01
1.160840439318657324e+01,1.254081055390464883e+01,1.533802903605887558e+01,2.000000000000000000e+01
1.163671700831387845e+01,1.256597730047398009e+01,1.535375817695428857e+01,2.000000000000000000e+01
1.166493409879810450e+01,1.259105913632515161e+01,1.536943424890629117e+01,2.000000000000000000e+01
1.169305598693224546e+01,1.261605634794056563e+01,1.538505743096552436e+01,2.000000000000000000e+01
1.172108299392189856e+01,1.264096922083605534e+01,1.540062790157852390e+01,2.000000000000000000e+01
1.174901543988893593e+01,1.266579803956414096e+01,1.541614583858975962e+01,2.000000000000000000e+01
1.177685364387516564e+01,1.269054308771729112e+01,1.543161141924366930e+01,2.000000000000000000e+01
1.180459792384596973e+01,1.271520464793114868e+01,1.544702482018668377e+01,2.000000000000000000e+01
1.183224859669394924e+01,1.273978300188777091e+01,1.546238621746923769e+01,2.000000000000000000e+01
1.185980597824251781e+01,1.276427843031883391e+01,1.547769578654778400e+01,2.000000000000000000e+01
1.188727038324953078e+01,1.278869121300884970e+01,1.549295370228680291e+01,2.000000000000000000e+01
1.191464212541088408e+01,1.281302162879836004e+01,1.550816013896079326e+01,2.000000000000000000e+01
1.194192151736407048e+01,1.283726995558711792e+01,1.552331527025626379e+01,2.000000000000000000e+01
1.196910887069177676e+01,1.286143647033726367e+01,1.553841926927372441e+01,2.000000000000000000e+01
1.199620449592543459e+01,1.288552144907648689e+01,1.555347230852964380e+01,2.000000000000000000e+01
1.202320870254875729e+01,1.290952516690117946e+01,1.556847455995844598e+01,2.000000000000000000e+01
1.205012179900129787e+01,1.293344789797958683e+01,1.558342619491445546e+01,2.000000000000000000e+01
1.207694409268194136e+01,1.295728991555492193e+01,1.559832738417386011e+01,2.000000000000000000e+01
1.210367588995244859e+01,1.298105149194850050e+01,1.561317829793665801e+01,2.000000000000000000e+01
1.213031749614091837e+01,1.300473289856284254e+01,1.562797910582861505e+01,2.000000000000000000e+01
1.215686921554531352e+01,1.302833440588478098e+01,1.564272997690318689e+01,2.000000000000000000e+01
1.218333135143691059e+01,1.305185628348854543e+01,1.565743107964344816e+01,2.000000000000000000e+01
1.220970420606377083e+01,1.307529880003883882e+01,1.567208258196404103e+01,2.000000000000000000e+01
1.223598808065420052e+01,1.309866222329391405e+01,1.568668465121305999e+01,2.000000000000000000e+01
1.226218327542017050e+01,1.312194682010862579e+01,1.570123745417399164e+01,2.000000000000000000e+01
1.228829008956077296e+01,1.314515285643747866e+01,1.571574115706759756e+01,2.000000000000000000e+01
1.231430882126561421e+01,1.316828059733766842e+01,1.573019592555382751e+01,2.000000000000000000e+01
1.234023976771823961e+01,1.319133030697210884e+01,1.574460192473371123e+01,2.000000000000000000e+01
1.236608322509951563e+01,1.321430224861244618e+01,1.575895931915123604e+01,2.000000000000000000e+01
1.239183948859101214e+01,1.323719668464206656e+01,1.577326827279522625e+01,2.000000000000000000e+01
1.241750885237838986e+01,1.326001387655909802e+01,1.578752894910122428e+01,2.000000000000000000e+01
1.244309160965473815e+01,1.328275408497939125e+01,1.580174151095335233e+01,2.000000000000000000e+01
1.246858805262393766e+01,1.330541756963949851e+01,1.581590612068617574e+01,2.000000000000000000e+01
1.249399847250400342e+01,1.332800458939964194e+01,1.583002294008655397e+01,2.000000000000000000e+01
1.251932315953038888e+01,1.335051540224666411e+01,1.584409213039548980e+01,2.000000000000000000e+01
1.254456240295932190e+01,1.337295026529698383e+01,1.585811385230996962e+01,2.000000000000000000e+01
1.256971649107110345e+01,1.339530943479952896e+01,1.587208826598480549e+01,2.000000000000000000e+01
1.259478571117339563e+01,1.341759316613866027e+01,1.588601553103445241e+01,2.000000000000000000e+01
1.261977034960450794e+01,1.343980171383709177e+01,1.589989580653484147e+01,2.000000000000000000e+01
