1.146674711587332002e-01,1.697368370025250373e-01,3.349449345339005624e-01,6.102919012127003828e-01,9.957779821845363921e-01,1.491403587476980208e+00,2.097169378357485847e+00,2.813076407013197056e+00,3.639126340555498551e+00,4.575321818829995557e+00,5.621667025388200400e+00,6.778168598840409231e+00,8.044837088556560545e+00,9.421689281872092536e+00,1.090875192785398795e+01,1.250606770080749008e+01,1.421370475839760594e+01,1.603177207274387328e+01,1.796044403876894080e+01,2.000000000000000000e+01
2.314072009568345079e-01,2.861425740381945970e-01,4.503486932822748368e-01,7.240260798359818839e-01,1.107175637238190014e+00,1.599798817601309153e+00,2.201897850483551800e+00,2.913476087826806449e+00,3.734538514487510952e+00,4.665092492776090616e+00,5.705148834667292945e+00,6.854723325808858903e+00,8.113838858198565873e+00,9.482528355139956844e+00,1.096083867359053521e+01,1.254883560476124948e+01,1.424660988312918164e+01,1.605428360199362103e+01,1.797201533046855104e+01,2.000000000000000000e+01
3.498352323714818968e-01,4.042357090335941816e-01,5.674371390199312026e-01,8.394406267834765289e-01,1.220248043910178382e+00,1.709862301643059634e+00,2.308287692183937256e+00,3.015530371910335905e+00,3.831599027665376411e+00,4.756505772652666053e+00,5.790267322550410434e+00,6.932906499358628238e+00,8.184454093098228356e+00,9.544951069125701792e+00,1.101445102641131868e+01,1.259302267060503766e+01,1.428075184612683302e+01,1.607774236746978858e+01,1.798411453851206332e+01,2.000000000000000000e+01
4.696191005147508091e-01,5.236842291088377177e-01,6.858796148910984991e-01,9.562069966947066568e-01,1.334669267664687409e+00,1.821270810848043542e+00,2.416017878540935637e+00,3.118919100216702489e+00,3.929986140371324321e+00,4.849234520869852183e+00,5.876684612742348435e+00,7.012362784170677266e+00,8.256302660800455939e+00,9.608546408058128208e+00,1.106914588096263863e+01,1.263816340730974552e+01,1.431567188605830410e+01,1.610175382036078418e+01,1.799649891247107547e+01,2.000000000000000000e+01
5.904672653312659225e-01,6.441967502956780223e-01,8.053852051889143215e-01,1.074034909773930790e+00,1.450149602482084132e+00,1.933734828694670282e+00,2.524798291514602333e+00,3.223350297965526856e+00,4.029404305239622452e+00,4.942977559267348830e+00,5.964091805061492835e+00,7.092774030498954829e+00,8.329057181660557418e+00,9.672980759353656310e+00,1.112459117597370373e+01,1.268394172559083977e+01,1.435109200835777443e+01,1.612610666748571475e+01,1.800905335964701592e+01,2.000000000000000000e+01
7.121218579136906479e-01,7.655154015781178156e-01,9.256960325713992077e-01,1.192666395672666857e+00,1.566430778465413010e+00,2.046995435434004751e+00,2.634368872971458941e+00,3.328562194267779439e+00,4.129589499702103872e+00,5.037468325246483580e+00,6.052220090752802761e+00,7.173870517885379883e+00,8.402449964204862454e+00,9.737993607165984500e+00,1.118054140242437278e+01,1.273013773889608480e+01,1.438683072333416746e+01,1.615067105443513640e+01,1.802171049319718321e+01,2.000000000000000000e+01
8.343542933807009954e-01,8.874115650671952071e-01,1.046583380126677731e+00,1.311872555005906493e+00,1.683283614734581102e+00,2.160823073789797100e+00,2.744499645312922897e+00,3.434324481001996165e+00,4.230311434630118050e+00,5.132477330388649506e+00,6.140842209956907105e+00,7.255429525429335058e+00,8.476266239323978269e+00,9.803382789075884673e+00,1.123681287335829282e+01,1.277659302312454059e+01,1.442276193303402998e+01,1.617535954965093481e+01,1.803442594055804094e+01,2.000000000000000000e+01
9.569626247891168669e-01,1.009683304809195770e+00,1.167845344869432367e+00,1.431451564691370359e+00,1.800506462832659915e+00,2.275016449052646106e+00,2.854989984345462695e+00,3.540437730934590022e+00,4.331372706009711138e+00,5.227810423094287451e+00,6.229769000366061071e+00,7.337269212008060038e+00,8.550334456794534077e+00,9.868990618261097580e+00,1.129326579373382700e+01,1.282318987584480574e+01,1.445879398022658258e+01,1.620010972651240877e+01,1.804716839537625717e+01,2.000000000000000000e+01
1.079769645195362449e+00,1.132153494231414870e+00,1.289305041339572577e+00,1.551226984063015291e+00,1.917923602450337661e+00,2.389400945683739508e+00,2.965666916563726385e+00,3.646731352736012788e+00,4.432606100573027952e+00,5.323305069434210779e+00,6.318844251268222578e+00,7.419241689221859559e+00,8.624517378886404018e+00,9.934693087295697111e+00,1.134979207806019197e+01,1.286983873620612862e+01,1.449485809326067987e+01,1.622487526140871239e+01,1.805991479428788082e+01,2.000000000000000000e+01
1.202621142032371138e+00,1.254668065058577753e+00,1.410808834137198042e+00,1.671045943484385399e+00,2.035383333532845729e+00,2.503826538109274136e+00,3.076382728001571198e+00,3.753060743642395725e+00,4.533871115023656806e+00,5.418826060169754655e+00,6.407939451809672171e+00,7.501226741528600250e+00,8.698704831311641072e+00,1.000039188405801305e+01,1.140630706738951972e+01,1.291647022884856710e+01,1.453090150517565071e+01,1.624962087339843819e+01,1.807264765641816595e+01,2.000000000000000000e+01
1.325384056874710170e+00,1.377094148274614405e+00,1.532224422474326886e+00,1.790777126601436287e+00,2.152755798702796763e+00,2.618165382562481103e+00,3.187012243091197128e+00,3.859304167003899000e+00,4.635050348659224717e+00,5.514261355276008025e+00,6.496949064659876427e+00,7.583126568603592688e+00,8.772808035881343613e+00,1.006600853018793629e+01,1.146274378043944608e+01,1.296302990345553496e+01,1.456688308200798332e+01,1.627431920428613665e+01,1.808535347367373092e+01,2.000000000000000000e+01
1.447944516208680588e+00,1.499318083906023835e+00,1.653438786998053578e+00,1.910308609686103276e+00,2.269930667623326848e+00,2.732309296931166642e+00,3.297450051349368305e+00,3.965359683259648715e+00,4.736046109658083481e+00,5.609518359411890920e+00,6.585786497391203476e+00,7.664861521220315943e+00,8.846755227062553573e+00,1.013148004195384644e+01,1.151904882166997801e+01,1.300947461485965384e+01,1.460277039606696903e+01,1.629894877213191506e+01,1.809802166810068869e+01,2.000000000000000000e+01
1.570205794203046734e+00,1.621243366000992392e+00,1.774356081394829587e+00,2.029545664783681147e+00,2.386814817979479031e+00,2.846167288951389818e+00,3.407607857959494169e+00,4.071142307593293985e+00,4.836777378497066238e+00,5.704520708587270228e+00,6.674380753014719225e+00,7.746366682286129901e+00,8.920488256483871226e+00,1.019675567432049945e+01,1.157517939677537555e+01,1.305576994621054610e+01,1.463853768305790659e+01,1.632349256329842646e+01,1.811064388089722499e+01,2.000000000000000000e+01
1.692086291887544336e+00,1.742788608889706436e+00,1.894895559896192072e+00,2.148408624337245776e+00,2.503330116049285792e+00,2.959663236186000912e+00,3.517412053315939868e+00,4.176581468262509311e+00,4.937177165799177203e+00,5.799205551978185547e+00,6.762673675435701526e+00,7.827589131145161083e+00,8.993959945473127604e+00,1.026179444194737833e+01,1.163110108782381324e+01,1.310188832228167399e+01,1.467416436782009548e+01,1.634793702710086549e+01,1.812321346800750277e+01,2.000000000000000000e+01
1.813517606115605973e+00,1.863885607900239494e+00,2.014989613254139389e+00,2.266830877842579639e+00,2.619411362549455724e+00,3.072733774025435238e+00,3.626801542031401926e+00,4.281618782762635966e+00,5.037190250338172248e+00,5.893521275850921448e+00,6.850617693016740617e+00,7.908485749548004762e+00,9.067132003642580429e+00,1.032656320535297034e+01,1.168678616304191387e+01,1.314780759559920575e+01,1.470963397154496732e+01,1.637227133652935507e+01,1.813572513100967853e+01,2.000000000000000000e+01
1.934442739239322862e+00,1.984477544532174731e+00,2.134581960410729895e+00,2.384757042685850870e+00,2.735004437939831057e+00,3.185326414390371674e+00,3.735725838546018363e+00,4.386206139232992740e+00,5.136771261085729456e+00,5.987425607269551087e+00,6.938173970903528165e+00,7.989021454701760838e+00,9.139973378526610404e+00,1.039103517479016148e+01,1.174221227191837613e+01,1.319350996637680318e+01,1.474493328401607783e+01,1.639648683169778565e+01,1.814817464027511207e+01,2.000000000000000000e+01
2.054814478024854285e+00,2.104517363570159283e+00,2.253626020206074720e+00,2.502141328145309540e+00,2.850064658426532116e+00,3.297397896153240193e+00,3.844143417691992859e+00,4.490304056639004671e+00,5.235883060461695493e+00,6.080884037794088925e+00,7.025310896109452585e+00,8.069167769514399069e+00,9.212458936517602837e+00,1.045518872777604180e+01,1.179736142398768628e+01,1.323898114426062378e+01,1.478005172542275858e+01,1.642057659282178506e+01,1.816055862318061287e+01,2.000000000000000000e+01
2.174593952414655806e+00,2.223966331834535737e+00,2.372083470094175972e+00,2.618946094991932316e+00,2.964555338803133822e+00,3.408912755478709311e+00,3.952020299062332764e+00,4.593880292198337045e+00,5.334495386405897932e+00,6.173868514204204239e+00,7.112002832954899212e+00,8.148901660287227955e+00,9.284568401032389673e+00,1.051900646567822761e+01,1.185221918044467060e+01,1.328420968915870759e+01,1.481498084715960672e+01,1.644453510747526082e+01,1.817287439946402827e+01,2.000000000000000000e+01
2.293749372142673604e+00,2.342792775876354483e+00,2.489922987077396677e+00,2.735140602470033766e+00,3.078446549260588583e+00,3.519842097521599822e+00,4.059328840147535367e+00,4.696908664108733866e+00,5.432583714433939726e+00,6.266356351046736606e+00,7.198229098394168801e+00,8.228204587789560875e+00,9.356285492418585648e+00,1.058247445499690365e+01,1.190677400810450415e+01,1.332918648724488264e+01,1.484971393667480832e+01,1.646835800801185101e+01,1.818511985154111699e+01,2.000000000000000000e+01
2.412254931264372626e+00,2.460970988181295560e+00,2.607119158932064806e+00,2.850699928316763554e+00,3.191714048607951604e+00,3.630162548074770790e+00,4.166046712575949940e+00,4.799368059527780339e+00,5.530128305437382430e+00,6.358329327128193320e+00,7.283973116624371080e+00,8.307061729634007463e+00,9.427597227573945915e+00,1.064558161308670137e+01,1.196101675900107963e+01,1.337390433067372264e+01,1.488424570161068416e+01,1.649204186219791168e+01,1.819729332125897159e+01,2.000000000000000000e+01
2.530089866271261645e+00,2.578480287218470668e+00,2.723651550060096849e+00,2.965604044550972596e+00,3.304338374527166611e+00,3.739855363319113835e+00,4.272156036950006452e+00,4.901241600653828634e+00,5.627113409679257217e+00,6.449772934486020404e+00,7.369221720303095857e+00,8.385461340984194933e+00,9.498493347081865323e+00,1.070831920804731396e+01,1.201494024843959707e+01,1.341835757798849116e+01,1.491857201529346355e+01,1.651558400485046363e+01,1.820939352697220315e+01,2.000000000000000000e+01
2.647237651552730053e+00,2.695304214884996608e+00,2.839503904881796714e+00,3.079837030937115916e+00,3.416304071461625735e+00,3.848905676777360174e+00,4.377642653817667373e+00,5.002515944966114958e+00,5.723526601797708224e+00,6.540675753797624559e+00,7.453964572015133960e+00,8.463394227571752637e+00,9.568965844916540675e+00,1.077068044969189842e+01,1.206853891103297016e+01,1.346254187806755631e+01,1.495268971030586869e+01,1.653898240150557442e+01,1.822141949646192316e+01,2.000000000000000000e+01
2.763685315681969623e+00,2.811429854696826158e+00,2.954663471741395764e+00,3.193386408500977769e+00,3.527599037760696277e+00,3.957301864254037405e+00,4.482495510725857280e+00,5.103180698839002716e+00,5.819358225508183935e+00,6.631028934700563759e+00,7.538193684641775860e+00,8.540853310324440173e+00,9.639008581181599311e+00,1.083266015374719515e+01,1.212180851907394796e+01,1.350645394461136917e+01,1.498659641015876964e+01,1.656223553739586407e+01,1.823337051235201400e+01,2.000000000000000000e+01
2.879422862699422492e+00,2.926847254830589495e+00,3.069120431224090506e+00,3.306242576678426914e+00,3.638213975271448852e+00,4.065035009541908551e+00,4.586706147765221786e+00,5.203227926675193515e+00,5.914600930058596440e+00,6.720825763225960259e+00,7.621903023275461209e+00,8.617833265023271849e+00,9.708616962433021413e+00,1.089425446532917796e+01,1.217474595111944247e+01,1.355009137117592921e+01,1.502029039143032563e+01,1.658534232662062990e+01,1.824524606748223476e+01,2.000000000000000000e+01
2.994442783803197727e+00,3.041548941394550454e+00,3.182867414168609521e+00,3.418398339242057826e+00,3.748141926364652932e+00,4.172098455740096412e+00,4.690268266365938743e+00,5.302651740332041008e+00,6.009249283369349826e+00,6.810061301618113738e+00,7.705088174510328791e+00,8.694330223616567821e+00,9.777787677262274713e+00,1.095546063066545628e+01,1.222734900128248370e+01,1.359345247896827047e+01,1.505377047045809569e+01,1.660830203755757850e+01,1.825704582828073796e+01,2.000000000000000000e+01
3.108739646338522622e+00,3.155529508812571660e+00,3.295899096234718328e+00,3.529848505835966765e+00,3.857377885208984836e+00,4.278487429017087784e+00,4.793177368258820792e+00,5.401447955925904765e+00,6.103299449230806140e+00,6.898732088341882118e+00,7.787746071499988432e+00,8.770341526345129424e+00,9.846518477233615840e+00,1.101627680826922884e+01,1.227961622170290923e+01,1.363653619127157235e+01,1.508703590994492849e+01,1.663111423142651546e+01,1.826876960460796084e+01,2.000000000000000000e+01
3.222309748522851791e+00,3.268785275763212539e+00,3.408211857484294782e+00,3.640589557612401439e+00,3.965918471852179827e+00,4.384198723486753657e+00,4.895430453440318352e+00,5.499613807102076812e+00,6.196748917989757466e+00,6.986835888163023256e+00,7.869874765241634762e+00,8.845865515837678217e+00,9.914807995160780152e+00,1.107670191249564695e+01,1.233154679217961025e+01,1.367934192962175644e+01,1.512008634180172884e+01,1.665377871156275447e+01,1.828041732486612503e+01,2.000000000000000000e+01
3.335150829839947928e+00,3.381313996620239237e+00,3.519803496961114053e+00,3.750619367024969453e+00,4.073761659271163182e+00,4.489230437513636041e+00,4.997025767668981544e+00,5.597147705576795751e+00,6.289596281887845919e+00,7.074371483906297442e+00,7.951473234224067710e+00,8.920901365939759131e+00,9.982655594202663352e+00,1.113673548376082145e+01,1.238314041211870276e+01,1.372186952782251801e+01,1.515292170328673826e+01,1.667629548145145790e+01,1.829198901541338529e+01,2.000000000000000000e+01
3.447261828424885266e+00,3.493114619732923920e+00,3.630672993657039882e+00,3.859936963251227926e+00,4.180906544989251294e+00,4.593581753216462893e+00,5.097962591484899164e+00,5.694049041223153473e+00,6.381841047667124123e+00,7.161338502917224957e+00,8.032541225945594832e+00,8.995448939331311067e+00,1.005006124244851584e+01,1.119637758076951606e+01,1.243439721087036709e+01,1.376411916063789853e+01,1.518554218407236078e+01,1.669866470995588870e+01,1.830348478351082520e+01,2.000000000000000000e+01
3.558642678014050986e+00,3.604187085137714242e+00,3.740820306508704451e+00,3.968542335977964353e+00,4.287353160122176376e+00,4.697252752202437875e+00,5.198241064001194900e+00,5.790318015215489389e+00,6.473483480274534685e+00,7.247737272429697342e+00,8.113079124928045616e+00,9.069508669035281301e+00,1.011702540861995736e+01,1.125562869094714813e+01,1.248531767325438224e+01,1.380609128459366097e+01,1.521794818231841262e+01,1.672088670247060804e+01,1.831490480317789249e+01,2.000000000000000000e+01
3.669294138141542039e+00,3.714532155399798530e+00,3.850246207174567115e+00,4.076436271385617260e+00,4.393102309812518591e+00,4.800244261653211275e+00,5.297862035789685287e+00,5.885955500796942630e+00,6.564524472514892572e+00,7.333568699016539405e+00,8.193087842773239871e+00,9.143081459772675501e+00,1.018354897529075309e+01,1.131448965595428824e+01,1.253590257765548088e+01,1.384778658879007018e+01,1.525014026818605828e+01,1.674296187696690907e+01,1.832624930344849545e+01,2.000000000000000000e+01
3.779217652228671565e+00,3.824151274247247656e+00,3.958952140302976819e+00,4.183620215122797248e+00,4.498155439956867951e+00,4.902557725813997180e+00,5.396826946093715272e+00,5.980962927119546357e+00,6.654965436352944685e+00,7.418834168109031069e+00,8.272568726566278841e+00,9.216168605817452786e+00,1.024963316665428970e+01,1.137296160971371251e+01,1.258615294453724864e+01,1.388920595400618296e+01,1.528211915351029582e+01,1.676489074408556590e+01,1.833751855861263280e+01,2.000000000000000000e+01
3.888415229046481514e+00,3.933046448492094171e+00,4.066940106828932144e+00,4.290096157881014172e+00,4.602514525937487555e+00,5.004195098728651203e+00,5.495137720371513268e+00,6.075342182350011555e+00,6.744808212276173442e+00,7.503535460243239363e+00,8.351523482555844424e+00,9.288771722577767065e+00,1.031527948838277986e+01,1.143104592682916909e+01,1.263606999360236394e+01,1.393035041868102830e+01,1.531388566657774319e+01,1.678667389058353976e+01,1.834871288010297974e+01,2.000000000000000000e+01
3.996889343744533196e+00,4.041220149444402665e+00,4.174212566544009739e+00,4.395866539878075407e+00,4.706181979756459022e+00,5.105158754733633231e+00,5.592796684822949338e+00,6.169095532858555053e+00,6.834054993723885474e+00,7.587674681249481523e+00,8.429954112559524759e+00,9.360892689602179573e+00,1.038048967754377649e+01,1.148874417964178996e+01,1.268565510813554198e+01,1.397122115060467706e+01,1.534544073114167340e+01,1.680831196556352580e+01,1.835983260974616371e+01,2.000000000000000000e+01
4.104642855246631861e+00,4.148675230631184263e+00,4.280772356784841470e+00,4.500934171151290464e+00,4.809160572551256507e+00,5.205451413789266013e+00,5.689806495098864936e+00,6.262225555831282264e+00,6.922708264084064922e+00,7.671254204065721893e+00,8.507862860971220798e+00,9.432533603099168218e+00,1.044526566088645225e+01,1.154605810247108799e+01,1.273490980531807537e+01,1.401181942335455766e+01,1.537678534895726301e+01,1.682980566901485986e+01,1.837087811414726346e+01,2.000000000000000000e+01
4.211678937328920291e+00,4.255414859145233208e+00,4.386622624594171072e+00,4.605302165062633790e+00,4.911453369960866233e+00,5.305076079202911465e+00,5.786170076850980948e+00,6.354735083084685598e+00,7.010770744173384195e+00,7.754276620242302798e+00,8.585252170603714816e+00,9.503696736380737420e+00,1.050960952009633687e+01,1.160298956183518726e+01,1.278383571151029940e+01,1.405214659667821664e+01,1.540792058524379016e+01,1.685115574227595658e+01,1.838184978001635983e+01,2.000000000000000000e+01
4.318001021130555728e+00,4.361442458382362553e+00,4.491766770137782139e+00,4.708973882840304270e+00,5.013063678224153996e+00,5.404035985698650180e+00,5.881890576164993334e+00,6.446627154227301482e+00,7.098245348461320603e+00,7.836744699527235625e+00,8.662124645895108443e+00,9.574384506908126369e+00,1.057352346285388833e+01,1.165954053164928972e+01,1.283243454166901287e+01,1.409220410015996272e+01,1.543884755658181263e+01,1.687236296009495007e+01,1.839274801027854167e+01,2.000000000000000000e+01
4.423612747213423013e+00,4.466761660290552882e+00,4.596208399521943377e+00,4.811952887336403251e+00,5.113994999238863137e+00,5.502334556123741116e+00,5.976971318241690589e+00,6.537904977619923841e+00,7.185135148587591836e+00,7.918661356189359957e+00,8.738483022253685562e+00,9.644599448839233702e+00,1.063700979872815822e+01,1.171571307257040040e+01,1.288070808220803976e+01,1.413199341962142164e+01,1.546956742083722958e+01,1.689342812402062677e+01,1.840357322083592351e+01,2.000000000000000000e+01
4.528517925595218152e+00,4.571376265561308827e+00,4.699951285459580852e+00,4.914242904478599350e+00,5.214250993100315590e+00,5.599975365363279778e+00,6.071415772960510715e+00,6.628571897841839089e+00,7.271443342962704115e+00,8.000029620960013688e+00,8.814330140520180379e+00,9.714344190161618542e+00,1.070007091909950780e+01,1.177150931479630813e+01,1.292865817672671191e+01,1.417151608579890976e+01,1.550008136877310960e+01,1.691435205690092047e+01,1.841432583787258892e+01,2.000000000000000000e+01
4.632720502438588461e+00,4.675290210450952166e+00,4.802999334488044170e+00,5.015847791143744239e+00,5.313835446882543501e+00,5.696962110269898183e+00,6.165227526185423912e+00,6.718631368584409458e+00,7.357173231442155625e+00,8.080852617659914472e+00,8.889668925696584623e+00,9.783621433647859078e+00,1.076270928044018937e+01,1.182693144374295713e+01,1.297628671412776136e+01,1.421077366491747540e+01,1.553039061706733293e+01,1.693513559830384452e+01,1.842500629561157766e+01,2.000000000000000000e+01
4.736224532295556067e+00,4.778507539135343762e+00,4.905356559654705961e+00,5.116771508390783652e+00,5.412752248628467378e+00,5.793298584612246671e+00,6.258410255861470262e+00,6.808086930071894471e+00,7.442328194232220362e+00,8.161133543733106066e+00,8.964502369232318912e+00,9.852433940997483930e+00,1.082492739039383522e+01,1.188198168812070676e+01,1.302359561872641258e+01,1.424976775084535419e+01,1.556049640250156330e+01,1.695577960070703938e+01,1.843561503444859184e+01,2.000000000000000000e+01
4.839034154987744252e+00,4.881032380682106542e+00,5.007027057765193412e+00,5.217018099165515288e+00,5.511005365686267865e+00,5.888988658210571714e+00,6.350967712107689067e+00,6.896942190258561922e+00,7.526911674324987978e+00,8.240875654039095721e+00,9.038833514276626957e+00,9.920784519635597931e+00,1.088672779618817366e+01,1.193666231001016520e+01,1.307058684201897414e+01,1.428849995856546862e+01,1.559039997712622849e+01,1.697628492632764363e+01,1.844615249939949564e+01,2.000000000000000000e+01
4.941153576354640364e+00,4.982868929875603925e+00,5.108014990438493719e+00,5.316591669736323134e+00,5.608598826671690851e+00,5.984036259565274740e+00,6.442903700643674902e+00,6.985200809175506009e+00,7.610927162876811813e+00,8.320082247362051930e+00,9.112665443404289078e+00,9.988676011726557391e+00,1.094811307499294628e+01,1.199097559660486390e+01,1.311726235583475031e+01,1.432697191874469311e+01,1.562010260423905450e+01,1.699665244448592460e+01,1.845661913880939764e+01,2.000000000000000000e+01
5.042587052228913791e+00,5.084021431256185330e+00,5.208324568337999949e+00,5.415496374242439792e+00,5.705536706455137441e+00,6.078445361399176683e+00,6.534222068996750288e+00,7.072866485904523159e+00,7.694378187041547967e+00,8.398756655185868780e+00,9.186001268403803266e+00,1.005611128503454488e+01,1.100908582589956985e+01,1.204492385334359206e+01,1.316362414664110148e+01,1.436518527321818617e+01,1.564960555504162265e+01,1.701688302941376207e+01,1.846701540327973134e+01,2.000000000000000000e+01
5.143338875103777852e+00,5.184494165840813018e+00,5.307960038051918517e+00,5.513736401838608359e+00,5.801823113671850329e+00,6.172219968630134446e+00,6.624926695028355184e+00,7.159942947743000552e+00,7.777268299851035849e+00,8.476902232358787259e+00,9.258844121785367420e+00,1.012309322532416545e+01,1.106964866325300534e+01,1.209850939820125504e+01,1.320967421080987414e+01,1.440314167123657541e+01,1.567891010586123457e+01,1.703697755843394646e+01,1.847734174477704627e+01,2.000000000000000000e+01
5.243413363045950071e+00,5.284291440080366442e+00,5.406925671183616444e+00,5.611315966005452793e+00,5.897462180336643378e+00,6.265364108370759411e+00,6.715021477394771843e+00,7.246433941196118056e+00,7.859601071802877925e+00,8.554522349333725018e+00,9.331197149722953554e+00,1.018962473004509306e+01,1.112980421111104157e+01,1.215173455694571736e+01,1.325541455068532137e+01,1.444084276634909081e+01,1.570801753584396465e+01,1.705693691044864124e+01,1.848759861589331877e+01,2.000000000000000000e+01
5.342814850481624411e+00,5.383417576682525407e+00,5.505225755285227507e+00,5.708239295666205138e+00,5.992458053213892022e+00,6.357881821618780016e+00,6.804510327621075660e+00,7.332343224492982259e+00,7.941380083872020101e+00,8.631620385722637678e+00,9.403063506192264498e+00,1.025570870308747118e+01,1.118955509864364473e+01,1.220460165919999085e+01,1.330084717132026384e+01,1.447829021381692094e+01,1.573692912504058938e+01,1.707676196468553087e+01,1.849778646923249070e+01,2.000000000000000000e+01
5.441547680544637444e+00,5.481876906990633458e+00,5.602864586328623275e+00,5.804510627809976953e+00,6.086814886651457535e+00,6.449777156357389352e+00,6.893397163520464055e+00,7.417674561373622133e+00,8.022608921709666774e+00,8.708199724946609876e+00,9.474446348105844962e+00,1.032134805043010140e+01,1.124890395631614126e+01,1.225711303517597628e+01,1.334597407776942468e+01,1.451548566846863331e+01,1.576564615282004489e+01,1.709645359965882960e+01,1.850790575690234974e+01,2.000000000000000000e+01
5.539616198727475016e+00,5.579673764660230795e+00,5.699846462458497243e+00,5.900134201371444398e+00,6.180536836635455167e+00,6.541054161831449498e+00,6.981685903735539434e+00,7.502431715935768963e+00,8.103291170832267909e+00,8.784263749799627874e+00,9.545348831279698132e+00,1.038654567653307481e+01,1.130785341272593669e+01,1.230927101296805048e+01,1.339079727284725330e+01,1.455243078292411774e+01,1.579416989655593717e+01,1.711601269230943601e+01,1.851795693009414379e+01,2.000000000000000000e+01
5.637024747618812448e+00,5.676812480417780193e+00,5.796175678814683430e+00,5.995114252158311174e+00,6.273628055863126995e+00,6.631716883804254614e+00,7.069380463215184207e+00,7.586618448365388012e+00,8.183430412636134577e+00,8.859815838774254715e+00,9.615774107093196577e+00,1.045130448135108381e+01,1.136640609198414076e+01,1.236107791631346764e+01,1.343531875527305353e+01,1.458912720612583591e+01,1.582250163054071024e+01,1.713544011729438665e+01,1.852794043873537078e+01,2.000000000000000000e+01
5.733777662547066001e+00,5.773297377721818613e+00,5.891856523246077337e+00,6.089455008652498336e+00,6.366092689664699655e+00,6.721769360631957291e+00,7.156484749471593076e+00,7.670238511404089188e+00,8.263030221100445161e+00,8.934859363022541245e+00,9.685725319727085392e+00,1.051562735786429492e+01,1.142456461155151892e+01,1.241253606274195675e+01,1.347954051813899490e+01,1.462557658212619849e+01,1.585064262508960908e+01,1.715473674640083601e+01,1.853785673120358624e+01,2.000000000000000000e+01
5.829879267979463542e+00,5.869132769176607312e+00,5.986893272768038621e+00,6.183160688539868666e+00,6.457934872633114942e+00,6.811215620019755335e+00,7.243002659487784101e+00,7.753295647430965332e+00,8.342094160064233321e+00,9.009397683846605887e+00,9.755205603883432275e+00,1.057951719004066859e+01,1.148233158045322178e+01,1.246364776204977431e+01,1.352346454764729877e+01,1.466178054908851713e+01,1.587859414580282902e+01,1.717390344806376845e+01,1.854770625409104312e+01,2.000000000000000000e+01
5.925333874551035329e+00,5.964322953573193864e+00,6.081290190639671245e+00,6.276235495847398482e+00,6.549158725844006490e+00,6.900059676346540272e+00,7.328938077167477694e+00,7.835793586056692739e+00,8.420625780981925601e+00,9.083434150630786519e+00,9.824218082907407279e+00,1.064297685115800363e+01,1.153970959780926009e+01,1.251441531504425342e+01,1.356709282207182810e+01,1.469774073846597418e+01,1.590635745295958081e+01,1.719294108697025436e+01,1.855748945201171196e+01,2.000000000000000000e+01
6.020145776618778477e+00,6.058872213453565081e+00,6.175051523957926669e+00,6.368683618586793216e+00,6.639768354567744169e+00,6.988305528463434335e+00,7.414294871237109064e+00,7.917736042144694508e+00,8.498628621077811474e+00,9.156972099141913901e+00,9.892765867244017741e+00,1.070600920242583953e+01,1.159670125162822174e+01,1.256484101251380814e+01,1.361042731090671509e+01,1.473345877432897666e+01,1.593393380102206258e+01,1.721185052373580149e+01,1.856720676744364695e+01,2.000000000000000000e+01
6.114319250253660520e+00,6.152784813110883100e+00,6.268181501682549950e+00,6.460509226820273732e+00,6.729767846391689901e+00,7.075957157887414084e+00,7.499076893524782683e+00,7.999126714188311560e+00,8.576106201833074039e+00,9.230014850136454285e+00,9.960852053174070520e+00,1.076861709185732785e+01,1.165330911782038825e+01,1.261492713438589242e+01,1.365346997417089980e+01,1.476893627281617505e+01,1.596132443823105085e+01,1.723063261464076490e+01,1.857685864060075076e+01,2.000000000000000000e+01
6.207858551597575492e+00,6.246064996953223591e+00,6.360684333020167003e+00,6.551716471078303350e+00,6.819161269684403059e+00,7.163018527324225282e+00,7.583287977553397674e+00,8.079969282984714951e+00,8.653062027750026530e+00,9.302565708223413665e+00,1.002847972178284586e+01,1.083080335334938482e+01,1.170953575939370594e+01,1.266467594904157146e+01,1.369622276184257892e+01,1.480417484168856213e+01,1.598853060627784473e+01,1.724928821141686797e+01,1.858644550932913475e+01,2.000000000000000000e+01
6.300767915524462914e+00,6.338716988170269850e+00,6.452564206107689770e+00,6.642309481070606481e+00,6.907952672344817024e+00,7.249493579465764448e+00,7.666931937395624175e+00,8.160267410556128809e+00,8.729499585347344492e+00,9.374627960940399518e+00,1.009565193812272277e+01,1.089257080593650784e+01,1.176538372580214542e+01,1.271408971276061983e+01,1.373868761340194844e+01,1.483917607996943744e+01,1.601555354003981080e+01,1.726781816107540735e+01,1.859596780902383628e+01,2.000000000000000000e+01
6.393051554554939564e+00,6.430744987652499134e+00,6.543825286945177844e+00,6.732292364641632609e+00,6.996146080788916422e+00,7.335386236016166350e+00,7.750012566747081166e+00,8.240024739277124866e+00,8.805422342347801745e+00,9.446204878007289807e+00,1.016237175053739250e+01,1.095392225318918022e+01,1.182085555242101549e+01,1.276317066927533972e+01,1.378086645746410355e+01,1.487394157765592162e+01,1.604239446736894337e+01,1.728622330577025323e+01,1.860542597256263164e+01,2.000000000000000000e+01
6.484713657982124069e+00,6.522153173120728731e+00,6.634471718536540052e+00,6.821669206929676044e+00,7.083745499134294299e+00,7.420700396908467056e+00,7.832533638181320867e+00,8.319244891173637413e+00,8.880833747026393610e+00,9.517299710727881390e+00,1.022864219012072518e+01,1.101486048273284446e+01,1.187595376012805559e+01,1.281192104941499643e+01,1.382276121148711212e+01,1.490847291549007281e+01,1.606905460892454585e+01,1.730450448268974029e+01,1.861482043025398170e+01,2.000000000000000000e+01
6.575758391173436301e+00,6.612945698430920061e+00,6.724507620203372227e+00,6.910444069695646618e+00,7.170754908549541007e+00,7.505439939679990680e+00,7.914498902556243110e+00,8.397931467364973201e+00,8.955737227692035063e+00,9.587915691514787397e+00,1.029446627028773342e+01,1.107538826586718450e+01,1.193068085497259823e+01,1.286034307082565675e+01,1.386437378154261424e+01,1.494277166477959007e+01,1.609553517804264899e+01,1.732266252397269568e+01,1.862415160979679740e+01,2.000000000000000000e+01
6.666189895018909795e+00,6.703126693024934468e+00,6.813937087043010266e+00,6.998620990793159358e+00,7.257178266740928585e+00,7.589608718979961921e+00,7.995912088546644370e+00,8.476088047624966038e+00,9.030136192280531660e+00,9.658056033516979610e+00,1.035984698643895641e+01,1.113550835726902122e+01,1.198503932791808957e+01,1.290843893775286055e+01,1.390570606213854532e+01,1.497683938725986152e+01,1.612183738063605176e+01,1.734069825664450804e+01,1.863341993625001436e+01,2.000000000000000000e+01
6.756012285501551418e+00,6.792700261502822912e+00,6.902764189506636505e+00,7.086203983756250935e+00,7.343019507553386838e+00,7.673210566187173676e+00,8.076776902281764592e+00,8.553718190042260971e+00,9.104034028040139503e+00,9.727723930332761171e+00,1.042478731570253814e+01,1.119522349476474865e+01,1.203903165464563507e+01,1.295621084087653685e+01,1.394675993608517750e+01,1.501067763499037611e+01,1.614796241511979247e+01,1.735861250256986921e+01,1.864262583201035639e+01,2.000000000000000000e+01
6.845229653369255374e+00,6.881670483296276508e+00,6.990992973077339911e+00,7.173197037485039118e+00,7.428282540666623746e+00,7.756249289119274692e+00,8.157097027070227213e+00,8.630825430763149342e+00,9.177434101294224433e+00,9.796922555793861065e+00,1.048929021674099893e+01,1.125453639916066173e+01,1.209266029540836129e+01,1.300366095718943882e+01,1.398753727439724415e+01,1.504428795027971155e+01,1.617391147235778703e+01,1.737640607841943208e+01,1.865176971679687412e+01,2.000000000000000000e+01
6.933846063891205169e+00,6.970041412426232874e+00,7.078627458031315101e+00,7.259604116012844166e+00,7.512971251370402115e+00,7.838728671818279814e+00,8.236876123197689026e+00,8.707413283803044024e+00,9.250339757268019270e+00,9.865655063808640435e+00,1.055335862961178783e+01,1.131344977412141262e+01,1.214592769492799107e+01,1.305079144991171880e+01,1.402803993622602796e+01,1.507767186563430428e+01,1.619968573562707803e+01,1.739407979564793649e+01,1.866085200764113239e+01,2.000000000000000000e+01
7.021865556684578458e+00,7.057817077330491351e+00,7.165671639268229143e+00,7.345429158341078235e+00,7.597089500405641793e+00,7.920652474399460630e+00,8.316117827784946570e+00,8.783485240915057446e+00,9.322754319968709069e+00,9.933924588254514632e+00,1.061699547567260460e+01,1.137196630608850612e+01,1.219883628232654260e+01,1.309760446843556636e+01,1.406826976881638203e+01,1.511083090372698479e+01,1.622528638059670314e+01,1.741163446048198793e+01,1.866987311888211210e+01,2.000000000000000000e+01
7.109292145599653168e+00,7.145001480749502143e+00,7.252129486199049957e+00,7.430676078330439083e+00,7.680641123860222130e+00,8.002024432952911326e+00,8.394825754696286779e+00,8.859044771506008331e+00,9.394681092109811615e+00,1.000173424291120128e+01,1.068020365752381373e+01,1.143008866423201653e+01,1.225138847108718743e+01,1.314410214829480239e+01,1.410822860748441521e+01,1.514376657738186616e+01,1.625071457531866415e+01,1.742907087391572674e+01,1.867883346216494544e+01,2.000000000000000000e+01
7.196129818653428600e+00,7.231598599660475912e+00,7.338004942681617848e+00,7.515348764638886792e+00,7.763629933110236969e+00,8.082848259488866205e+00,8.473003494489560694e+00,8.934095322591820931e+00,9.466123355072314283e+00,1.006908712142789852e+01,1.074298605898176540e+01,1.148781950042990729e+01,1.230358665903929882e+01,1.319028661115519263e+01,1.414791827561236559e+01,1.517648038957287326e+01,1.627597148022900697e+01,1.744638983171311253e+01,1.868773344644293033e+01,2.000000000000000000e+01
7.282382538003528083e+00,7.317612385251609730e+00,7.423301926995855560e+00,7.599451080698430339e+00,7.846059714798943041e+00,8.163127641919317057e+00,8.550654614400883702e+00,9.008640318785618106e+00,9.537084368896366016e+00,1.013598629731859901e+01,1.080534554507764788e+01,1.154516144927022836e+01,1.235543322836358016e+01,1.323615996482190660e+01,1.418734058465767944e+01,1.520897383343352161e+01,1.630105824815718663e+01,1.746359212441564779e+01,1.869657347798217728e+01,2.000000000000000000e+01
7.368054239955479368e+00,7.403046762929560209e+00,7.508024331851803623e+00,7.682986864724108855e+00,7.927934230846979347e+00,8.242866244069727344e+00,8.627782658358025714e+00,9.082683162312891412e+00,9.607567372298220221e+00,1.020243482398071855e+01,1.086728496207757111e+01,1.160211712807226370e+01,1.240693054561378972e+01,1.328172430326121578e+01,1.422649733417386564e+01,1.524124839227601846e+01,1.632597602434237061e+01,1.748067853735465249e+01,1.870535396036849107e+01,2.000000000000000000e+01
7.453148834997652017e+00,7.487905632354459051e+00,7.592176024424880154e+00,7.765959929749615576e+00,8.009257218488469832e+00,8.322067705715666008e+00,8.704391147017577879e+00,9.156227233049117231e+00,9.677575582708135116e+00,1.026843573473302129e+01,1.092880713752017030e+01,1.165868913692336939e+01,1.245808096175223412e+01,1.332698170663392645e+01,1.426539031184108808e+01,1.527330553961806814e+01,1.635072594645538402e+01,1.749764985066720868e+01,1.871407529451602514e+01,2.000000000000000000e+01
7.537670207859069826e+00,7.572192867497710367e+00,7.675760846413632876e+00,7.848374063684961044e+00,8.090032390328524059e+00,8.400735642640031031e+00,8.780483577821732055e+00,9.229275888575868336e+00,9.747112196325545597e+00,1.033399204286947715e+01,1.098991488026867991e+01,1.171488005872872051e+01,1.250888681219656817e+01,1.337193424133851138e+01,1.430402129350477480e+01,1.530514673921602586e+01,1.637530914462539755e+01,1.751450683931519947e+01,1.872273787867748140e+01,2.000000000000000000e+01
7.621622217586082826e+00,7.655912316718577415e+00,7.758782614116062071e+00,7.930233029392343092e+00,8.170263434418428616e+00,8.478873646707310030e+00,8.856063425071306838e+00,9.301832464252271393e+00,9.816180388188520567e+00,1.039910674172627303e+01,1.105061098057498370e+01,1.177069245927178720e+01,1.255935041687597753e+01,1.341658396006222986e+01,1.434239204322083872e+01,1.533677344510328311e+01,1.639972674147044174e+01,1.753125027310688466e+01,1.873134210845551806e+01,2.000000000000000000e+01
7.705008697634622372e+00,7.739067802856279599e+00,7.841245118521251278e+00,8.011540564776986173e+00,8.249954014345357578e+00,8.556485285951795916e+00,8.931134140012085609e+00,9.373900273299005548e+00,9.884783312254960208e+00,1.046378280475964218e+01,1.111089821015345969e+01,1.182612888728352907e+01,1.260947408029502093e+01,1.346093290183881308e+01,1.438050431330631973e+01,1.536818710163293744e+01,1.642397985213108313e+01,1.754788091672049788e+01,1.873988837681515207e+01,2.000000000000000000e+01
7.787833455975222030e+00,7.821663123334809065e+00,7.923152125413569280e+00,8.092300382890305954e+00,8.329107769334061828e+00,8.633574104677345318e+00,9.005699150932128916e+00,9.445482606892660726e+00,9.952924101493421105e+00,1.052802318563255746e+01,1.117077932226288617e+01,1.188119187451880343e+01,1.265926009160376431e+01,1.350498309211150350e+01,1.441835984439445895e+01,1.539938914352395294e+01,1.644806958430669397e+01,1.756439952972957030e+01,1.874837707409700727e+01,2.000000000000000000e+01
7.870100275208502971e+00,7.903702050278167413e+00,8.004507375487161625e+00,8.172516172043151172e+00,8.407728314358344335e+00,8.710143623566525051e+00,9.079761863268053901e+00,9.516582734268553168e+00,1.002060586798183195e+01,1.059183081830868112e+01,1.123025705179492384e+01,1.193588393583863549e+01,1.270871072467304508e+01,1.354873654280047468e+01,1.445596036549338770e+01,1.543038099591017520e+01,1.647199703829380368e+01,1.758080686662957959e+01,1.875680858803119477e+01,2.000000000000000000e+01
7.951812912689232071e+00,7.985188330634140463e+00,8.085314584468866528e+00,8.252191595927287793e+00,8.485819240260511265e+00,8.786197339797457317e+00,9.153325659718630547e+00,9.587203902830410129e+00,1.008783170301260945e+01,1.065520861715221024e+01,1.128933411536794829e+01,1.199020756929726339e+01,1.275782823817391076e+01,1.359219525237380388e+01,1.449330759404774049e+01,1.546116407439165741e+01,1.649576330702615934e+01,1.759710367686573207e+01,1.876518330375175125e+01,2.000000000000000000e+01
8.032975100657294476e+00,8.066125686304955522e+00,8.165577443247938660e+00,8.331330293743551607e+00,8.563384113877326342e+00,8.861738727166892815e+00,9.226393900364303846e+00,9.657349338265667882e+00,1.015460467720301097e+01,1.071815947703252370e+01,1.134801321142522568e+01,1.204416525623303436e+01,1.280661487566041679e+01,1.363536120592131873e+01,1.453040323600263584e+01,1.549173978508784266e+01,1.651936947611613249e+01,1.761329070486159765e+01,1.877350160381150346e+01,2.000000000000000000e+01
8.113590546374288337e+00,8.146517814283539494e+00,8.245299618011296516e+00,8.409935880335392966e+00,8.640426478171159275e+00,8.936771236218280734e+00,9.298969922791483711e+00,9.727022244665244344e+00,1.022092784060962423e+01,1.078068627343264829e+01,1.140629702033655235e+01,1.209775946136240421e+01,1.285507286565511897e+01,1.367823637523069991e+01,1.456724898586950623e+01,1.552210952469219585e+01,1.654281662389721319e+01,1.762936869004848717e+01,1.878176386819724186e+01,2.000000000000000000e+01
8.193662932264601295e+00,8.226368386794241871e+00,8.324484750383161824e+00,8.488011946326752266e+00,8.716949852365363682e+00,9.011298294373910167e+00,9.371057042220689581e+00,9.796225804646921276e+00,1.028680422284623752e+01,1.084279186256080152e+01,1.146418820450266196e+01,1.215099263287637399e+01,1.290320442173671012e+01,1.372082271886543303e+01,1.460384652679345763e+01,1.555227468052803985e+01,1.656610582146736377e+01,1.764533836689532009e+01,1.878997047434519985e+01,2.000000000000000000e+01
8.273195916060048560e+00,8.305681051437092677e+00,8.403136457568221473e+00,8.565562058263333611e+00,8.792957732082932409e+00,9.085323306070179683e+00,9.442658551637675757e+00,9.864963179481549105e+00,1.035223683320431398e+01,1.090447908146433065e+01,1.152168940846179979e+01,1.220386720253885748e+01,1.295101174262930321e+01,1.376312218224414430e+01,1.464019753062174978e+01,1.558223663060524977e+01,1.658923813273298364e+01,1.766120046493894691e+01,1.879812179715668563e+01,2.000000000000000000e+01
8.352193130947302535e+00,8.384459431334855495e+00,8.481258332497514374e+00,8.642589758756582086e+00,8.868453589487765854e+00,9.158849652895389326e+00,9.513777721926938824e+00,9.933237509221477524e+00,1.041722866077553178e+01,1.096575074814553297e+01,1.157880325899800589e+01,1.225638558578656401e+01,1.299849701229303811e+01,1.380513669772102503e+01,1.467630365797315584e+01,1.561199674367764523e+01,1.661221461445341419e+01,1.767695570881477707e+01,1.880621820901390606e+01,2.000000000000000000e+01
8.430658185717462061e+00,8.462707125282202369e+00,8.558853943976423295e+00,8.719098566629696734e+00,8.943440873427915605e+00,9.231880693729404896e+00,9.584417802007022757e+00,1.000105191283066119e+01,1.048178267457587154e+01,1.102660966167890422e+01,1.163553236525063994e+01,1.230855018182995408e+01,1.304566240001561361e+01,1.384686818466708047e+01,1.471216655830800413e+01,1.564155637930090847e+01,1.663503631628578816e+01,1.769260481828763787e+01,1.881426007979586146e+01,2.000000000000000000e+01
8.508594664917241701e+00,8.540427707896496301e+00,8.635926836834260101e+00,8.795091977065203181e+00,9.017923009580343319e+00,9.304419764884782396e+00,9.654582018967163393e+00,1.006840948831602667e+01,1.054590182367086904e+01,1.108705860232941554e+01,1.169187931882485820e+01,1.236036337375505134e+01,1.309251006050454968e+01,1.388831854955192746e+01,1.474778786999863200e+01,1.567091688789079207e+01,1.665770428083009236e+01,1.770814850828276121e+01,1.882224777689432216e+01,2.000000000000000000e+01
8.586006129001324538e+00,8.617624729769735481e+00,8.712480532074971862e+00,8.870573461753615163e+00,9.091903400596715201e+00,9.376470180248873021e+00,9.724273578204892132e+00,1.013531331285972037e+01,1.060958903730166192e+01,1.114710033167152758e+01,1.174784669390272640e+01,1.241182752862578198e+01,1.313904213397988485e+01,1.392948968602599180e+01,1.478316922040019143e+01,1.570007961078161429e+01,1.668021954367442206e+01,1.772358748891688407e+01,1.883018166522985126e+01,2.000000000000000000e+01
8.662896114485493015e+00,8.694301717621280901e+00,8.788518527028644556e+00,8.945546469042874094e+00,9.165385426249939016e+00,9.448035231426647584e+00,9.793495663564288023e+00,1.020176644295195523e+01,1.067284722501159600e+01,1.120673759270868963e+01,1.180343704735476251e+01,1.246294499758669794e+01,1.318526074626720046e+01,1.397038347500294542e+01,1.481831222592159669e+01,1.572904588028483985e+01,1.670258313344031009e+01,1.773892246552939156e+01,1.883806210726784158e+01,2.000000000000000000e+01
8.739268134100278473e+00,8.770462174451074233e+00,8.864044295503461512e+00,9.020014424088225624e+00,9.238372443581132742e+00,9.519118187883892190e+00,9.862251437474593985e+00,1.026777191452419125e+01,1.073567927677311395e+01,1.126597310999308910e+01,1.185865291885167494e+01,1.251371811596584749e+01,1.323116800889075506e+01,1.401100178474221458e+01,1.485321849209654488e+01,1.575781701974771032e+01,1.672479607182804884e+01,1.775415413871344583e+01,1.884588946303452062e+01,2.000000000000000000e+01
8.815125676944800759e+00,8.846109579693072433e+00,8.939061287937891009e+00,9.093980729002321794e+00,9.310867787046799293e+00,9.589722297090617076e+00,9.930544041088994689e+00,1.033333274308246352e+01,1.079808806311476310e+01,1.132480958974548813e+01,1.191349683097617707e+01,1.256414920337768493e+01,1.327676601916662591e+01,1.405134647093149880e+01,1.488788961365450270e+01,1.578639434361181237e+01,1.674685937366196598e+01,1.776928320434706166e+01,1.885366409013296973e+01,2.000000000000000000e+01
8.890472208640661123e+00,8.921247389368719638e+00,9.013572931552896961e+00,9.167448763005326740e+00,9.382874768665985243e+00,9.659850784664447687e+00,9.998376594423378450e+00,1.039845192384063388e+01,1.086007643524813560e+01,1.138324971997498558e+01,1.196797128933470766e+01,1.261424056382590386e+01,1.332205686029577407e+01,1.409141937676918310e+01,1.492232717459160796e+01,1.581477915747159990e+01,1.676877404693566476e+01,1.778431035362418555e+01,1.886138634375908296e+01,2.000000000000000000e+01
8.965311171485682351e+00,8.995879036240259197e+00,9.087582630503987957e+00,9.240421882574864298e+00,9.454396678167288570e+00,9.729506854513815028e+00,1.006575219649491260e+01,1.046313243185351993e+01,1.092164722519464526e+01,1.144129617059859783e+01,1.202207878266897012e+01,1.266399448580605913e+01,1.336704260145690348e+01,1.413122233304656206e+01,1.495653274824138812e+01,1.584297275813271177e+01,1.679054109285708307e+01,1.779923627308560441e+01,1.886905657671749381e+01,2.000000000000000000e+01
9.039645984607318496e+00,9.070007929963727733e+00,9.161093766032955443e+00,9.312903421595652986e+00,9.525436783135541319e+00,9.798693688980881333e+00,1.013267392546031331e+01,1.052737722214966176e+01,1.098280324591197932e+01,1.149895159356054286e+01,1.207582178296717323e+01,1.271341324240793114e+01,1.341172529789906775e+01,1.417075715822983639e+01,1.499050789734527811e+01,1.587097643367015465e+01,1.681216150589345304e+01,1.781406164464980080e+01,1.887667513943742037e+01,2.000000000000000000e+01
9.113480044115668477e+00,9.143637457241553079e+00,9.234109696619205110e+00,9.384896691508741284e+00,9.595998329158112128e+00,9.867414448984037634e+00,1.019914483875373001e+01,1.059118922986374933e+01,1.104354729142019664e+01,1.155621862295116209e+01,1.212920274557494338e+01,1.276249909141754912e+01,1.345610699103396435e+01,1.421002565854181832e+01,1.502425417412286812e+01,1.589879146348623351e+01,1.683363627381604744e+01,1.782878714564365907e+01,1.888424237998847843e+01,2.000000000000000000e+01
9.186816723255954997e+00,9.216770981974605093e+00,9.306633758130555378e+00,9.456404981460208248e+00,9.666084539970675849e+00,9.935672274159900397e+00,1.026516797322411989e+01,1.065457137036852586e+01,1.110388213692734283e+01,1.161309987512538555e+01,1.218222410930579080e+01,1.281125427541881656e+01,1.350018970852786460e+01,1.424902962804330997e+01,1.505777312034188142e+01,1.592641911836825308e+01,1.685496637774475204e+01,1.784341344883305069e+01,1.889175864409638805e+01,2.000000000000000000e+01
9.259659372560419044e+00,9.289411845413679814e+00,9.378669263973465675e+00,9.527431558449297455e+00,9.735698617602400518e+00,1.000347028300474861e+01,1.033074634527208602e+01,1.071752653940618494e+01,1.116381053895453945e+01,1.166959794882069801e+01,1.223488829655109811e+01,1.285968102189468709e+01,1.354397546439312627e+01,1.428777084871410175e+01,1.509106626738780221e+01,1.595386066054594565e+01,1.687615279219243192e+01,1.785794122245325966e+01,1.889922427515861969e+01,2.000000000000000000e+01
9.332011319999528709e+00,9.361563366310290846e+00,9.450219505242580809e+00,9.597979667475886600e+00,9.804843742520517935e+00,1.007081157301532137e+01,1.039588295098608128e+01,1.078005761321915479e+01,1.122333523546052625e+01,1.172571542527457744e+01,1.228719771338962730e+01,1.290778154332788930e+01,1.358746625907929051e+01,1.432625109053359758e+01,1.512413513633319440e+01,1.598111734374861648e+01,1.689719648510906325e+01,1.787237113023926582e+01,1.890663961425997286e+01,2.000000000000000000e+01
9.403875871132482800e+00,9.433228841066753745e+00,9.521287750869564803e+00,9.668052531687237661e+00,9.873523073774162384e+00,1.013769922082893338e+01,1.046058076627795153e+01,1.084216744868023774e+01,1.128245894596556376e+01,1.178145486834133848e+01,1.233915474969645132e+01,1.295555803730110966e+01,1.363066407956368842e+01,1.436447211156100678e+01,1.515698123800662955e+01,1.600819041326197478e+01,1.691809841792561642e+01,1.788670383145583997e+01,1.891400500018803754e+01,2.000000000000000000e+01
9.475256309256948839e+00,9.504411543885508351e+00,9.591877247771186887e+00,9.737653352524015204e+00,9.941739749137489923e+00,1.020413628236286918e+01,1.052484274701779832e+01,1.090385888342209597e+01,1.134118437167470184e+01,1.183681882460834345e+01,1.239076177925130651e+01,1.300301268659665510e+01,1.367357089944157345e+01,1.440243565801511494e+01,1.518960607306126143e+01,1.603508110598467695e+01,1.693885954559773310e+01,1.790093998092749672e+01,1.892132076944859520e+01,2.000000000000000000e+01
9.546155895557967952e+00,9.575114726917623997e+00,9.661991220996592133e+00,9.806785309865507116e+00,1.000949688525203207e+01,1.027012579295302963e+01,1.058867182916808147e+01,1.096513473596600541e+01,1.139951419560036605e+01,1.189180982351161298e+01,1.244202115984636769e+01,1.305014765929557186e+01,1.371618867901575101e+01,1.444014346435360352e+01,1.522201113204299894e+01,1.606179065048451804e+01,1.695948081664910845e+01,1.791508022906826980e+01,1.892858725628092031e+01,2.000000000000000000e+01
9.616577869256060396e+00,9.645341620410485817e+00,9.731632873873762080e+00,9.875451562174044184e+00,1.007679757776823415e+01,1.033567076749180202e+01,1.065207092891699503e+01,1.102599780584990086e+01,1.145745108268426193e+01,1.194643037745075098e+01,1.249293523339339451e+01,1.309696510887618182e+01,1.375851936538570186e+01,1.447759725335190417e+01,1.525419789545829730e+01,1.608832026705433194e+01,1.697996317321466364e+01,1.792912522191129199e+01,1.893580479267297889e+01,2.000000000000000000e+01
9.686525447754478435e+00,9.715095432854644386e+00,9.800805388155142239e+00,9.943655246638575917e+00,1.014364490148619957e+01,1.040077420056512025e+01,1.071504294281104386e+01,1.108645087375567329e+01,1.151499767991856160e+01,1.200068298190321059e+01,1.254350632603024884e+01,1.314346717431204148e+01,1.380056489253614593e+01,1.451479873618158578e+01,1.528616783384150679e+01,1.611467116776750075e+01,1.700030755108341296e+01,1.794307560113821864e+01,1.894297370837657013e+01,2.000000000000000000e+01
9.756001826785563935e+00,9.784379351129766533e+00,9.869511924162374328e+00,1.001139947931739371e+01,1.021004191049556908e+01,1.046543906658871848e+01,1.077759074788685112e+01,1.114649670163570150e+01,1.157215661646635141e+01,1.205457011553785307e+01,1.259373674822676747e+01,1.318965598016930940e+01,1.384232718142508745e+01,1.455174961248825660e+01,1.531792240782184855e+01,1.614084455653316397e+01,1.702051487974108568e+01,1.795693200410845236e+01,1.895009433092232953e+01,2.000000000000000000e+01
9.825010180556233763e+00,9.853196540649721058e+00,9.937755620930182943e+00,1.007868735528000137e+01,1.027599163831457396e+01,1.052966831994354990e+01,1.083971720180214682e+01,1.120613803283861110e+01,1.162893050378136905e+01,1.210809424032784776e+01,1.264362879488999702e+01,1.323553363670351679e+01,1.388380814007133601e+01,1.458845157046901342e+01,1.534946306818997463e+01,1.616684162915110079e+01,1.704058608241249573e+01,1.797069506388818283e+01,1.895716698563465030e+01,2.000000000000000000e+01
9.893553661892568130e+00,9.921550145506767393e+00,1.000553959634936341e+01,1.014552194874809565e+01,1.034149709802822237e+01,1.059346489511038136e+01,1.090142514296595522e+01,1.126537759223426249e+01,1.168532193572697686e+01,1.216125780166283299e+01,1.269318474546875564e+01,1.328110223995572348e+01,1.392500966364144865e+01,1.462490628694937023e+01,1.538079125596407870e+01,1.619266357336620388e+01,1.706052207610363070e+01,1.798436540927927751e+01,1.896419199564655145e+01,2.000000000000000000e+01
9.961635402383494764e+00,9.989443288614838323e+00,1.007286694730886545e+01,1.021190631323567999e+01,1.040656128242562239e+01,1.065683170680352632e+01,1.096271739066796336e+01,1.132421808633794846e+01,1.174133348869439430e+01,1.221406322846038606e+01,1.274240686405754808e+01,1.332636387184808591e+01,1.396593363453613001e+01,1.466111542745970731e+01,1.541190840245559990e+01,1.621831156892265824e+01,1.708032377164344595e+01,1.799794366484792008e+01,1.897116968191437891e+01,2.000000000000000000e+01
1.002925851252356715e+01,1.005687907185192209e+01,1.013974074983698692e+01,1.027784348168825623e+01,1.047118716413641515e+01,1.071977165010374122e+01,1.102359674520706356e+01,1.138266220343379942e+01,1.179696772172018093e+01,1.226651293327679682e+01,1.279129739949982358e+01,1.337132060027879454e+01,1.400658192247609080e+01,1.469708064631124955e+01,1.544281592933452352e+01,1.624378678761776129e+01,1.709999207372545271e+01,1.801143045095313866e+01,1.897810036323247118e+01,2.000000000000000000e+01
1.009642608185479951e+01,1.012386057620151547e+01,1.020616405924166692e+01,1.034333646662118333e+01,1.053537769576638361e+01,1.078228760059027636e+01,1.108406598801908416e+01,1.144071261369740178e+01,1.185222717660295544e+01,1.231860931241709878e+01,1.283985858549054093e+01,1.341597447921640907e+01,1.404695638458734308e+01,1.473280358667153145e+01,1.547351524869423578e+01,1.626909039335537344e+01,1.711952788094896860e+01,1.802482638377509971e+01,1.898498435624769698e+01,2.000000000000000000e+01
1.016314117910763137e+01,1.019039086189318866e+01,1.027213991024986228e+01,1.040838826025708030e+01,1.059913581003211291e+01,1.084438241447204199e+01,1.114412788180366753e+01,1.149837196931761696e+01,1.190711437801936690e+01,1.237035474604440921e+01,1.288809264067810112e+01,1.346032754879357718e+01,1.408705886548593789e+01,1.476828588063938241e+01,1.550400776311596651e+01,1.629422354219905245e+01,1.713893208586014794e+01,1.803813207534323126e+01,1.899182197547392192e+01,2.000000000000000000e+01
1.022940685234095781e+01,1.025647296854222645e+01,1.033767131714603060e+01,1.047300183466238011e+01,1.066246441989485128e+01,1.090605892871796989e+01,1.120378517065036839e+01,1.155564290461762056e+01,1.196163183363930926e+01,1.242175159828854980e+01,1.293600176876558905e+01,1.350438183540014769e+01,1.412689119736216092e+01,1.480352914931941122e+01,1.553429486573280194e+01,1.631918738242480416e+01,1.715820557499270649e+01,1.805134813356416146e+01,1.899861353330635083e+01,2.000000000000000000e+01
1.029522612908123413e+01,1.032210991528834931e+01,1.040276127390969663e+01,1.053718014188297225e+01,1.072536641869343654e+01,1.096731996118647956e+01,1.126304058016387089e+01,1.161252803617512974e+01,1.201578203424038627e+01,1.247280221735396388e+01,1.298358815861138105e+01,1.354813935177566719e+01,1.416645520006416348e+01,1.483853500289602323e+01,1.556437794029329247e+01,1.634398305457351697e+01,1.717734922890841531e+01,1.806447516224947591e+01,1.900535934003579541e+01,2.000000000000000000e+01
1.036060201646066048e+01,1.038730470093352665e+01,1.046741275435212515e+01,1.060092611407895546e+01,1.078784468027637722e+01,1.102816831075411308e+01,1.132189681758842603e+01,1.166902996294185080e+01,1.206956745382159646e+01,1.252350893562689649e+01,1.303085398432904363e+01,1.359160209710126388e+01,1.420575268118104084e+01,1.487330504070691362e+01,1.559425836122461639e+01,1.636861169150303041e+01,1.719636392223728549e+01,1.807751376114327968e+01,1.901205970386284250e+01,2.000000000000000000e+01
1.042553750135449597e+01,1.045206030407889131e+01,1.053162871225207908e+01,1.066424266365850571e+01,1.084990205913306305e+01,1.108860675744331736e+01,1.138035657193144701e+01,1.172515126636214156e+01,1.212299054971630952e+01,1.257387406978190114e+01,1.307780140538662472e+01,1.363477205709093099e+01,1.424478543612537962e+01,1.490784085131610937e+01,1.562393749369534746e+01,1.639307441843985913e+01,1.721525052371751485e+01,1.809046452594959575e+01,1.901871493091193699e+01,2.000000000000000000e+01
1.049003555051742076e+01,1.051637968326074102e+01,1.059541208149069824e+01,1.072713268341084536e+01,1.091154139052408745e+01,1.114863806254937906e+01,1.143842251408629274e+01,1.178089451049087977e+01,1.217605376270446094e+01,1.262389992088762014e+01,1.312443256670523972e+01,1.367765120408219381e+01,1.428355524821522593e+01,1.494214401258650149e+01,1.565341669367778898e+01,1.641737235303057929e+01,1.723400989623516111e+01,1.810332804835955045e+01,1.902532532524534048e+01,2.000000000000000000e+01
1.055409911071901696e+01,1.058026577708562854e+01,1.065876577618546506e+01,1.078959904663836333e+01,1.097276549061073680e+01,1.120826496876652634e+01,1.149609729695422899e+01,1.183626224211054812e+01,1.222875951712401310e+01,1.267358877451185961e+01,1.317074959875704465e+01,1.372024149712619767e+01,1.432206388875554204e+01,1.497621609175191004e+01,1.568269730800991013e+01,1.644150660539289177e+01,1.725264289686355923e+01,1.811610491607843088e+01,1.903189118887704723e+01,2.000000000000000000e+01
1.061773110887832949e+01,1.064372150436456899e+01,1.072169269082329102e+01,1.085164460728780789e+01,1.103357715658358096e+01,1.126749020031317272e+01,1.155338355556559193e+01,1.189125699084754828e+01,1.228111022098167027e+01,1.272294290082597534e+01,1.321675461766251125e+01,1.376254488207716342e+01,1.436031311711909453e+01,1.501005864548866064e+01,1.571178067445684867e+01,1.646547827816628740e+01,1.727115037690244037e+01,1.812879571285247948e+01,1.903841282178655092e+01,2.000000000000000000e+01
1.068093445219754933e+01,1.070674976424633584e+01,1.078419570039269537e+01,1.091327220008063748e+01,1.109397916679023233e+01,1.132631646305633488e+01,1.161028390720012027e+01,1.194588126928773164e+01,1.233310826606286170e+01,1.277196455470855163e+01,1.326244972528708921e+01,1.380456329168125862e+01,1.439830468082680781e+01,1.504367321998667606e+01,1.574066812177201591e+01,1.648928846656244218e+01,1.728953318191685185e+01,1.814140101849560693e+01,1.904489052193256526e+01,2.000000000000000000e+01
1.074371202829479977e+01,1.076935343634988484e+01,1.084627766051514008e+01,1.097448464064250295e+01,1.115397428086223997e+01,1.138474644463522978e+01,1.166680095150651120e+01,1.200013757309115370e+01,1.238475602804098763e+01,1.282065597584840688e+01,1.330783700933721470e+01,1.384629864566489132e+01,1.443604031562759538e+01,1.507706135102011125e+01,1.576936096975779478e+01,1.651293825841522533e+01,1.730779215177575026e+01,1.815392140891584205e+01,1.905132458526662376e+01,2.000000000000000000e+01
1.080606670533602731e+01,1.083153538089588253e+01,1.090794140757544639e+01,1.103528472563183982e+01,1.121356523984114872e+01,1.144278281458403690e+01,1.172293727062115920e+01,1.205402838110608421e+01,1.243605586658592266e+01,1.286901938884687624e+01,1.335291854345565987e+01,1.388775285082239108e+01,1.447352174557763504e+01,1.511022456401750347e+01,1.579786052932581697e+01,1.653642873423040172e+01,1.732592812069038501e+01,1.816635745614165742e+01,1.905771530574661909e+01,2.000000000000000000e+01
1.086800133216600273e+01,1.089329843883734128e+01,1.096918975885135694e+01,1.109567523286762381e+01,1.127275476630369333e+01,1.150042822445382029e+01,1.177869542928609370e+01,1.210755615548221797e+01,1.248701012547181577e+01,1.291705700331944584e+01,1.339769638731626067e+01,1.392892780110310724e+01,1.451075068311912730e+01,1.514316437413144101e+01,1.582616810255685103e+01,1.655976096723497548e+01,1.734394191725238343e+01,1.817870972834808541e+01,1.906406297535019689e+01,2.000000000000000000e+01
1.092951873843847288e+01,1.095464543198941243e+01,1.103002551264223285e+01,1.115565892145625071e+01,1.133154556448616646e+01,1.155768530793367077e+01,1.183407797496615288e+01,1.216072334178315728e+01,1.253762113268414424e+01,1.296477101399667831e+01,1.344217258671800330e+01,1.396982537769792998e+01,1.454772882915852783e+01,1.517588228630780378e+01,1.585428498276029252e+01,1.658293602342623885e+01,1.736183436447164041e+01,1.819097878988268846e+01,1.907036788408811745e+01,2.000000000000000000e+01
1.099062173474540494e+01,1.101557916315827335e+01,1.109045144839687858e+01,1.121523853191759024e+01,1.138994032040796256e+01,1.161455668097100968e+01,1.188908743796534218e+01,1.221353236909812523e+01,1.258789120052605881e+01,1.301216360082447387e+01,1.348634917367847308e+01,1.401044744912522155e+01,1.458445787314422937e+01,1.520837979535447815e+01,1.588221245453322261e+01,1.660595496162044071e+01,1.737960627981387418e+01,1.820316520129134119e+01,1.907663032001751091e+01,2.000000000000000000e+01
1.105131311274539208e+01,1.107610241626917258e+01,1.115047032684051409e+01,1.127441678631015698e+01,1.144794170199425487e+01,1.167104494189107378e+01,1.194372633154242180e+01,1.226598565015292586e+01,1.263782262572402004e+01,1.305923692906365652e+01,1.353022816652669391e+01,1.405079587131617735e+01,1.462093949314375507e+01,1.524065838600966671e+01,1.590995179381911129e+01,1.662881883350117818e+01,1.739725847523799018e+01,1.821526951934380634e+01,1.908285056925500456e+01,2.000000000000000000e+01
1.111159564529118171e+01,1.113621795649360813e+01,1.121008489010088738e+01,1.133319638835548204e+01,1.150555235919790498e+01,1.172715267151564156e+01,1.199799715202573225e+01,1.231808558142017773e+01,1.268741768953271531e+01,1.310599314938888682e+01,1.357381156999531946e+01,1.409087248769961853e+01,1.465717535592042076e+01,1.527271953300971497e+01,1.593750426796610142e+01,1.665152868366744343e+01,1.741479175723318562e+01,1.822729229705922549e+01,1.908902891598983942e+01,2.000000000000000000e+01
1.117147208655633506e+01,1.119592853037563884e+01,1.126929786183355198e+01,1.139158002356161603e+01,1.156277492412049668e+01,1.178288243328091589e+01,1.205190237892722216e+01,1.236983454322877840e+01,1.273667865783927944e+01,1.315243439798691760e+01,1.361710137531223097e+01,1.413067912928619485e+01,1.469316711700946776e+01,1.530456470115647427e+01,1.596487113578490558e+01,1.667408554968132250e+01,1.743220692685576623e+01,1.823923408373132915e+01,1.909516564249680926e+01,2.000000000000000000e+01
1.123094517216106603e+01,1.125523686595737161e+01,1.132811194734628835e+01,1.144957035934581668e+01,1.161961201113259889e+01,1.183823677335463920e+01,1.210544447505573906e+01,1.242123489987266360e+01,1.278560778126681363e+01,1.319856279665418874e+01,1.366009956029149386e+01,1.417021761475204045e+01,1.472891642079370556e+01,1.533619534538422968e+01,1.599205364760631909e+01,1.669649046211542753e+01,1.744950477976576764e+01,1.825109542495356507e+01,1.910126102914918533e+01,2.000000000000000000e+01
1.129001761929722214e+01,1.131414567290359230e+01,1.138652983372270278e+01,1.150717004515641406e+01,1.167606621699319192e+01,1.189321822075241641e+01,1.215862588662952781e+01,1.247228899971881155e+01,1.283420729527719217e+01,1.324438045289374699e+01,1.370280808942372097e+01,1.420948975052186292e+01,1.476442490057863210e+01,1.536761291082616943e+01,1.601905304533833529e+01,1.671874444459994891e+01,1.746668610626329610e+01,1.826287686264400989e+01,1.910731535443150975e+01,2.000000000000000000e+01
1.134869212685239681e+01,1.137265764262554235e+01,1.144455418994498253e+01,1.156438171259384795e+01,1.173214012096831027e+01,1.194782928745325101e+01,1.221144904338799186e+01,1.252299917531452422e+01,1.288247942027320292e+01,1.328988946001153870e+01,1.374522891396581592e+01,1.424849733085146397e+01,1.479969417866705328e+01,1.539881883288039433e+01,1.604587056252288946e+01,1.674084851386944450e+01,1.748375169132463114e+01,1.827457893507014219e+01,1.911332889495233900e+01,2.000000000000000000e+01
1.140697137553325291e+01,1.143077544840389770e+01,1.150218766701583384e+01,1.162120797553089524e+01,1.178783628494886493e+01,1.200207246851430298e+01,1.226391635870270314e+01,1.257336774349400521e+01,1.293042636169998616e+01,1.333509189721204713e+01,1.378736397203013020e+01,1.428724213790972186e+01,1.483472586643320135e+01,1.542981453727551511e+01,1.607250742439221014e+01,1.676280367980928077e+01,1.750070231463809023e+01,1.828620217687340244e+01,1.911930192545685259e+01,2.000000000000000000e+01
1.146485802798797948e+01,1.148850174551088266e+01,1.155943289807959040e+01,1.167765143023208729e+01,1.184315725356770876e+01,1.205595024218489186e+01,1.231603022968765337e+01,1.262339700548420041e+01,1.297805031014578958e+01,1.337998982969328132e+01,1.382921518867299504e+01,1.432572594186000359e+01,1.486952156439634898e+01,1.546060144013577542e+01,1.609896484792480109e+01,1.678461094550176824e+01,1.751753875063965182e+01,1.829774711909366403e+01,1.912523471883942605e+01,2.000000000000000000e+01
1.152235472892794554e+01,1.154583917133158799e+01,1.161629249854251178e+01,1.173371465547232440e+01,1.189810555431586359e+01,1.210946507001970041e+01,1.236779303730877011e+01,1.267308924700992456e+01,1.302535344144205176e+01,1.342458530874111844e+01,1.387078447598267772e+01,1.436395050094103887e+01,1.490408286229393298e+01,1.549118094804575207e+01,1.612524404190103766e+01,1.680627130727199869e+01,1.753426176854834395e+01,1.830921428919345573e+01,1.913112754615609035e+01,2.000000000000000000e+01
1.157946410524852077e+01,1.160279034548446120e+01,1.167276906619228072e+01,1.178940021265468729e+01,1.195268369765801353e+01,1.216261939699124994e+01,1.241920714649269897e+01,1.272244673839829865e+01,1.307233791676279999e+01,1.346888037182302966e+01,1.391207373316672857e+01,1.440191756154724700e+01,1.493841133915418240e+01,1.552155445811461476e+01,1.615134620695838308e+01,1.682778575473334115e+01,1.755087213240136634e+01,1.832060421108207748e+01,1.913698067663691660e+01,2.000000000000000000e+01
1.163618876614910214e+01,1.165935786994099743e+01,1.172886518131668332e+01,1.184471064592746714e+01,1.200689417714719376e+01,1.221541565160159415e+01,1.247027490623484347e+01,1.277147173468247487e+01,1.311900588272340329e+01,1.351287704268116308e+01,1.395308484663876669e+01,1.443962885830853082e+01,1.497250856336826530e+01,1.555172335803996475e+01,1.617727253564626366e+01,1.684915527083269282e+01,1.756737060108902071e+01,1.833191740513953150e+01,1.914279437769831915e+01,2.000000000000000000e+01
1.169253130325230394e+01,1.171554432914460087e+01,1.178458340682148808e+01,1.189964848230039074e+01,1.206073946953870824e+01,1.226785624599327740e+01,1.252099864970669429e+01,1.282016647570465651e+01,1.316535947147863261e+01,1.355657733142480836e+01,1.399381969010465454e+01,1.447708611416952351e+01,1.500637609276194162e+01,1.558168902617123130e+01,1.620302421248053193e+01,1.687038083189534987e+01,1.758375792838936746e+01,1.834315438824030764e+01,1.914856891495527336e+01,2.000000000000000000e+01
1.174849429072237506e+01,1.177135229012866624e+01,1.183992628834754157e+01,1.195421623176007486e+01,1.211422203490328720e+01,1.231994357605952572e+01,1.257138069436240713e+01,1.286853318621842845e+01,1.321140080082007451e+01,1.359998323462222025e+01,1.403428012464809882e+01,1.451429104046830254e+01,1.504001547466672939e+01,1.561145283157263286e+01,1.622860241399759218e+01,1.689146340766962950e+01,1.760003486300266928e+01,1.835431567377697704e+01,1.915430455223344808e+01,2.000000000000000000e+01
1.180408028538279552e+01,1.182678430263386637e+01,1.189489635438707715e+01,1.200841638738470429e+01,1.216734431673948968e+01,1.237168002155372548e+01,1.262142334204469840e+01,1.291657407599040752e+01,1.325713197427289103e+01,1.364309673539184331e+01,1.407446799881568467e+01,1.455124533701457423e+01,1.507342824599060371e+01,1.564101613408574210e+01,1.625400830880815306e+01,1.691240396137117585e+01,1.761620214858558597e+01,1.836540177168366483e+01,1.916000155158125295e+01,2.000000000000000000e+01
1.185929182683310756e+01,1.188184289922463854e+01,1.194949611639923326e+01,1.206225142545793894e+01,1.222010874208533515e+01,1.242306794619813637e+01,1.267112887909000207e+01,1.296429133990119098e+01,1.330255508119191532e+01,1.368591980349292037e+01,1.411438514870132899e+01,1.458795069216734142e+01,1.510661593328821617e+01,1.567038028439160513e+01,1.627924305765062130e+01,1.693320344972696390e+01,1.763226052378517750e+01,1.837641318845934890e+01,1.916566017328182880e+01,2.000000000000000000e+01
1.191413143756490634e+01,1.193653059540487682e+01,1.200372806892478472e+01,1.211572380558202866e+01,1.227251772162917653e+01,1.247410969779188150e+01,1.272049957643292117e+01,1.301168715804564080e+01,1.334767219685712192e+01,1.372845439541547208e+01,1.415403339803016181e+01,1.462440878291203461e+01,1.513958005283063635e+01,1.569954662407245749e+01,1.630430781344412949e+01,1.695386282301901915e+01,1.764821072227262277e+01,1.838735042719098445e+01,1.917128067586491369e+01,2.000000000000000000e+01
1.196860162307713438e+01,1.199084988973288191e+01,1.205759468970012094e+01,1.216883597079020163e+01,1.232457364981985393e+01,1.252480760831822160e+01,1.276953768970999370e+01,1.305876369583248930e+01,1.339248538256842913e+01,1.377070245446969565e+01,1.419341455824185516e+01,1.466062127493712275e+01,1.517232211067461911e+01,1.572851648567299598e+01,1.632920372134120157e+01,1.697438302512780339e+01,1.766405347277675020e+01,1.839821398757650428e+01,1.917686331611868411e+01,2.000000000000000000e+01
1.202270487199051807e+01,1.204480326393550094e+01,1.211109843977045131e+01,1.222159034765828345e+01,1.237627890497609329e+01,1.257516399405109198e+01,1.281824545936273907e+01,1.310552310408326626e+01,1.343699668573988326e+01,1.381266591087474715e+01,1.423253042857338535e+01,1.469658982271023362e+01,1.520484360273142599e+01,1.575729119276129708e+01,1.635393191878009489e+01,1.699476499357538728e+01,1.767978949911734077e+01,1.840900436594764500e+01,1.918240834910146830e+01,2.000000000000000000e+01
1.207644365616127224e+01,1.209839318302151234e+01,1.216424176360223441e+01,1.227398934641555428e+01,1.242763584939514843e+01,1.262518115566093080e+01,1.286662511074001891e+01,1.315196751913056694e+01,1.348120813999319445e+01,1.385434668184693052e+01,1.427138279614122318e+01,1.473231606955372364e+01,1.523714601483516873e+01,1.578587205998925569e+01,1.637849353553674803e+01,1.701500965956823919e+01,1.769541952023817188e+01,1.841972205529261686e+01,1.918791602815339203e+01,2.000000000000000000e+01
1.212982043079403915e+01,1.215162209539424509e+01,1.221702708919486469e+01,1.232603536105485631e+01,1.247864682946073778e+01,1.267486137831977899e+01,1.291467885419970152e+01,1.319809906291565049e+01,1.352512176525065257e+01,1.389574667168728261e+01,1.430997343602299310e+01,1.476780164771976622e+01,1.526923082281067678e+01,1.581426039315265797e+01,1.640288969377639461e+01,1.703511794803978674e+01,1.771094425023989771e+01,1.843036754527862797e+01,1.919338660490797821e+01,2.000000000000000000e+01
1.218283763455406721e+01,1.220449243296345010e+01,1.226945682819160410e+01,1.237773076944199779e+01,1.252931417575025641e+01,1.272420693180571050e+01,1.296240888520966905e+01,1.324391984308539705e+01,1.356873956782740187e+01,1.393686777186858272e+01,1.434830411133856920e+01,1.480304817846492327e+01,1.530109949254094381e+01,1.584245748925084030e+01,1.642712150810484317e+01,1.705509077769267634e+01,1.772636439841263822e+01,1.844094132227426996e+01,1.919882032930361149e+01,2.000000000000000000e+01
1.223549768967860452e+01,1.225700661125639179e+01,1.232153337598975540e+01,1.242907793342435419e+01,1.257964020314123132e+01,1.277322007060649689e+01,1.300981738444809288e+01,1.328943195308859337e+01,1.361206354052312228e+01,1.397771186112176700e+01,1.438637657333062947e+01,1.483805727212421566e+01,1.533275348003408922e+01,1.587046463654595385e+01,1.645119008561940532e+01,1.707492906104075203e+01,1.774168066926842968e+01,1.845144386937172598e+01,1.920421744959499932e+01,2.000000000000000000e+01
1.228780300208759080e+01,1.230916702952822028e+01,1.237325911185011229e+01,1.248007919893881201e+01,1.262962721091709994e+01,1.282190303402264320e+01,1.305690651790309076e+01,1.333463747227157370e+01,1.365509566271305530e+01,1.401828080552176203e+01,1.442419256144465756e+01,1.487283052818468931e+01,1.536419423148987562e+01,1.589828311462180288e+01,1.647509652595946150e+01,1.709463370445073238e+01,1.775689376257336249e+01,1.846187566640883659e+01,1.920957821236446250e+01,2.000000000000000000e+01
1.233975596149355702e+01,1.236097607087158146e+01,1.242463639900565830e+01,1.253073689611892583e+01,1.267927748287225675e+01,1.287025804626967229e+01,1.310367843697166634e+01,1.337953846597322993e+01,1.369783790043845784e+01,1.405857645857274463e+01,1.446175380340842764e+01,1.490736953535851583e+01,1.539542318336580351e+01,1.592591419444233125e+01,1.649884192135671057e+01,1.711420560818362446e+01,1.777200437337958761e+01,1.847223718999104136e+01,1.921490286253325408e+01,2.000000000000000000e+01
1.239135894151082340e+01,1.241243610232550232e+01,1.247566758476953730e+01,1.258105333940138770e+01,1.272859328741638762e+01,1.291828731657975915e+01,1.315013527855801279e+01,1.342413698561936641e+01,1.374029220649640415e+01,1.409860066129282608e+01,1.449906201531093508e+01,1.494167587165554600e+01,1.542644176244271392e+01,1.595335913840966668e+01,1.652242735668506768e+01,1.713364566643586429e+01,1.778701319205706000e+01,1.848252891351313210e+01,1.922019164337269714e+01,2.000000000000000000e+01
1.244261429976394062e+01,1.246354947498353027e+01,1.252635500064229568e+01,1.263103082763175777e+01,1.277757687767811845e+01,1.296599303930265989e+01,1.319627916517114130e+01,1.346843506881642938e+01,1.378246052052903003e+01,1.413835524229815732e+01,1.453611890168079590e+01,1.497575110445542812e+01,1.545725138588999670e+01,1.598061920042181505e+01,1.654585390951023527e+01,1.715295476738015878e+01,1.780192090432507612e+01,1.849275130718090665e+01,1.922544479651535454e+01,2.000000000000000000e+01
1.249352437799539395e+01,1.251431852410114764e+01,1.257670096241840518e+01,1.268067164416950554e+01,1.282623049160794260e+01,1.301337739400596760e+01,1.324211220502185249e+01,1.351243473944459339e+01,1.382434476911213039e+01,1.417784201788648168e+01,1.457292615556412585e+01,1.500959679057920582e+01,1.548785346133031560e+01,1.600769562592993722e+01,1.656912265013892593e+01,1.717213379320607558e+01,1.781672819128362306e+01,1.850290483803263442e+01,1.923066256196601387e+01,2.000000000000000000e+01
1.254409150217259317e+01,1.256474556920246144e+01,1.262670777029206448e+01,1.272997805699232643e+01,1.287455635208047866e+01,1.306044254557468953e+01,1.328763649211905573e+01,1.355613800775023847e+01,1.386594686584318481e+01,1.421706279212011026e+01,1.460948545860189540e+01,1.504321447636045583e+01,1.551824938690394617e+01,1.603458965199525466e+01,1.659223464166776907e+01,1.719118362016033075e+01,1.783143572944445765e+01,1.851298996996037971e+01,1.923584517811269379e+01,2.000000000000000000e+01
1.259431798259416269e+01,1.261483291418619501e+01,1.267637770896229199e+01,1.277895231879975668e+01,1.292255666699602656e+01,1.310719064431015823e+01,1.333285410636543311e+01,1.359954687043777710e+01,1.390726871142878807e+01,1.425601935690834488e+01,1.464579848110675009e+01,1.507660569771591774e+01,1.554844055133262160e+01,1.606130250734556242e+01,1.661519094003187647e+01,1.721010511858683856e+01,1.784604419076204707e+01,1.852300716373123279e+01,1.924099288173751177e+01,2.000000000000000000e+01
