6.207344762003100952e-02,3.082021193499386302e-01,1.046588134539661485e+00,2.277231785317512802e+00,4.000134051778498012e+00,6.215298370830733887e+00,8.922736927734684187e+00,1.212249331275141095e+01,1.581472458893598265e+01,2.000000000000000000e+01
1.243454154471825140e-01,3.696891712449467127e-01,1.105720438638239322e+00,2.332440515855445540e+00,4.049853268349676405e+00,6.257970432244255754e+00,8.956827068048422547e+00,1.214652500975909710e+01,1.582734584568901326e+01,2.000000000000000000e+01
1.867864111380207748e-01,4.313455998216773613e-01,1.165023165872647093e+00,2.387822402288203971e+00,4.099752179000628161e+00,6.300836369811860571e+00,8.991137007069744058e+00,1.217080721057039128e+01,1.584019598692936803e+01,2.000000000000000000e+01
2.493693968357453272e-01,4.931447020221200739e-01,1.224470617581244314e+00,2.443353421113683144e+00,4.149808649184908660e+00,6.343874070352456762e+00,9.025637107112730817e+00,1.219528719912408654e+01,1.585319724229096039e+01,2.000000000000000000e+01
3.120695606973133418e-01,5.550619330571627819e-01,1.284039050136711158e+00,2.499010927503381829e+00,4.200000635190978215e+00,6.387059599264063969e+00,9.060295868507870054e+00,1.221992003978711949e+01,1.586630199968167609e+01,2.000000000000000000e+01
3.748640387443345490e-01,6.170746069308717940e-01,1.343706311490483474e+00,2.554773296262654814e+00,4.250306210261143747e+00,6.430368495421710406e+00,9.095082983999311921e+00,1.224466909874866261e+01,1.587947901967364395e+01,2.000000000000000000e+01
4.377316350687006641e-01,6.791616187200691934e-01,1.403451569674174726e+00,2.610619771246330600e+00,4.300703834177955542e+00,6.473776820756985906e+00,9.129970707765886928e+00,1.226950479416950657e+01,1.589270653605763783e+01,2.000000000000000000e+01
5.006525761952510534e-01,7.413032158571248864e-01,1.463255134842746275e+00,2.666530446759497242e+00,4.351172667962867280e+00,6.517261847213227099e+00,9.164934278776359022e+00,1.229440313608254876e+01,1.590596861106931392e+01,2.000000000000000000e+01
5.636083169776909818e-01,8.034808268415383203e-01,1.523098356433080447e+00,2.722486313250374490e+00,4.401692838366252580e+00,6.560802433076623252e+00,9.199951878122893945e+00,1.231934448230651391e+01,1.591925310135516725e+01,2.000000000000000000e+01
6.265814000113497650e-01,8.656769429211362832e-01,1.582963571650495727e+00,2.778469321166379125e+00,4.452245621360023442e+00,6.604379178726865085e+00,9.235004387041321650e+00,1.234431257222394507e+01,1.593255046036955136e+01,2.000000000000000000e+01
6.895553611488475232e-01,9.278750418383803211e-01,1.642834083906978826e+00,2.834462436978717026e+00,4.502813546369056397e+00,6.647974441892943176e+00,9.270075081076406320e+00,1.236929379902572101e+01,1.594585299675207857e+01,2.000000000000000000e+01
7.525146697638298576e-01,9.900595410971931853e-01,1.702694155097283391e+00,2.890449679769025337e+00,4.553380435766360534e+00,6.691572271108551462e+00,9.305149323748191037e+00,1.239427666466681721e+01,1.595915439339206188e+01,2.000000000000000000e+01
8.154446921697626749e-01,1.052215769382071953e+00,1.762529001018999786e+00,2.946416135519770219e+00,4.603931396745458926e+00,6.735158296396035915e+00,9.340214286065851468e+00,1.241925136928071360e+01,1.597244938242185519e+01,2.000000000000000000e+01
8.783316683331797714e-01,1.114329947172232549e+00,1.822324783689390992e+00,3.002347950833376800e+00,4.654452780861626060e+00,6.778719601530684535e+00,9.375258700269501588e+00,1.244420949841239477e+01,1.598573351747397986e+01,2.000000000000000000e+01
9.411626944655058224e-01,1.176389170229945824e+00,1.882068597523265607e+00,3.058232309744481459e+00,4.704932123333757765e+00,6.822244592291180076e+00,9.410272648017507180e+00,1.246914378155787340e+01,1.599900300897256145e+01,2.000000000000000000e+01
1.003925706487539982e+00,1.238381391976252965e+00,1.941748448442392139e+00,3.114057397736610611e+00,4.755358071003667142e+00,6.865722868732476947e+00,9.445247379919230468e+00,1.249404790313939628e+01,1.601225460170549297e+01,2.000000000000000000e+01
1.066609461380229718e+00,1.300295402595969207e+00,2.001353226243187677e+00,3.169812356780303819e+00,4.805720305173055706e+00,6.909145105596189218e+00,9.480175162290068513e+00,1.251891635250419199e+01,1.602548548164164544e+01,2.000000000000000000e+01
1.129203514957106913e+00,1.362120804020394038e+00,2.060872671210255191e+00,3.225487234616126742e+00,4.856009463483853317e+00,6.952502942639388728e+00,9.515049147004912555e+00,1.254374430335498225e+01,1.603869320353695471e+01,2.000000000000000000e+01
1.191698195643629665e+00,1.423847980791840495e+00,2.120297336236473207e+00,3.281072930849435743e+00,4.906217063511844501e+00,6.995788885322482997e+00,9.549863260731283887e+00,1.256852751568253090e+01,1.605187563368142278e+01,2.000000000000000000e+01
1.254084574509895189e+00,1.485468067319475560e+00,2.179618545748216896e+00,3.336561141816493770e+00,4.956335429693799810e+00,7.038996215563740222e+00,9.584612110347494607e+00,1.259326225513246378e+01,1.606503090391366229e+01,2.000000000000000000e+01
1.316354432172075928e+00,1.546972912289377167e+00,2.238828352641280883e+00,3.391944305666531712e+00,5.006357624492291158e+00,7.082118911897775426e+00,9.619290901867973531e+00,1.261794522605205771e+01,1.607815737418270885e+01,2.000000000000000000e+01
1.378500223342362885e+00,1.608355041075979708e+00,2.297919494276829955e+00,3.447215548689345876e+00,5.056277384226328664e+00,7.125151578217001180e+00,9.653895370658842623e+00,1.264257351539923668e+01,1.609125360170497032e+01,2.000000000000000000e+01
1.440515039838290434e+00,1.669607616980909759e+00,2.356885348408768177e+00,3.502368633594475700e+00,5.106089059687662690e+00,7.168089380236772001e+00,9.688421721118869456e+00,1.266714454537198087e+01,1.610431831528784485e+01,2.000000000000000000e+01
1.502392572813205263e+00,1.730724402044473420e+00,2.415719889738278336e+00,3.557397910201703706e+00,5.155787561469299618e+00,7.210927988851580928e+00,9.722866574325935929e+00,1.269165603311024171e+01,1.611735039375639644e+01,2.000000000000000000e+01
1.564127074877833756e+00,1.791699718066025904e+00,2.474417647630602346e+00,3.612298268818492808e+00,5.205368309816772232e+00,7.253663529608628480e+00,9.757226922415400239e+00,1.271610595618798456e+01,1.613034884767820643e+01,2.000000000000000000e+01
1.625713322673299599e+00,1.852528408352239309e+00,2.532973665389058215e+00,3.667065096444567907e+00,5.254827188748060429e+00,7.296292537597474315e+00,9.791500088673325664e+00,1.274049252288656930e+01,1.614331280376864086e+01,2.000000000000000000e+01
1.687146580344223601e+00,1.913205800598974271e+00,2.591383461363226282e+00,3.721694235845848464e+00,5.304160504156710587e+00,7.338811917129709705e+00,9.825683692503391242e+00,1.276481414644813839e+01,1.615624149149612876e+01,2.000000000000000000e+01
1.748422564255787348e+00,1.973727671209696721e+00,2.649642992071424619e+00,3.776181947470289568e+00,5.353364945602713476e+00,7.381218905654921336e+00,9.859775618569047495e+00,1.278906942266639923e+01,1.616913423150937845e+01,2.000000000000000000e+01
1.809537409205525194e+00,2.034090211264122150e+00,2.707748617439912575e+00,3.830524874129840995e+00,5.402437551498922019e+00,7.423511041425920887e+00,9.893773989528504842e+00,1.281325711029515269e+01,1.618199042558581979e+01,2.000000000000000000e+01
1.870487636300959267e+00,2.094289994275795319e+00,2.765697068200303477e+00,3.884720008340285080e+00,5.451375677411895104e+00,7.465686134486196224e+00,9.927677141874880817e+00,1.283737611385086375e+01,1.619480954785970184e+01,2.000000000000000000e+01
1.931270122608098605e+00,2.154323945816025709e+00,2.823485415439806800e+00,3.938764662190000099e+00,5.500176967211580781e+00,7.507742240605533190e+00,9.961483604471126796e+00,1.286142546846131474e+01,1.620759113713401334e+01,2.000000000000000000e+01
1.991882072622398914e+00,2.214189315032744521e+00,2.881111042263781563e+00,3.992656439596646401e+00,5.548839326821907392e+00,7.549677637836252231e+00,9.995192079432912990e+00,1.288540432647243428e+01,1.622033479011618340e+01,2.000000000000000000e+01
2.052320991571620734e+00,2.273883648054834783e+00,2.938571617504477818e+00,4.046393210805015350e+00,5.597360900342741807e+00,7.591490805402941966e+00,1.002880142506501571e+01,1.290931194557365735e+01,1.623304015544573531e+01,2.000000000000000000e+01
2.112584660527611735e+00,2.333404763243681401e+00,2.995865071391890844e+00,4.099973088978068780e+00,5.645740048331902905e+00,7.633180404673649555e+00,1.006231064060000868e+01,1.293314767824095490e+01,1.624570692840449482e+01,2.000000000000000000e+01
2.172671113279802668e+00,2.392750728232545310e+00,3.052989573090773234e+00,4.153394408735209709e+00,5.693975328053499041e+00,7.674745261990933543e+00,1.009571885252406886e+01,1.295691096232822481e+01,1.625833484621801617e+01,2.000000000000000000e+01
2.232578614905687875e+00,2.451919838679449182e+00,3.109943510000733102e+00,4.206655706496084335e+00,5.742065475515428119e+00,7.716184353167467869e+00,1.012902530230473275e+01,1.298060131266361772e+01,1.627092368387145882e+01,2.000000000000000000e+01
2.292305641961519758e+00,2.510910598649349623e+00,3.166725468712839664e+00,4.259755702493964513e+00,5.790009389134384676e+00,7.757496789473757204e+00,1.016222933536054640e+01,1.300421831352843860e+01,1.628347325037496063e+01,2.000000000000000000e+01
2.351850864208740344e+00,2.569721702535420427e+00,3.223334217515461120e+00,4.312693284329468746e+00,5.837806114881036734e+00,7.798681804965315045e+00,1.019533039113379402e+01,1.302776161191392923e+01,1.629598338542331604e+01,2.000000000000000000e+01
2.411213127787365185e+00,2.628352018426380887e+00,3.279768690343427995e+00,4.365467491942671252e+00,5.885454832771231715e+00,7.839738745013914212e+00,1.022832799414532978e+01,1.305123091146576719e+01,1.630845395640278994e+01,2.000000000000000000e+01
2.470391439745871054e+00,2.686800572826266276e+00,3.336027972067451497e+00,4.418077503889136892e+00,5.932954844581163734e+00,7.880667055922528696e+00,1.026122174592582326e+01,1.307462596703834201e+01,1.632088485570451653e+01,2.000000000000000000e+01
2.529384953837457761e+00,2.745066536634254373e+00,3.392111285024643763e+00,4.470522624813010104e+00,5.980305562675470199e+00,7.921466275516745981e+00,1.029401131773056122e+01,1.309794657979110255e+01,1.633327599830947108e+01,2.000000000000000000e+01
2.588192957494344082e+00,2.803149212294659964e+00,3.448017976695607167e+00,4.522802274017716506e+00,6.027506499847311794e+00,7.962136024616944141e+00,1.032669644395623187e+01,1.312119259276801309e+01,1.634562731961470305e+01,2.000000000000000000e+01
2.646814859894636829e+00,2.861048022030630467e+00,3.503747508438611824e+00,4.574915975042070926e+00,6.074557260078622178e+00,8.002675999305632004e+00,1.035927691618752355e+01,1.314436388690840474e+01,1.635793877347437331e+01,2.000000000000000000e+01
2.705250181039866586e+00,2.918762497079064211e+00,3.559299445196657530e+00,4.626863346156516066e+00,6.121457530137099035e+00,8.043085963913291891e+00,1.039175257780970618e+01,1.316746037744389497e+01,1.637021033043254903e+01,2.000000000000000000e+01
2.763498541765413652e+00,2.976292267848707596e+00,3.614673446098589871e+00,4.678644091700789431e+00,6.168207071934058483e+00,8.083365744653937313e+00,1.042412331913049606e+01,1.319048201064138404e+01,1.638244197612744557e+01,2.000000000000000000e+01
2.821559654610357626e+00,3.033637054927956989e+00,3.669869255880754633e+00,4.730257994190556481e+00,6.214805715574193812e+00,8.123515223848578160e+00,1.045638907296076603e+01,1.321342876085679841e+01,1.639463370984931245e+01,2.000000000000000000e+01
2.879433315477792465e+00,3.090796660873561752e+00,3.724886697060868279e+00,4.781704907126365534e+00,6.261253353034549995e+00,8.163534334680994320e+00,1.048854981060907576e+01,1.323630062786822847e+01,1.640678554323618954e+01,2.000000000000000000e+01
2.937119396021175444e+00,3.147770962716084142e+00,3.779725662800810237e+00,4.832984748443746703e+00,6.307549932415698279e+00,8.203423056435733329e+00,1.052060553824978406e+01,1.325909763446064460e+01,1.641889749909359963e+01,2.000000000000000000e+01
2.994617836696671365e+00,3.204559905122458918e+00,3.834386110399820691e+00,4.884097494548339746e+00,6.353695452713297165e+00,8.243181410173150425e+00,1.055255629362873471e+01,1.328181982423734731e+01,1.643096961032575720e+01,2.000000000000000000e+01
3.051928640425820571e+00,3.261163494160400411e+00,3.888868055364140819e+00,4.935043174884645722e+00,6.399689959062937916e+00,8.282809454800752036e+00,1.058440214307419858e+01,1.330446725963606092e+01,1.644300191896730468e+01,2.000000000000000000e+01
3.109051866816947562e+00,3.317581791613561037e+00,3.943171566003401907e+00,4.985821866991350326e+00,6.445533538415403996e+00,8.322307283504011721e+00,1.061614317878401259e+01,1.332704002012978428e+01,1.645499447530567849e+01,2.000000000000000000e+01
3.165987626897731388e+00,3.373814909800322948e+00,3.997296758508097181e+00,5.036433692000205298e+00,6.491226315603422670e+00,8.361675020503327005e+00,1.064777951636282616e+01,1.334953820059470253e+01,1.646694733708536162e+01,2.000000000000000000e+01
3.222736078315024510e+00,3.429863006852819307e+00,4.051243792466203253e+00,5.086878810539110951e+00,6.536768449764464251e+00,8.400912818107046931e+00,1.067931129258590950e+01,1.337196190982918331e+01,1.647886056878608940e+01,2.000000000000000000e+01
3.279297420961570619e+00,3.485726282416303334e+00,4.105012866780501035e+00,5.137157419003496095e+00,6.582160131087389843e+00,8.440020854033264186e+00,1.071073866336832481e+01,1.339431126920953830e+01,1.649073424096795648e+01,2.000000000000000000e+01
3.335671892992508436e+00,3.541404973732226846e+00,4.158604215951381633e+00,5.187269746163196693e+00,6.627401577853643033e+00,8.478999328975657335e+00,1.074206180192028270e+01,1.341658641146964825e+01,1.650256842967707627e+01,2.000000000000000000e+01
3.391859767197648257e+00,3.596899352071461831e+00,4.212018106692902109e+00,5.237216050074888329e+00,6.672493033746371260e+00,8.517848464391057917e+00,1.077328089707142489e+01,1.343878747959282904e+01,1.651436321590607292e+01,2.000000000000000000e+01
3.447861347698299994e+00,3.652209719486879891e+00,4.265254834852618693e+00,5.286996615272794742e+00,6.717434765403214492e+00,8.556568500488355156e+00,1.080439615174835843e+01,1.346091462580544196e+01,1.652611868510422610e+01,2.000000000000000000e+01
3.503676966940106663e+00,3.707336405857141859e+00,4.318314722608247003e+00,5.336611750212753691e+00,6.762227060190758365e+00,8.595159694400409833e+00,1.083540778159129836e+01,1.348296801066279649e+01,1.653783492673264632e+01,2.000000000000000000e+01
3.559306982955732224e+00,3.762279766195936404e+00,4.371198115916548055e+00,5.386061784946961417e+00,6.806870224180601170e+00,8.633622318522229833e+00,1.086631601369700562e+01,1.350494780221875324e+01,1.654951203386028524e+01,2.000000000000000000e+01
3.614751776873521560e+00,3.817040178203137124e+00,4.423905382191984259e+00,5.435347069008707344e+00,6.851364580308794139e+00,8.671956659000251477e+00,1.089712108547643687e+01,1.352685417527132117e+01,1.656115010279697231e+01,2.000000000000000000e+01
3.670011750650283844e+00,3.871618040036370889e+00,4.476436908194632025e+00,5.484467969488240335e+00,6.895710466702108299e+00,8.710163014358977662e+00,1.092782324361654034e+01,1.354868731067721654e+01,1.657274923276007428e+01,2.000000000000000000e+01
3.725087325008276995e+00,3.926013768283371785e+00,4.528793098108654824e+00,5.533424869282625558e+00,6.939908235156022620e+00,8.748241694252465450e+00,1.095842274313670117e+01,1.357044739472904027e+01,1.658430952557164773e+01,2.000000000000000000e+01
3.779978937558178931e+00,3.980227796117208339e+00,4.580974371794296118e+00,5.582218165503919138e+00,6.983958249750729763e+00,8.786193018329317539e+00,1.098891984653118215e+01,1.359213461858935190e+01,1.659583108538330265e+01,2.000000000000000000e+01
3.834687041091445536e+00,4.034260571618042412e+00,4.632981163197832153e+00,5.630848268031452442e+00,7.027860885592685847e+00,8.824017315200862299e+00,1.101931482298968135e+01,1.361374917777638593e+01,1.660731401842621224e+01,2.000000000000000000e+01
3.889212102026919027e+00,4.088112556246524143e+00,4.684813918905339492e+00,5.679315598195233683e+00,7.071616527670358643e+00,8.861714921503139664e+00,1.104960794768891397e+01,1.363529127169671185e+01,1.661875843278397014e+01,2.000000000000000000e+01
3.943554598997865757e+00,4.141784223455235114e+00,4.736473096827341855e+00,5.727620587578673650e+00,7.115225569813850903e+00,8.899286181044226751e+00,1.107979950114874157e+01,1.365676110322054448e+01,1.663016443818621326e+01,2.000000000000000000e+01
3.997715021566864646e+00,4.195276057425799898e+00,4.787959165002606099e+00,5.775763676929886792e+00,7.158688413749006330e+00,8.936731444029106797e+00,1.110988976864696376e+01,1.367815887829581634e+01,1.664153214582108475e+01,2.000000000000000000e+01
4.051693869057072739e+00,4.248588551920396306e+00,4.839272600510366118e+00,5.823745315171779957e+00,7.202005468237472563e+00,8.974051066355091422e+00,1.113987903968746451e+01,1.369948480559748205e+01,1.665286166816486713e+01,2.000000000000000000e+01
4.105491649489432682e+00,4.301722209237376582e+00,4.890413888481207394e+00,5.871565958502030114e+00,7.245177148294942526e+00,9.011245408971388926e+00,1.116976760751682995e+01,1.372073909620881516e+01,1.666415311882715145e+01,2.000000000000000000e+01
4.159108878616268434e+00,4.354677539261641250e+00,4.941383521197758810e+00,5.919226069574833993e+00,7.288203874480509548e+00,9.048314837297008140e+00,1.119955576868507841e+01,1.374192196333184945e+01,1.667540661241020317e+01,2.000000000000000000e+01
4.212546079042643221e+00,4.407455058601254194e+00,4.992181997277087113e+00,5.966726116757071097e+00,7.331086072250720065e+00,9.085259720691704288e+00,1.122924382264646148e+01,1.376303362202424907e+01,1.668662226438116392e+01,2.000000000000000000e+01
4.265803779427557174e+00,4.460055289802526524e+00,5.042809820927435460e+00,6.014066573452154785e+00,7.373824171372457492e+00,9.122080431975204462e+00,1.125883207139673381e+01,1.378407428896026410e+01,1.669780019095597723e+01,2.000000000000000000e+01
4.318882513757796637e+00,4.512478760636501107e+00,5.093267501272614517e+00,6.061247917485468761e+00,7.416418605389366370e+00,9.158777346990277124e+00,1.128832081914355179e+01,1.380504418221354612e+01,1.670894050899394401e+01,2.000000000000000000e+01
4.371782820687911020e+00,4.564726003450418013e+00,5.143555551737938991e+00,6.108270630545829860e+00,7.458869811136950467e+00,9.195350844205750107e+00,1.131771037200703844e+01,1.382594352105984292e+01,1.672004333590193426e+01,2.000000000000000000e+01
4.424505242940339755e+00,4.616797554578296214e+00,5.193674489492165591e+00,6.155135197677920722e+00,7.501178228301973228e+00,9.231801304355794713e+00,1.134700103774774149e+01,1.384677252579780671e+01,1.673110878954740599e+01,2.000000000000000000e+01
4.477050326760273258e+00,4.668693953805298058e+00,5.243624834940371571e+00,6.201842106821087164e+00,7.543344299022129995e+00,9.268129110112246494e+00,1.137619312551954032e+01,1.386753141758622299e+01,1.674213698817942131e+01,2.000000000000000000e+01
4.529418621420315816e+00,4.720415743881035020e+00,5.293407111263191744e+00,6.248391848390313363e+00,7.585368467522373592e+00,9.304334645786946467e+00,1.140528694564520151e+01,1.388822041829621412e+01,1.675312805035694197e+01,2.000000000000000000e+01
4.581610678770460687e+00,4.771963470077400515e+00,5.343021843998219111e+00,6.294784914895585004e+00,7.627251179784575896e+00,9.340418297061400921e+00,1.143428280941258812e+01,1.390883975037702847e+01,1.676408209488368684e+01,2.000000000000000000e+01
4.633627052829274007e+00,4.823337679786895649e+00,5.392469560659760575e+00,6.341021800596132074e+00,7.668992883247495840e+00,9.376380450741262251e+00,1.146318102888958279e+01,1.392938963673420538e+01,1.677499924074907156e+01,2.000000000000000000e+01
4.685468299412590021e+00,4.874538922157817922e+00,5.441750790393502513e+00,6.387103001186448026e+00,7.710594026534339562e+00,9.412221494533431709e+00,1.149198191675610126e+01,1.394987030061899169e+01,1.678587960707455906e+01,2.000000000000000000e+01
4.737134975796316816e+00,4.925567747762966242e+00,5.490866063662914520e+00,6.433029013511177396e+00,7.752055059205396503e+00,9.447941816843689722e+00,1.152068578615159034e+01,1.397028196552798462e+01,1.679672331306502997e+01,2.000000000000000000e+01
4.788627640410279440e+00,4.976424708298841537e+00,5.539815911964528716e+00,6.478800335306289071e+00,7.793376431533507009e+00,9.483541806593038359e+00,1.154929295053665683e+01,1.399062485511208287e+01,1.680753047796462951e+01,2.000000000000000000e+01
4.839946852560285784e+00,5.027110356312589623e+00,5.588600867569501141e+00,6.524417464964137103e+00,7.834558594300268020e+00,9.519021853051016890e+00,1.157780372356751464e+01,1.401089919309388243e+01,1.681830122101675329e+01,2.000000000000000000e+01
4.891093172175895454e+00,5.077625244954186101e+00,5.637221463289059820e+00,6.569880901320270361e+00,7.875601998611134746e+00,9.554382345684517830e+00,1.160621841898210782e+01,1.403110520319279431e+01,1.682903566142775986e+01,2.000000000000000000e+01
4.942067159581527314e+00,5.127969927751569124e+00,5.685678232261693665e+00,6.615191143460020129e+00,7.916507095727681964e+00,9.589623674020629096e+00,1.163453735049684035e+01,1.405124310905714324e+01,1.683973391833411526e+01,2.000000000000000000e+01
4.992869375288840672e+00,5.178144958406659448e+00,5.733971707760116665e+00,6.660348690543062666e+00,7.957274336915489243e+00,9.624746227522303244e+00,1.166276083171297451e+01,1.407131313420263652e+01,1.685039611077257860e+01,2.000000000000000000e+01
5.043500379808423695e+00,5.228150890610370638e+00,5.782102423016213244e+00,6.705354041644353558e+00,7.997904173306236153e+00,9.659750395475628082e+00,1.169088917603179389e+01,1.409131550195662008e+01,1.686102235765325119e+01,2.000000000000000000e+01
5.093960733479089953e+00,5.277988277874905876e+00,5.830070911062352756e+00,6.750207695609941716e+00,8.038397055772708910e+00,9.694636566887709250e+00,1.171892269657775998e+01,1.411125043540760693e+01,1.687161277773515522e+01,2.000000000000000000e+01
5.144250996313155966e+00,5.327657673381759551e+00,5.877877704587570307e+00,6.794910150926320114e+00,8.078753434815578061e+00,9.729405130394164658e+00,1.174686170612893399e+01,1.413111815735958388e+01,1.688216748960415359e+01,2.000000000000000000e+01
5.194371727856264442e+00,5.377159629844022959e+00,5.925523335807298508e+00,6.839461905602078673e+00,8.118973760460839628e+00,9.764056474175367484e+00,1.177470651705399973e+01,1.415091889029068106e+01,1.689268661165296592e+01,2.000000000000000000e+01
5.244323487060452926e+00,5.426494699381689379e+00,5.973008336345397851e+00,6.883863457060772184e+00,8.159058482167004911e+00,9.798590985880659687e+00,1.180245744125529228e+01,1.417065285631579741e+01,1.690317026206313855e+01,2.000000000000000000e+01
5.294106832169242161e+00,5.475663433408779923e+00,6.020333237127392323e+00,6.928115302043959645e+00,8.199008048741115218e+00,9.833009052559807728e+00,1.183011479011729783e+01,1.419032027715283029e+01,1.691361855878874110e+01,2.000000000000000000e+01
5.343722320613681909e+00,5.524666382531231434e+00,6.067498568283882676e+00,6.972217936523511739e+00,8.238822908262809719e+00,9.867311060601032580e+00,1.185767887446011493e+01,1.420992137409217904e+01,1.692403161954166535e+01,2.000000000000000000e+01
5.393170508918352368e+00,5.573504096454572121e+00,6.114504859063232267e+00,7.016171855622343578e+00,8.278503508015697676e+00,9.901497395675045610e+00,1.188515000449743653e+01,1.422945636796923807e+01,1.693440956177836298e+01,2.000000000000000000e+01
5.442451952616417010e+00,5.622177123900478080e+00,6.161352637752661288e+00,7.059977553542806206e+00,8.318050294425392011e+00,9.935568442684514778e+00,1.191252848979864609e+01,1.424892547913957408e+01,1.694475250268791910e+01,2.000000000000000000e+01
5.491567206172913274e+00,5.670686012531440667e+00,6.208042431607023737e+00,7.103635523502056515e+00,8.357463713003589589e+00,9.969524585718492204e+00,1.193981463925464759e+01,1.426832892745659365e+01,1.695506055918129107e+01,2.000000000000000000e+01
5.540516822915532380e+00,5.719031308882781772e+00,6.254574766784527284e+00,7.147146257673746561e+00,8.396744208297645784e+00,1.000336620801135190e+01,1.196700876104708833e+01,1.428766693225143491e+01,1.696533384788166643e+01,2.000000000000000000e+01
5.589301354972214142e+00,5.767213558301364174e+00,6.300950168288812492e+00,7.190510247135494026e+00,8.435892223845167237e+00,1.003709369190581135e+01,1.199411116262068333e+01,1.430693971231490380e+01,1.697557248511578365e+01,2.000000000000000000e+01
5.637921353214921716e+00,5.815233304890386812e+00,6.347169159916782100e+00,7.233727981821586717e+00,8.474908202133136115e+00,1.007070741881968523e+01,1.202112215065834100e+01,1.432614748588125764e+01,1.698577658690619074e+01,2.000000000000000000e+01
5.686377367209073164e+00,5.863091091459723181e+00,6.393232264211670568e+00,7.276799950480448587e+00,8.513792584561191035e+00,1.010420776921603547e+01,1.204804203105885207e+01,1.434529047061367280e+01,1.699594626896427130e+01,2.000000000000000000e+01
5.734669945168081817e+00,5.910787459481282369e+00,6.439140002420885800e+00,7.319726640636442738e+00,8.552545811408647225e+00,1.013759512257637674e+01,1.207487110891689142e+01,1.436436888359125419e+01,1.700608164668405209e+01,2.000000000000000000e+01
5.782799633912541815e+00,5.958322949048949546e+00,6.484892894458173629e+00,7.362508538555620596e+00,8.591168321804964592e+00,1.017086985737670801e+01,1.210160968850514074e+01,1.438338294129741790e+01,1.701618283513668217e+01,2.000000000000000000e+01
5.830766978833679559e+00,6.005698098842692900e+00,6.530491458869731147e+00,7.405146129215047779e+00,8.629660553703299541e+00,1.020403235106607553e+01,1.212825807325832628e+01,1.440233285960955811e+01,1.702624994906550882e+01,2.000000000000000000e+01
5.878572523860629673e+00,6.052913446096447103e+00,6.575936212803899394e+00,7.447639896275383364e+00,8.668022943856900753e+00,1.023708298004745920e+01,1.215481656575901859e+01,1.442121885378985624e+01,1.703628310288172543e+01,2.000000000000000000e+01
5.926216811431217479e+00,6.099969526569440248e+00,6.621227671984110330e+00,7.489990322056436334e+00,8.706255927798071781e+00,1.027002211966074974e+01,1.218128546772498488e+01,1.444004113847712745e+01,1.704628241066053107e+01,2.000000000000000000e+01
5.973700382465938041e+00,6.146866874520651614e+00,6.666366350684794106e+00,7.532197887515394541e+00,8.744359939819469574e+00,1.030285014416765854e+01,1.220766507999802819e+01,1.445879992767963707e+01,1.705624798613773763e+01,2.000000000000000000e+01
6.021023776344809342e+00,6.193606022686103607e+00,6.711352761709985515e+00,7.574263072227518379e+00,8.782335412957525733e+00,1.033556742673834883e+01,1.223395570253409481e+01,1.447749543476876966e+01,1.706617994270681393e+01,2.000000000000000000e+01
6.068187530886877568e+00,6.240187502258749852e+00,6.756187416374366705e+00,7.616186354369052225e+00,8.820182778977804006e+00,1.036817433943965838e+01,1.226015763439460926e+01,1.449612787247347612e+01,1.707607839341629230e+01,2.000000000000000000e+01
6.115192182332087611e+00,6.286611842870701850e+00,6.800870824486546340e+00,7.657968210702155609e+00,8.857902468362112813e+00,1.040067125322475761e+01,1.228627117373888034e+01,1.451469745287545443e+01,1.708594345096754452e+01,2.000000000000000000e+01
6.162038265325350928e+00,6.332879572577598815e+00,6.845403494334341588e+00,7.699609116561680899e+00,8.895494910297200519e+00,1.043305853792410254e+01,1.231229661781746820e+01,1.453320438740496101e+01,1.709577522771284563e+01,2.000000000000000000e+01
6.208726312902574485e+00,6.378991217844911077e+00,6.889785932671919966e+00,7.741109545843610107e+00,8.932960532664923292e+00,1.046533656223759046e+01,1.233823426296649828e+01,1.455164888683722069e+01,1.710557383565374678e+01,2.000000000000000000e+01
6.255256856478486505e+00,6.424947303536013621e+00,6.934018644708594081e+00,7.782469970995020248e+00,8.970299762033706159e+00,1.049750569372778841e+01,1.236408440460272828e+01,1.457003116128936249e+01,1.711533938643969677e+01,2.000000000000000000e+01
6.301630425836100891e+00,6.470748352901860123e+00,6.978102134099138709e+00,7.823690863005425378e+00,9.007513023651217310e+00,1.052956629881412454e+01,1.238984733721939513e+01,1.458835142021785103e+01,1.712507199136688030e+01,2.000000000000000000e+01
6.347847549117652477e+00,6.516394887572110051e+00,7.022036902935484548e+00,7.864772691399362081e+00,9.044600741438122427e+00,1.056151874276799596e+01,1.241552335438272259e+01,1.460660987241636555e+01,1.713477176137734048e+01,2.000000000000000000e+01
6.393908752816886754e+00,6.561887427547581808e+00,7.065823451739667860e+00,7.905715924230126035e+00,9.081563337982831996e+00,1.059336338970866720e+01,1.244111274872902762e+01,1.462480672601405907e+01,1.714443880705819367e+01,2.000000000000000000e+01
6.439814561772569057e+00,6.607226491193905815e+00,7.109462279457916090e+00,7.946521028074543302e+00,9.118401234537135025e+00,1.062510060259990397e+01,1.246661581196238799e+01,1.464294218847419238e+01,1.715407323864110722e+01,2.000000000000000000e+01
6.485565499163103986e+00,6.652412595236267379e+00,7.152953883455759332e+00,7.987188468028662669e+00,9.155114851012664090e+00,1.065673074324728375e+01,1.249203283485281268e+01,1.466101646659311264e+01,1.716367516600189447e+01,2.000000000000000000e+01
6.531162086502163788e+00,6.697446254755145212e+00,7.196298759514090371e+00,8.027718707704318390e+00,9.191704605978079812e+00,1.068825417229609442e+01,1.251736410723486337e+01,1.467902976649950730e+01,1.717324469866024828e+01,2.000000000000000000e+01
6.576604843635233344e+00,6.742327983182941686e+00,7.239497401826066714e+00,8.068112209226466547e+00,9.228170916656942779e+00,1.071967124922979941e+01,1.254260991800669345e+01,1.469698229365394049e+01,1.718278194577966644e+01,2.000000000000000000e+01
6.621894288736986489e+00,6.787058292301439089e+00,7.282550302994795999e+00,8.108369433231208845e+00,9.264514198926189437e+00,1.075098233236898437e+01,1.256777055512946717e+01,1.471487425284864337e+01,1.719228701616739841e+01,2.000000000000000000e+01
6.667030938309417287e+00,6.831637692239990400e+00,7.325457954031709740e+00,8.148490838864464791e+00,9.300734867315155086e+00,1.078218777887076918e+01,1.259284630562709850e+01,1.473270584820752305e+01,1.720176001827460155e+01,2.000000000000000000e+01
6.712015307180647206e+00,6.876066691474381543e+00,7.368220844355583665e+00,8.188476883781227400e+00,9.336833335005110257e+00,1.081328794472863208e+01,1.261783745558633463e+01,1.475047728318636864e+01,1.721120106019651530e+01,2.000000000000000000e+01
6.756847908504369116e+00,6.920345796826310014e+00,7.410839461792131821e+00,8.228328024145330488e+00,9.372810013829241171e+00,1.084428318477258202e+01,1.264274429015707391e+01,1.476818876057324914e+01,1.722061024967278442e+01,2.000000000000000000e+01
6.801529253759842852e+00,6.964475513463412426e+00,7.453314292574122035e+00,8.268044714629702696e+00,9.408665314273045865e+00,1.087517385266969860e+01,1.266756709355298050e+01,1.478584048248906946e+01,1.722998769408781783e+01,2.000000000000000000e+01
6.846059852752397923e+00,7.008456344899791191e+00,7.495645821341970994e+00,8.307627408417040726e+00,9.444399645475108684e+00,1.090596030092495639e+01,1.269230614905230148e+01,1.480343265038828982e+01,1.723933350047125046e+01,2.000000000000000000e+01
6.890440213614415832e+00,7.052288792997003952e+00,7.537834531144765648e+00,8.347076557200889368e+00,9.480013415228205176e+00,1.093664288088233327e+01,1.271696173899889715e+01,1.482096546505977486e+01,1.724864777549845485e+01,2.000000000000000000e+01
6.934670842806713864e+00,7.095973357965453587e+00,7.579880903441672757e+00,8.386392611187055479e+00,9.515507029980716069e+00,1.096722194272616946e+01,1.274153414480346846e+01,1.483843912662775999e+01,1.725793062549112378e+01,2.000000000000000000e+01
6.978752245120314335e+00,7.139510538366161008e+00,7.621785418103703691e+00,8.425576019095364799e+00,9.550880894838329027e+00,1.099769783548275548e+01,1.276602364694494973e+01,1.485585383455293851e+01,1.726718215641789200e+01,2.000000000000000000e+01
7.022684923678558455e+00,7.182900831112868367e+00,7.663548553415798992e+00,8.464627228161688777e+00,9.586135413565973096e+00,1.102807090702211390e+01,1.279043052497204336e+01,1.487320978763365353e+01,1.727640247389502193e+01,2.000000000000000000e+01
7.066469379939538165e+00,7.226144731474454019e+00,7.705170786079201584e+00,8.503546684140244949e+00,9.621270988589994744e+00,1.105834150405998351e+01,1.281475505750492516e+01,1.489050718400715922e+01,1.728559168318712125e+01,2.000000000000000000e+01
7.110106113698791752e+00,7.269242733077616592e+00,7.746652591214090222e+00,8.542334831306130027e+00,9.656288021000538180e+00,1.108850997215995626e+01,1.283899752223703317e+01,1.490774622115099213e+01,1.729474988920791745e+01,2.000000000000000000e+01
7.153595623092272149e+00,7.312195327909815745e+00,7.787994442362444758e+00,8.580992112458069698e+00,9.691186910554094425e+00,1.111857665573576348e+01,1.286315819593700382e+01,1.492492709588440647e+01,1.730387719652104650e+01,2.000000000000000000e+01
7.196938404599525718e+00,7.355003006322427872e+00,7.829196811491131669e+00,8.619518968921354940e+00,9.725968055676240454e+00,1.114854189805371831e+01,1.288723735445069529e+01,1.494205000436985920e+01,1.731297370934086644e+01,2.000000000000000000e+01
7.240134953047101085e+00,7.397666257034121173e+00,7.870260168995179662e+00,8.657915840550970188e+00,9.760631853464518670e+00,1.117840604123526127e+01,1.291123527270330840e+01,1.495911514211458559e+01,1.732203953153336684e+01,2.000000000000000000e+01
7.283185761612120501e+00,7.440185567134396827e+00,7.911184983701224915e+00,8.696183165734851173e+00,9.795178699691449609e+00,1.120816942625962831e+01,1.293515222470158044e+01,1.497612270397219802e+01,1.733107476661699664e+01,2.000000000000000000e+01
7.326091321826036840e+00,7.482561422087306902e+00,7.951971722871118864e+00,8.734321381397309736e+00,9.829608988807670755e+00,1.123783239296660064e+01,1.295898848353606603e+01,1.499307288414435924e+01,1.734007951776361267e+01,2.000000000000000000e+01
7.368852123578530033e+00,7.524794305735313493e+00,7.992620852205662985e+00,8.772330923002568781e+00,9.863923113945180177e+00,1.126739528005937174e+01,1.298274432138347834e+01,1.500996587618248590e+01,1.734905388779938562e+01,2.000000000000000000e+01
7.411468655121552729e+00,7.566884700303287303e+00,8.033132835848491027e+00,8.810212224558425120e+00,9.898121466920688505e+00,1.129685842510746596e+01,1.300642000950909072e+01,1.502680187298948766e+01,1.735799797920575926e+01,2.000000000000000000e+01
7.453941403073483407e+00,7.608833086402623458e+00,8.073508136390044498e+00,8.847965718620008246e+00,9.932204438239049082e+00,1.132622216454975295e+01,1.303001581826918631e+01,1.504358106682155594e+01,1.736691189412042746e+01,2.000000000000000000e+01
7.496270852423400299e+00,7.650639943035463908e+00,8.113747214871656510e+00,8.885591836293611934e+00,9.966172417096769820e+00,1.135548683369750655e+01,1.305353201711357158e+01,1.506030364928996512e+01,1.737579573433827917e+01,2.000000000000000000e+01
7.538457486535439678e+00,7.692305747599013088e+00,8.153850530789730655e+00,8.923091007240650185e+00,1.000002579138560321e+01,1.138465276673752946e+01,1.307696887458811652e+01,1.507696981136291647e+01,1.738464960131242165e+01,2.000000000000000000e+01
7.580501787153266946e+00,7.733830975889948611e+00,8.193818542099995383e+00,8.960463659681652260e+00,1.003376494769619143e+01,1.141372029673533817e+01,1.310032665833733034e+01,1.509357974336739439e+01,1.739347359615517519e+01,2.000000000000000000e+01
7.622404234404587697e+00,7.775216102108899463e+00,8.233651705221834760e+00,8.997710220400332304e+00,1.006739027132176290e+01,1.144268975563836932e+01,1.312360563510698874e+01,1.511013363499105289e+01,1.740226781963907143e+01,2.000000000000000000e+01
7.664165306805764466e+00,7.816461598864992588e+00,8.273350475042676067e+00,9.034831114747712277e+00,1.010090214626189287e+01,1.147156147427925177e+01,1.314680607074678065e+01,1.512663167528412345e+01,1.741103237219790500e+01,2.000000000000000000e+01
7.705785481266475223e+00,7.857567937180466977e+00,8.312915304922441351e+00,9.071826766646308826e+00,1.013430095522629415e+01,1.150033578237909992e+01,1.316992823021296566e+01,1.514307405266132278e+01,1.741976735392773534e+01,2.000000000000000000e+01
7.747265233094428716e+00,7.898535586495333050e+00,8.352346646698043386e+00,9.108697598594357459e+00,1.016758707963865227e+01,1.152901300855083377e+01,1.319297237757108654e+01,1.515946095490379086e+01,1.742847286458793832e+01,2.000000000000000000e+01
7.788605036000132209e+00,7.939365014672082665e+00,8.391644950687934923e+00,9.145444031670070473e+00,1.020076089964050148e+01,1.155759348030254152e+01,1.321593877599867284e+01,1.517579256916104313e+01,1.743714900360225784e+01,2.000000000000000000e+01
7.829805362101688537e+00,7.980056688000436438e+00,8.430810665696679251e+00,9.182066485535941069e+00,1.023382279409510964e+01,1.158607752404084934e+01,1.323882768778797825e+01,1.519206908195292272e+01,1.744579587005982901e+01,2.000000000000000000e+01
7.870866681929652664e+00,8.020611071202134568e+00,8.469844239019577614e+00,9.218565378443061675e+00,1.026677314059141466e+01,1.161446546507432664e+01,1.326163937434872508e+01,1.520829067917156152e+01,1.745441356271625111e+01,2.000000000000000000e+01
7.911789464431897123e+00,8.061028627435748106e+00,8.508746116447301944e+00,9.254941127235488452e+00,1.029961231544795730e+01,1.164275762761689137e+01,1.328437409621085763e+01,1.522445754608335911e+01,1.746300217999463555e+01,2.000000000000000000e+01
7.952574176978514764e+00,8.101309818301528409e+00,8.547516742270570234e+00,9.291194147354614685e+00,1.033234069371685848e+01,1.167095433479124900e+01,1.330703211302731681e+01,1.524056986733096508e+01,1.747156181998666113e+01,2.000000000000000000e+01
7.993221285366744588e+00,8.141455103846267249e+00,8.586156559284834344e+00,9.327324852843563718e+00,1.036495864918778764e+01,1.169905590863232625e+01,1.332961368357682375e+01,1.525662782693525976e+01,1.748009258045363978e+01,2.000000000000000000e+01
8.033731253825912688e+00,8.181464942568180021e+00,8.624666008794983796e+00,9.363333656351597867e+00,1.039746655439196132e+01,1.172706267009072789e+01,1.335211906576665442e+01,1.527263160829734367e+01,1.748859455882757175e+01,2.000000000000000000e+01
8.074104545022395385e+00,8.221339791421815590e+00,8.663045530620074430e+00,9.399220969138550430e+00,1.042986478060615063e+01,1.175497493903619706e+01,1.337454851663542854e+01,1.528858139420052709e+01,1.749706785221221494e+01,2.000000000000000000e+01
8.114341620064593030e+00,8.261080105822959041e+00,8.701295563098057073e+00,9.434987201079247043e+00,1.046215369785667981e+01,1.178279303426107738e+01,1.339690229235591978e+01,1.530447736681233195e+01,1.750551255738415080e+01,2.000000000000000000e+01
8.154442938507910910e+00,8.300686339653562840e+00,8.739416543090522183e+00,9.470632760667955452e+00,1.049433367492345859e+01,1.181051727348378222e+01,1.341918064823783574e+01,1.532031970768648499e+01,1.751392877079383581e+01,2.000000000000000000e+01
8.194408958359742812e+00,8.340158945266669122e+00,8.777408905987448051e+00,9.506158055022835285e+00,1.052640507934399672e+01,1.183814797335227986e+01,1.344138383873062459e+01,1.533610859776491075e+01,1.752231658856667451e+01,2.000000000000000000e+01
8.234240136084489237e+00,8.379498373491356844e+00,8.815273085711961443e+00,9.541563489890380723e+00,1.055836827741743278e+01,1.186568544944755388e+01,1.346351211742627285e+01,1.535184421737973004e+01,1.753067610650408881e+01,2.000000000000000000e+01
8.273936926608534748e+00,8.418705073637672953e+00,8.853009514725087570e+00,9.576849469649884483e+00,1.059022363420856117e+01,1.189313001628709365e+01,1.348556573706211559e+01,1.536752674625525650e+01,1.753900742008456959e+01,2.000000000000000000e+01
8.313499783325264403e+00,8.457779493501577761e+00,8.890618624030514283e+00,9.612016397317884042e+00,1.062197151355185731e+01,1.192048198732835473e+01,1.350754494952361284e+01,1.538315636350999149e+01,1.754731062446474255e+01,2.000000000000000000e+01
8.352929158100062423e+00,8.496722079369883218e+00,8.928100843179347379e+00,9.647064674552622066e+00,1.065361227805550648e+01,1.194774167497224937e+01,1.352945000584716873e+01,1.539873324765861895e+01,1.755558581448044109e+01,2.000000000000000000e+01
8.392225501275303756e+00,8.535533276025196514e+00,8.965456600274873011e+00,9.681994701658492630e+00,1.068514628910542186e+01,1.197490939056660686e+01,1.355128115622291496e+01,1.541425757661399487e+01,1.756383308464774728e+01,2.000000000000000000e+01
8.431389261675370506e+00,8.574213526750854797e+00,9.002686321977305894e+00,9.716806877590492775e+00,1.071657390686927691e+01,1.200198544440964454e+01,1.357303864999750154e+01,1.542972952768912975e+01,1.757205252916406479e+01,2.000000000000000000e+01
8.470420886611627509e+00,8.612763273335854564e+00,9.039790433508537504e+00,9.751501599958666944e+00,1.074789549030050573e+01,1.202897014575343171e+01,1.359472273567689271e+01,1.544514927759918166e+01,1.758024424190916335e+01,2.000000000000000000e+01
8.509320821887415676e+00,8.651182956079784603e+00,9.076769358656891384e+00,9.786079265032549657e+00,1.077911139714233002e+01,1.205586380280735703e+01,1.361633366092913988e+01,1.546051700246343508e+01,1.758840831644624458e+01,2.000000000000000000e+01
8.548089511803043550e+00,8.689473013797744727e+00,9.113623519781846483e+00,9.820540267745586860e+00,1.081022198393175060e+01,1.208266672274156761e+01,1.363787167258716515e+01,1.547583287780728334e+01,1.759654484602299362e+01,2.000000000000000000e+01
8.586727399160752228e+00,8.727633883825259176e+00,9.150353337818778243e+00,9.854885001699576819e+00,1.084122760600355484e+01,1.210937921169042752e+01,1.365933701665153599e+01,1.549109707856419860e+01,1.760465392357261649e+01,2.000000000000000000e+01
8.625234925269678499e+00,8.765666002023179360e+00,9.186959232283681942e+00,9.889113859169079035e+00,1.087212861749430637e+01,1.213600157475596042e+01,1.368072993829323636e+01,1.550630977907770536e+01,1.761273564171490591e+01,2.000000000000000000e+01
8.663612529950823316e+00,8.803569802782588383e+00,9.223441621277881808e+00,9.923227231105826718e+00,1.090292537134632767e+01,1.216253411601128143e+01,1.370205068185642361e+01,1.552147115310334868e+01,1.762079009275727515e+01,2.000000000000000000e+01
8.701860651541998948e+00,8.841345719029684247e+00,9.259800921492741921e+00,9.957225507143133925e+00,1.093361821931167555e+01,1.218897713850402020e+01,1.372329949086118717e+01,1.553658137381064819e+01,1.762881736869580607e+01,2.000000000000000000e+01
8.739979726902754820e+00,8.878994182230655952e+00,9.296037548214355795e+00,9.991109075600281386e+00,1.096420751195611487e+01,1.221533094425975463e+01,1.374447660800630544e+01,1.555164061378506801e+01,1.763681756121629007e+01,2.000000000000000000e+01
8.777970191419322887e+00,8.916515622396552487e+00,9.332151915328237735e+00,1.002487832348689878e+01,1.099469359866306917e+01,1.224159583428540898e+01,1.376558227517197430e+01,1.556664904502996194e+01,1.764479076169526905e+01,2.000000000000000000e+01
8.815832479009518607e+00,8.953910468088137620e+00,9.368144435323994657e+00,1.005853363650734700e+01,1.102507682763756947e+01,1.226777210857266276e+01,1.378661673342256044e+01,1.558160683896851673e+01,1.765273706120106212e+01,2.000000000000000000e+01
8.853567022127654340e+00,8.991179146420737567e+00,9.404015519299989023e+00,1.009207539906506135e+01,1.105535754591020492e+01,1.229386006610135063e+01,1.380758022300932453e+01,1.559651416644570787e+01,1.766065655049480654e+01,2.000000000000000000e+01
8.891174251769422554e+00,9.028322083069065584e+00,9.439765576967992899e+00,1.012550399426692138e+01,1.108553609934103257e+01,1.231986000484284460e+01,1.382847298337314079e+01,1.561137119773022341e+01,1.766854932003148448e+01,2.000000000000000000e+01
8.928654597476793242e+00,9.065339702272051881e+00,9.475395016657826019e+00,1.015881980392758521e+01,1.111561283262352084e+01,1.234577222176343625e+01,1.384929525314722021e+01,1.562617810251640194e+01,1.767641545996094266e+01,2.000000000000000000e+01
8.966008487342863376e+00,9.102232426837645107e+00,9.510904245321990302e+00,1.019202320857381494e+01,1.114558808928843625e+01,1.237159701282769220e+01,1.387004727015981054e+01,1.564093504992615635e+01,1.768425506012893322e+01,2.000000000000000000e+01
9.003236348016722346e+00,9.139000678147608525e+00,9.546293668540267063e+00,1.022511458744878610e+01,1.117546221170774956e+01,1.239733467300182923e+01,1.389072927143689817e+01,1.565564220851090305e+01,1.769206821007811925e+01,2.000000000000000000e+01
9.040338604708283654e+00,9.175644876162298402e+00,9.581563690524339094e+00,1.025809431851640596e+01,1.120523554109852604e+01,1.242298549625705739e+01,1.391134149320490998e+01,1.567029974625347322e+01,1.769985499904910498e+01,2.000000000000000000e+01
9.077315681193127261e+00,9.212165439425438862e+00,9.616714714122373664e+00,1.029096277846559992e+01,1.123490841752679614e+01,1.244854977557291953e+01,1.393188417089338493e+01,1.568490783057001359e+01,1.770761551598144479e+01,2.000000000000000000e+01
9.114167999817297527e+00,9.248562785068871861e+00,9.651747140823596638e+00,1.032372034271458894e+01,1.126448117991142794e+01,1.247402780294062730e+01,1.395235753913766530e+01,1.569946662831190309e+01,1.771534984951464153e+01,2.000000000000000000e+01
9.150895981502108256e+00,9.284837328817294733e+00,9.686661370762857715e+00,1.035636738541516522e+01,1.129395416602797120e+01,1.249941986936637051e+01,1.397276183178154696e+01,1.571397630576764470e+01,1.772305808798919102e+01,2.000000000000000000e+01
9.187500045748928201e+00,9.320989484992990626e+00,9.721457802725179675e+00,1.038890427945693418e+01,1.132332771251250314e+01,1.252472626487463536e+01,1.399309728187995816e+01,1.572843702866476612e+01,1.773074031944754481e+01,2.000000000000000000e+01
9.223980610643961242e+00,9.357019666520544732e+00,9.756136834150295201e+00,1.042133139647156703e+01,1.135260215486545654e+01,1.254994727851150671e+01,1.401336412170160628e+01,1.574284896217169560e+01,1.773839663163515112e+01,2.000000000000000000e+01
9.260338092862994586e+00,9.392928284931539196e+00,9.790698861137173026e+00,1.045364910683702853e+01,1.138177782745544420e+01,1.257508319834795429e+01,1.403356258273161750e+01,1.575721227089964849e+01,1.774602711200142124e+01,2.000000000000000000e+01
9.296572907676136310e+00,9.428715750369232040e+00,9.825144278448517454e+00,1.048585777968178867e+01,1.141085506352305856e+01,1.260013431148311369e+01,1.405369289567418001e+01,1.577152711890450476e+01,1.775363184770075975e+01,2.000000000000000000e+01
9.332685468952561791e+00,9.464382471593239643e+00,9.859473479515273198e+00,1.051795778288903271e+01,1.143983419518467493e+01,1.262510090404755658e+01,1.407375529045516949e+01,1.578579366968867070e+01,1.776121092559352022e+01,2.000000000000000000e+01
9.368676189165208612e+00,9.499928855984181908e+00,9.893686856441100019e+00,1.054994948310084446e+01,1.146871555343622795e+01,1.264998326120655747e+01,1.409374999622476921e+01,1.580001208620295117e+01,1.776876443224703195e+01,2.000000000000000000e+01
9.404545479395482133e+00,9.535355309548322111e+00,9.927784800006842048e+00,1.058183324572239137e+01,1.149749946815698820e+01,1.267478166716333376e+01,1.411367724136008128e+01,1.581418253084840941e+01,1.777629245393656987e+01,2.000000000000000000e+01
9.440293749337939744e+00,9.570662236922199639e+00,9.961767699674981102e+00,1.061360943492608122e+01,1.152618626811331559e+01,1.269949640516228406e+01,1.413353725346772904e+01,1.582830516547820210e+01,1.778379507664632087e+01,2.000000000000000000e+01
9.475921407304957356e+00,9.605850041377236082e+00,9.995635943594072259e+00,1.064527841365571526e+01,1.155477628096240750e+01,1.272412775749222469e+01,1.415333025938645584e+01,1.584238015139944089e+01,1.779127238607040340e+01,2.000000000000000000e+01
9.511428860231399440e+00,9.640919124824343100e+00,1.002938991860317586e+01,1.067684054363063062e+01,1.158326983325605042e+01,1.274867600548961377e+01,1.417305648518971317e+01,1.585640764937502567e+01,1.779872446761380900e+01,2.000000000000000000e+01
9.546816513679230454e+00,9.675869887818487669e+00,1.006303001023626109e+01,1.070829618534981797e+01,1.161166725044431480e+01,1.277314142954173803e+01,1.419271615618822402e+01,1.587038781962547596e+01,1.780615140639339344e+01,2.000000000000000000e+01
9.582084771842163562e+00,9.710702729563273294e+00,1.009655660272660072e+01,1.073964569809603375e+01,1.163996885687929428e+01,1.279752430908992977e+01,1.421230949693257450e+01,1.588432082183077121e+01,1.781355328723885734e+01,2.000000000000000000e+01
9.617234037550256076e+00,9.745418047915483939e+00,1.012997007901116397e+01,1.077088943993990178e+01,1.166817497581878271e+01,1.282182492263275186e+01,1.423183673121576120e+01,1.589820681513215206e+01,1.782093019469369111e+01,2.000000000000000000e+01
9.652264712274517322e+00,9.780016239389631494e+00,1.016327082073497223e+01,1.080202776774399176e+01,1.169628592942998146e+01,1.284604354772916501e+01,1.425129808207574733e+01,1.591204595813395706e+01,1.782828221301615201e+01,2.000000000000000000e+01
9.687177196131468548e+00,9.814497699162465949e+00,1.019645920825545815e+01,1.083306103716689783e+01,1.172430203879316046e+01,1.287018046100170388e+01,1.427069377179801180e+01,1.592583840890541325e+01,1.783560942618022338e+01,2.000000000000000000e+01
9.721971887887727704e+00,9.848862821077497998e+00,1.022953562064681066e+01,1.086398960266729397e+01,1.175222362390532815e+01,1.289423593813963009e+01,1.429002402191807697e+01,1.593958432498245337e+01,1.784291191787657382e+01,2.000000000000000000e+01
9.756649184964546251e+00,9.883111997649480784e+00,1.026250043570428616e+01,1.089481381750796984e+01,1.178005100368388369e+01,1.291821025390208355e+01,1.430928905322405065e+01,1.595328386336951176e+01,1.785018977151352360e+01,2.000000000000000000e+01
9.791209483442353090e+00,9.917245620068898759e+00,1.029535402994853222e+01,1.092553403375987209e+01,1.180778449597024959e+01,1.294210368212120166e+01,1.432848908575912539e+01,1.596693718054130606e+01,1.785744307021797184e+01,2.000000000000000000e+01
9.825653178065271831e+00,9.951264078206422781e+00,1.032809677862987918e+01,1.095615060230612414e+01,1.183542441753350616e+01,1.296591649570526528e+01,1.434762433882411337e+01,1.598054443244464728e+01,1.786467189683636292e+01,2.000000000000000000e+01
9.859980662245609651e+00,9.985167760617363442e+00,1.036072905573262481e+01,1.098666387284601598e+01,1.186297108407400280e+01,1.298964896664180380e+01,1.436669503097993328e+01,1.599410577450019311e+01,1.787187633393563857e+01,2.000000000000000000e+01
9.894192328068385223e+00,1.001895705454611374e+01,1.039325123397930106e+01,1.101707419389901688e+01,1.189042481022696940e+01,1.301330136600069665e+01,1.438570138005010968e+01,1.600762136160422955e+01,1.787905646380415803e+01,2.000000000000000000e+01
9.928288566295760731e+00,1.005263234593055266e+01,1.042566368483493200e+01,1.104738191280873316e+01,1.191778590956609030e+01,1.303687396393727305e+01,1.440464360312326164e+01,1.602109134813045088e+01,1.788621236845265372e+01,2.000000000000000000e+01
9.962269766371536051e+00,1.008619401940646831e+01,1.045796677851126510e+01,1.107758737574688546e+01,1.194505469460710678e+01,1.306036702969539398e+01,1.442352191655557725e+01,1.603451588793171467e+01,1.789334412961516563e+01,2.000000000000000000e+01
9.996136316425571877e+00,1.011964245831193132e+01,1.049016088397100610e+01,1.110769092771726108e+01,1.197223147681136624e+01,1.308378083161052885e+01,1.444233653597329159e+01,1.604789513434179327e+01,1.790045182874997565e+01,2.000000000000000000e+01
1.002988860327823772e+01,1.015297804469168597e+01,1.052224636893203069e+01,1.113769291255964156e+01,1.199931656658938905e+01,1.310711563711281080e+01,1.446108767627513636e+01,1.606122924017712705e+01,1.790753554704052775e+01,2.000000000000000000e+01
1.006352701244481374e+01,1.018620115930150405e+01,1.055422359987157854e+01,1.116759367295374261e+01,1.202631027330440361e+01,1.313037171273010095e+01,1.447977555163480545e+01,1.607451835773857596e+01,1.791459536539635877e+01,2.000000000000000000e+01
1.009705192813990138e+01,1.021931218161253696e+01,1.058609294203044371e+01,1.119739355042311502e+01,1.205321290527588829e+01,1.315354932409102773e+01,1.449840037550339211e+01,1.608776263881315316e+01,1.792163136445403993e+01,2.000000000000000000e+01
1.013046373328180749e+01,1.025231148981563933e+01,1.061785475941713308e+01,1.122709288533905081e+01,1.208002476978308337e+01,1.317664873592801378e+01,1.451696236061182965e+01,1.610096223467575882e+01,1.792864362457807914e+01,2.000000000000000000e+01
1.016376280949691591e+01,1.028519946082569625e+01,1.064950941481203550e+01,1.125669201692446819e+01,1.210674617306850465e+01,1.319967021208030467e+01,1.453546171897331796e+01,1.611411729609089960e+01,1.793563222586182704e+01,2.000000000000000000e+01
1.019694953712404661e+01,1.031797647028592380e+01,1.068105726977155889e+01,1.128619128325778398e+01,1.213337742034143574e+01,1.322261401549698157e+01,1.455389866188574821e+01,1.612722797331442948e+01,1.794259724812842549e+01,2.000000000000000000e+01
1.023002429521879186e+01,1.035064289257215897e+01,1.071249868463225674e+01,1.131559102127677185e+01,1.215991881578142220e+01,1.324548040823996153e+01,1.457227339993411697e+01,1.614029441609525151e+01,1.794953877093169581e+01,2.000000000000000000e+01
1.026298746155785757e+01,1.038319910079713004e+01,1.074383401851494391e+01,1.134489156678241351e+01,1.218637066254173718e+01,1.326826965148699067e+01,1.459058614299292422e+01,1.615331677367702667e+01,1.795645687355704823e+01,2.000000000000000000e+01
1.029583941264336922e+01,1.041564546681472692e+01,1.077506362932880002e+01,1.137409325444273556e+01,1.221273326275283821e+01,1.329098200553462839e+01,1.460883710022857507e+01,1.616629519479988275e+01,1.796335163502239141e+01,2.000000000000000000e+01
1.032858052370716173e+01,1.044798236122423418e+01,1.080618787377545154e+01,1.140319641779662163e+01,1.223900691752583114e+01,1.331361772980121749e+01,1.462702648010176532e+01,1.617922982770211604e+01,1.797022313407904548e+01,2.000000000000000000e+01
1.036121116871508541e+01,1.048021015337457662e+01,1.083720710735305204e+01,1.143220138925763152e+01,1.226519192695590021e+01,1.333617708282985248e+01,1.464515449036986361e+01,1.619212082012187537e+01,1.797707144921261602e+01,2.000000000000000000e+01
1.039373172037126203e+01,1.051232921136853093e+01,1.086812168436033765e+01,1.146110850011779014e+01,1.229128859012573649e+01,1.335866032229132294e+01,1.466322133808929173e+01,1.620496831929885317e+01,1.798389665864391063e+01,2.000000000000000000e+01
1.042614255012234281e+01,1.054433990206692506e+01,1.089893195790067182e+01,1.148991808055138009e+01,1.231729720510895376e+01,1.338106770498705700e+01,1.468122722961787119e+01,1.621777247197598015e+01,1.799069884032983424e+01,2.000000000000000000e+01
1.045844402816175567e+01,1.057624259109283749e+01,1.092963827988608116e+01,1.151863045961869858e+01,1.234321806897349205e+01,1.340339948685206650e+01,1.469917237061719995e+01,1.623053342440107727e+01,1.799747807196425953e+01,2.000000000000000000e+01
1.049063652343392583e+01,1.060803764283576278e+01,1.096024100104127186e+01,1.154724596526982872e+01,1.236905147778501046e+01,1.342565592295785670e+01,1.471705696605498304e+01,1.624325132232854330e+01,1.800423443097893994e+01,2.000000000000000000e+01
1.052272040363849648e+01,1.063972542045578074e+01,1.099074047090763528e+01,1.157576492434837334e+01,1.239479772661026935e+01,1.344783726751534303e+01,1.473488122020738800e+01,1.625592631102101038e+01,1.801096799454436592e+01,2.000000000000000000e+01
1.055469603523452093e+01,1.067130628588770236e+01,1.102113703784724486e+01,1.160418766259519785e+01,1.242045710952049653e+01,1.346994377387775543e+01,1.475264533666137012e+01,1.626855853525101026e+01,1.801767883957067440e+01,2.000000000000000000e+01
1.058656378344465487e+01,1.070278059984519814e+01,1.105143104904682438e+01,1.163251450465214276e+01,1.244602991959475524e+01,1.349197569454353562e+01,1.477034951831700305e+01,1.628114813930262628e+01,1.802436704270850498e+01,2.000000000000000000e+01
1.061832401225932365e+01,1.073414872182492452e+01,1.108162285052172535e+01,1.166074577406574164e+01,1.247151644892328015e+01,1.351393328115921122e+01,1.478799396738978267e+01,1.629369526697313120e+01,1.803103268034989171e+01,2.000000000000000000e+01
1.064997708444087721e+01,1.076541101011062551e+01,1.111171278711987043e+01,1.168888179329090171e+01,1.249691698861081690e+01,1.353581678452228232e+01,1.480557888541295952e+01,1.630620006157464630e+01,1.803767582862912278e+01,2.000000000000000000e+01
1.068152336152773252e+01,1.079656782177722363e+01,1.114170120252569163e+01,1.171692288369459689e+01,1.252223182877995100e+01,1.355762645458407079e+01,1.482310447323982316e+01,1.631866266593576498e+01,1.804429656342361454e+01,2.000000000000000000e+01
1.071296320383851786e+01,1.082761951269490375e+01,1.117158843926405964e+01,1.174486936555953775e+01,1.254746125857441719e+01,1.357936254045259084e+01,1.484057093104599367e+01,1.633108322240319055e+01,1.805089496035478192e+01,2.000000000000000000e+01
1.074429697047616550e+01,1.085856643753317563e+01,1.120137483870420070e+01,1.177272155808782550e+01,1.257260556616240343e+01,1.360102529039538055e+01,1.485797845833172204e+01,1.634346187284335983e+01,1.805747109478890522e+01,2.000000000000000000e+01
1.077552501933203111e+01,1.088940894976491869e+01,1.123106074106357966e+01,1.180047977940459702e+01,1.259766503873984078e+01,1.362261495184234761e+01,1.487532725392416033e+01,1.635579875864405963e+01,1.806402504183797220e+01,2.000000000000000000e+01
1.080664770708996514e+01,1.092014740167042497e+01,1.126064648541180091e+01,1.182814434656166469e+01,1.262263996253368425e+01,1.364413177138858835e+01,1.489261751597963190e+01,1.636809402071605390e+01,1.807055687636055197e+01,2.000000000000000000e+01
1.083766538923040379e+01,1.095078214434142261e+01,1.129013240967447551e+01,1.185571557554113120e+01,1.264753062280518137e+01,1.366557599479721219e+01,1.490984944198589801e+01,1.638034779949467534e+01,1.807706667296265834e+01,2.000000000000000000e+01
1.086857842003441732e+01,1.098131352768508151e+01,1.131951885063707586e+01,1.188319378125900094e+01,1.267233730385313528e+01,1.368694786700213228e+01,1.492702322876441023e+01,1.639256023494144188e+01,1.808355450599858116e+01,2.000000000000000000e+01
1.089938715258776192e+01,1.101174190042801904e+01,1.134880614394879039e+01,1.191057927756877888e+01,1.269706028901714134e+01,1.370824763211088460e+01,1.494413907247256112e+01,1.640473146654565895e+01,1.809002044957173894e+01,2.000000000000000000e+01
1.093009193878490670e+01,1.104206761012026838e+01,1.137799462412635521e+01,1.193787237726505346e+01,1.272169986068083247e+01,1.372947553340740257e+01,1.496119716860592597e+01,1.641686163332600046e+01,1.809646457753553861e+01,2.000000000000000000e+01
1.096069312933305717e+01,1.107229100313926118e+01,1.140708462455787142e+01,1.196507339208706355e+01,1.274625630027510503e+01,1.375063181335480067e+01,1.497819771200048855e+01,1.642895087383210040e+01,1.810288696349421755e+01,2.000000000000000000e+01
1.099119107375616444e+01,1.110241242469377809e+01,1.143607647750661549e+01,1.199218263272226892e+01,1.277072988828132161e+01,1.377171671359813487e+01,1.499514089683487583e+01,1.644099932614614090e+01,1.810928768080366069e+01,2.000000000000000000e+01
1.102158612039890784e+01,1.113243221882788880e+01,1.146497051411482992e+01,1.201920040880989227e+01,1.279512090423452975e+01,1.379273047496717730e+01,1.501202691663256594e+01,1.645300712788441899e+01,1.811566680257227446e+01,2.000000000000000000e+01
1.105187861643068459e+01,1.116235072842489195e+01,1.149376706440751406e+01,1.204612702894446130e+01,1.281942962672664521e+01,1.381367333747915183e+01,1.502885596426410686e+01,1.646497441619893110e+01,1.812202440166178974e+01,2.000000000000000000e+01
1.108206890784956222e+01,1.119216829521121959e+01,1.152246645729618812e+01,1.207296280067932237e+01,1.284365633340963342e+01,1.383454554034149098e+01,1.504562823194931731e+01,1.647690132777893623e+01,1.812836055068811092e+01,2.000000000000000000e+01
1.111215733948624695e+01,1.122188525976034690e+01,1.155106902058264673e+01,1.209970803053016830e+01,1.286780130099868558e+01,1.385534732195455199e+01,1.506234391125948058e+01,1.648878799885250857e+01,1.813467532202215438e+01,2.000000000000000000e+01
1.114214425500800587e+01,1.125150196149668247e+01,1.157957508096270871e+01,1.212636302397852717e+01,1.289186480527537704e+01,1.387607891991435594e+01,1.507900319311953297e+01,1.650063456518810057e+01,1.814096878779064426e+01,2.000000000000000000e+01
1.117202999692260157e+01,1.128101873869943716e+01,1.160798496402994751e+01,1.215292808547525460e+01,1.291584712109082034e+01,1.389674057101528248e+01,1.509560626781024517e+01,1.651244116209609558e+01,1.814724101987695803e+01,2.000000000000000000e+01
1.120181490658219836e+01,1.131043592850650015e+01,1.163629899427940728e+01,1.217940351844401725e+01,1.293974852236879514e+01,1.391733251125279658e+01,1.511215332497039299e+01,1.652420792443034259e+01,1.815349208992195074e+01,2.000000000000000000e+01
1.123149932418726671e+01,1.133975386691827758e+01,1.166451749511131197e+01,1.220578962528475131e+01,1.296356928210888881e+01,1.393785497582612365e+01,1.512864455359892268e+01,1.653593498658970873e+01,1.815972206932476851e+01,2.000000000000000000e+01
1.126108358879046811e+01,1.136897288880154022e+01,1.169264078883475655e+01,1.223208670737711934e+01,1.298730967238960687e+01,1.395830819914094612e+01,1.514508014205711639e+01,1.654762248251960699e+01,1.816593102924365510e+01,2.000000000000000000e+01
1.129056803830052758e+01,1.139809332789324259e+01,1.172066919667138940e+01,1.225829506508394751e+01,1.301096996437148157e+01,1.397869241481208746e+01,1.516146027807074681e+01,1.655927054571353807e+01,1.817211904059677252e+01,2.000000000000000000e+01
1.131995300948609007e+01,1.142711551680433679e+01,1.174860303875908052e+01,1.228441499775466461e+01,1.303455042830017163e+01,1.399900785566616435e+01,1.517778514873220352e+01,1.657087930921459673e+01,1.817828617406301817e+01,2.000000000000000000e+01
1.134923883797956456e+01,1.145603978702357040e+01,1.177644263415558612e+01,1.231044680372871980e+01,1.305805133350954783e+01,1.401925475374425645e+01,1.519405494050264238e+01,1.658244890561699592e+01,1.818443250008280998e+01,2.000000000000000000e+01
1.137842585828096453e+01,1.148486646892126828e+01,1.180418830084217596e+01,1.233639078033898073e+01,1.308147294842476605e+01,1.403943334030455148e+01,1.521026983921411535e+01,1.659397946706760152e+01,1.819055808885891778e+01,2.000000000000000000e+01
1.140751440376173598e+01,1.151359589175312159e+01,1.183184035572728199e+01,1.236224722391514419e+01,1.310481554056534037e+01,1.405954384582499728e+01,1.522643003007169327e+01,1.660547112526740676e+01,1.819666301035724842e+01,2.000000000000000000e+01
1.143650480666853220e+01,1.154222838366392700e+01,1.185939911465010788e+01,1.238801642978710760e+01,1.312807937654819135e+01,1.407958650000591838e+01,1.524253569765557437e+01,1.661692401147307052e+01,1.820274733430764869e+01,2.000000000000000000e+01
1.146539739812705783e+01,1.157076427169135258e+01,1.188686489238424038e+01,1.241369869228834766e+01,1.315126472209069419e+01,1.409956153177265215e+01,1.525858702592319815e+01,1.662833825649839525e+01,1.820881113020470110e+01,2.000000000000000000e+01
1.149419250814580629e+01,1.159920388176966455e+01,1.191423800264124466e+01,1.243929430475928832e+01,1.317437184201371636e+01,1.411946916927815998e+01,1.527458419821135216e+01,1.663971399071583335e+01,1.821485446730851976e+01,2.000000000000000000e+01
1.152289046561984698e+01,1.162754753873344704e+01,1.194151875807424901e+01,1.246480355955063679e+01,1.319740100024463736e+01,1.413930963990562795e+01,1.529052739723825027e+01,1.665105134405795795e+01,1.822087741464553901e+01,2.000000000000000000e+01
1.155149159833459471e+01,1.165579556632132352e+01,1.196870747028150639e+01,1.249022674802673549e+01,1.322035245982036500e+01,1.415908317027107444e+01,1.530641680510563241e+01,1.666235044601897286e+01,1.822688004100931281e+01,2.000000000000000000e+01
1.157999623296953295e+01,1.168394828717964096e+01,1.199580444980996852e+01,1.251556416056888388e+01,1.324322648289034099e+01,1.417878998622592412e+01,1.532225260330084282e+01,1.667361142565616916e+01,1.823286241496127147e+01,2.000000000000000000e+01
1.160840469510195305e+01,1.171200602286616999e+01,1.202281000615882256e+01,1.254081608657865843e+01,1.326602333071953943e+01,1.419843031285960677e+01,1.533803497269890137e+01,1.668483441159141378e+01,1.823882460483154233e+01,2.000000000000000000e+01
1.163671730921067571e+01,1.173996909385376419e+01,1.204972444778302609e+01,1.256598281448121668e+01,1.328874326369143688e+01,1.421800437450210808e+01,1.535376409356456584e+01,1.669601953201261324e+01,1.824476667871970648e+01,2.000000000000000000e+01
1.166493439867975468e+01,1.176783781953402475e+01,1.207654808209683672e+01,1.259106463172858881e+01,1.331138654131100374e+01,1.423751239472654362e+01,1.536944014555439253e+01,1.670716691467517379e+01,1.825068870449557679e+01,2.000000000000000000e+01
1.169305628580216450e+01,1.179561251822095258e+01,1.210328121547731506e+01,1.261606182480296567e+01,1.333395342220765301e+01,1.425695459635171325e+01,1.538506330771880037e+01,1.671827668690346869e+01,1.825659074979998664e+01,2.000000000000000000e+01
1.172108329178349884e+01,1.182329350715458283e+01,1.212992415326783657e+01,1.264097467921997264e+01,1.335644416413821034e+01,1.427633120144464307e+01,1.540063375850409599e+01,1.672934897559228062e+01,1.826247288204554664e+01,2.000000000000000000e+01
1.174901573674561206e+01,1.185088110250459970e+01,1.215647719978156083e+01,1.266580347953191676e+01,1.337885902398984150e+01,1.429564243132311674e+01,1.541615167575452539e+01,1.674038390720827252e+01,1.826833516841742622e+01,2.000000000000000000e+01
1.177685393973030692e+01,1.187837561937396202e+01,1.218294065830492734e+01,1.269054850933105705e+01,1.340119825778299933e+01,1.431488850655821388e+01,1.543161723671429897e+01,1.675138160779140506e+01,1.827417767587412101e+01,2.000000000000000000e+01
1.180459821870295478e+01,1.190577737180249152e+01,1.220931483110110349e+01,1.271521005125282677e+01,1.342346212067434053e+01,1.433406964697681651e+01,1.544703061802961841e+01,1.676234220295639332e+01,1.828000047114820248e+01,2.000000000000000000e+01
1.183224889055613716e+01,1.193308667277046453e+01,1.223560001941344488e+01,1.273978838697907356e+01,1.344565086695964240e+01,1.435318607166413685e+01,1.546239199575069989e+01,1.677326581789413851e+01,1.828580362074709953e+01,2.000000000000000000e+01
1.185980627111326235e+01,1.196030383420218079e+01,1.226179652346893612e+01,1.276428379724126749e+01,1.346776475007670548e+01,1.437223799896620235e+01,1.547770154533377074e+01,1.678415257737316324e+01,1.829158719095385521e+01,2.000000000000000000e+01
1.188727067513218039e+01,1.198742916696953920e+01,1.228790464248161385e+01,1.278869656182371273e+01,1.348980402260825429e+01,1.439122564649236047e+01,1.549295944164309091e+01,1.679500260574101844e+01,1.829735124782786571e+01,2.000000000000000000e+01
1.191464241630876053e+01,1.201446298089557096e+01,1.231392467465599694e+01,1.281302695956674498e+01,1.351176893628481679e+01,1.441014923111776191e+01,1.550816585895293542e+01,1.680581602692572574e+01,1.830309585720565480e+01,2.000000000000000000e+01
1.194192180728050090e+01,1.204140558475799594e+01,1.233985691719048106e+01,1.283727526836990940e+01,1.353365974198759858e+01,1.442900896898583518e+01,1.552332097094959273e+01,1.681659296443717722e+01,1.830882108470161995e+01,2.000000000000000000e+01
1.196910915963007049e+01,1.206825728629273620e+01,1.236570166628073331e+01,1.286144176519514026e+01,1.355547668975135522e+01,1.444780507551075921e+01,1.553842495073335073e+01,1.682733354136856008e+01,1.831452699570878551e+01,2.000000000000000000e+01
1.199620478388888678e+01,1.209501839219743680e+01,1.239145921712308329e+01,1.288552672606992644e+01,1.357722002876723977e+01,1.446653776537991654e+01,1.555347797082046135e+01,1.683803788039774219e+01,1.832021365539952740e+01,2.000000000000000000e+01
1.202320898954066308e+01,1.212168920813496875e+01,1.241712986391788931e+01,1.290953042609045553e+01,1.359889000738565379e+01,1.448520725255635710e+01,1.556848020314512837e+01,1.684870610378868960e+01,1.832588112872634767e+01,2.000000000000000000e+01
1.205012208502492932e+01,1.214827003873692135e+01,1.244271389987289567e+01,1.293345313942476693e+01,1.362048687311908601e+01,1.450381375028123188e+01,1.558343181906145425e+01,1.685933833339286636e+01,1.833152948042260633e+01,2.000000000000000000e+01
1.207694437774056873e+01,1.217476118760707493e+01,1.246821161720659354e+01,1.295729513931586929e+01,1.364201087264493317e+01,1.452235747107623354e+01,1.559833298934541368e+01,1.686993469065061646e+01,1.833715877500324964e+01,2.000000000000000000e+01
1.210367617404931906e+01,1.220116295732487544e+01,1.249362330715154279e+01,1.298105669808488116e+01,1.366346225180832441e+01,1.454083862674602123e+01,1.561318388419679160e+01,1.688049529659254588e+01,1.834276907676555624e+01,2.000000000000000000e+01
1.213031777927928090e+01,1.222747564944888943e+01,1.251894925995771324e+01,1.300473808713412005e+01,1.368484125562492082e+01,1.455925742838063996e+01,1.562798467324113361e+01,1.689102027184091170e+01,1.834836044978987601e+01,2.000000000000000000e+01
1.215686949772839931e+01,1.225369956452024667e+01,1.254418976489578874e+01,1.302833957695021994e+01,1.370614812828372564e+01,1.457761408635793821e+01,1.564273552553167512e+01,1.690150973661101119e+01,1.835393295794035495e+01,2.000000000000000000e+01
1.218333163266794195e+01,1.227983500206607559e+01,1.256934511026047652e+01,1.305186143710720792e+01,1.372738311314986248e+01,1.459590881034596066e+01,1.565743660955128647e+01,1.691196381071253185e+01,1.835948666486565628e+01,2.000000000000000000e+01
1.220970448634596295e+01,1.230588226060292278e+01,1.259441558337380052e+01,1.307530393626958620e+01,1.374854645276735710e+01,1.461414180930534812e+01,1.567208809321438956e+01,1.692238261355095119e+01,1.836502163399971366e+01,2.000000000000000000e+01
1.223598835999074730e+01,1.233184163764015473e+01,1.261940147058837702e+01,1.309866734219541229e+01,1.376963838886191382e+01,1.463231329149172311e+01,1.568669014386886573e+01,1.693276626412885832e+01,1.837053792856243106e+01,2.000000000000000000e+01
1.226218355381426584e+01,1.235771342968337372e+01,1.264430305729069737e+01,1.312195192173933833e+01,1.379065916234367428e+01,1.465042346445807198e+01,1.570124292829799018e+01,1.694311488104735375e+01,1.837603561156041110e+01,2.000000000000000000e+01
1.228829036701559119e+01,1.238349793223778761e+01,1.266912062790437332e+01,1.314515794085567535e+01,1.381160901330996005e+01,1.466847253505710924e+01,1.571574661272231310e+01,1.695342858250737805e+01,1.838151474578767974e+01,2.000000000000000000e+01
1.231430909778432969e+01,1.240919543981159734e+01,1.269385446589340027e+01,1.316828566460142369e+01,1.383248818104802957e+01,1.468646070944364723e+01,1.573020136280157466e+01,1.696370748631107261e+01,1.838697539382639334e+01,2.000000000000000000e+01
1.234024004330400714e+01,1.243480624591935069e+01,1.271850485376537776e+01,1.319133535713929994e+01,1.385329690403780312e+01,1.470438819307694978e+01,1.574460734363659320e+01,1.697395170986312607e+01,1.839241761804758113e+01,2.000000000000000000e+01
1.236608349975548116e+01,1.246033064308529958e+01,1.274307207307475487e+01,1.321430728174075675e+01,1.387403541995458234e+01,1.472225519072306987e+01,1.575896471977114466e+01,1.698416137017211014e+01,1.839784148061181668e+01,2.000000000000000000e+01
1.239183976232031625e+01,1.248576892284674500e+01,1.276755640442603301e+01,1.323720170078898484e+01,1.389470396567177524e+01,1.474006190645719983e+01,1.577327365519384550e+01,1.699433658385181189e+01,1.840324704346995333e+01,2.000000000000000000e+01
1.241750912518415362e+01,1.251112137575735872e+01,1.279195812747697403e+01,1.326001887578191685e+01,1.391530277726359444e+01,1.475780854366599648e+01,1.578753431334003743e+01,1.700447746712259089e+01,1.840863436836383471e+01,2.000000000000000000e+01
1.244309188154007728e+01,1.253638829139050692e+01,1.281627752094179584e+01,1.328275906733520806e+01,1.393583209000775724e+01,1.477549530504990294e+01,1.580174685709362770e+01,1.701458413581266882e+01,1.841400351682698400e+01,2.000000000000000000e+01
1.246858832359196434e+01,1.256156995834256129e+01,1.284051486259435748e+01,1.330542253518522422e+01,1.395629213838816796e+01,1.479312239262546846e+01,1.581591144878898092e+01,1.702465670535947950e+01,1.841935455018531442e+01,2.000000000000000000e+01
1.249399874255780141e+01,1.258666666423618352e+01,1.286467042927132631e+01,1.332800953819199030e+01,1.397668315609760548e+01,1.481069000772765598e+01,1.583002825021274163e+01,1.703469529081097633e+01,1.842468752955783629e+01,2.000000000000000000e+01
1.251932342867304904e+01,1.261167869572362399e+01,1.288874449687534884e+01,1.335052033434216057e+01,1.399700537604038253e+01,1.482819835101213179e+01,1.584409742260571363e+01,1.704470000682695741e+01,1.843000251585734262e+01,2.000000000000000000e+01
1.254456267119391732e+01,1.263660633848998671e+01,1.291273734037819132e+01,1.337295518075196199e+01,1.401725903033501375e+01,1.484564762245757663e+01,1.585811912666467904e+01,1.705467096768035518e+01,1.843529956979111617e+01,2.000000000000000000e+01
1.256971675840070191e+01,1.266144987725649784e+01,1.293664923382388920e+01,1.339531433367013413e+01,1.403744435031685889e+01,1.486303802136794516e+01,1.587209352254423855e+01,1.706460828725855805e+01,1.844057875186161510e+01,2.000000000000000000e+01
1.259478597760104890e+01,1.268620959578375462e+01,1.296048045033187535e+01,1.341759804848084592e+01,1.405756156654077138e+01,1.488036974637476462e+01,1.588602076985864997e+01,1.707451207906471780e+01,1.844584012236716575e+01,2.000000000000000000e+01
1.261977061513325538e+01,1.271088577687496368e+01,1.298423126210009038e+01,1.343980657970662307e+01,1.407761090878373089e+01,1.489764299543938897e+01,1.589990102768363656e+01,1.708438245621902141e+01,1.845108374140266250e+01,2.000000000000000000e+01
