6.207295634943991308e-02,8.595307385190078531e-01,3.251904085027711666e+00,7.239210394814217686e+00,1.282157755442840319e+01,2.000000000000000000e+01
1.243438860608588464e-01,9.192608959893746601e-01,3.304011925774922087e+00,7.278649565716722947e+00,1.284346578765433300e+01,2.000000000000000000e+01
1.867836652512679940e-01,9.791625156597840718e-01,3.356299066885332305e+00,7.318293099383930134e+00,1.286559214546663732e+01,2.000000000000000000e+01
2.493657822705107885e-01,1.039209757643614340e+00,3.408741683762924968e+00,7.358113662996385251e+00,1.288790128278148117e+01,2.000000000000000000e+01
3.120658796485535902e-01,1.099378535177425009e+00,3.461316501764039266e+00,7.398083518775867340e+00,1.291035029846156235e+01,2.000000000000000000e+01
3.748613598902066357e-01,1.159646248385015621e+00,3.514000913869442577e+00,7.438175916655509923e+00,1.293290541775404101e+01,2.000000000000000000e+01
4.377310872094191119e-01,1.219991603607338826e+00,3.566773152801097968e+00,7.478365809371500639e+00,1.295553965710067423e+01,2.000000000000000000e+01
5.006551802824737996e-01,1.280394497860841252e+00,3.619612450595943720e+00,7.518630164528729232e+00,1.297823116128191856e+01,2.000000000000000000e+01
5.636148775837135361e-01,1.340835948049095672e+00,3.672499159445242078e+00,7.558948042560336589e+00,1.300096200488163412e+01,2.000000000000000000e+01
6.265924546124398420e-01,1.401298047986229145e+00,3.725414828107596943e+00,7.599300543823388487e+00,1.302371731750029582e+01,2.000000000000000000e+01
6.895711748503838834e-01,1.461763940540552920e+00,3.778342237611060028e+00,7.639670687307935637e+00,1.304648463699047589e+01,2.000000000000000000e+01
7.525352603371473492e-01,1.522217796131239309e+00,3.831265403513515189e+00,7.680043258206843859e+00,1.306925342499704534e+01,2.000000000000000000e+01
8.154698717892977511e-01,1.582644791996752121e+00,3.884169552619115340e+00,7.720404646048150354e+00,1.309201469929863393e+01,2.000000000000000000e+01
8.783610916040350824e-01,1.643031089040243975e+00,3.937041081348870541e+00,7.760742685577155520e+00,1.311476075115920814e+01,2.000000000000000000e+01
9.411959057218043379e-01,1.703363804735221976e+00,3.989867501775474778e+00,7.801046506810388692e+00,1.313748492526927869e+01,2.000000000000000000e+01
1.003962182221873389e+00,1.763630981684871646e+00,4.042637380073866638e+00,7.841306397242541415e+00,1.316018144630991138e+01,2.000000000000000000e+01
1.066648645816505869e+00,1.823821552111762667e+00,4.095340270997533061e+00,7.881513677180297606e+00,1.318284528065372285e+01,2.000000000000000000e+01
1.129244848233220688e+00,1.883925298933319503e+00,4.147966651033615726e+00,7.921660588048434093e+00,1.320547202485482607e+01,2.000000000000000000e+01
1.191741134957685411e+00,1.943932814249539565e+00,4.200507852125102026e+00,7.961740192917764247e+00,1.322805781479645759e+01,2.000000000000000000e+01
1.254128609055898957e+00,2.003835456106183965e+00,4.252955997257038767e+00,8.001746288226774695e+00,1.325059925094536162e+01,2.000000000000000000e+01
1.316399092883276722e+00,2.063625304351870859e+00,4.305303938757653270e+00,8.041673325576661924e+00,1.327309333629927401e+01,2.000000000000000000e+01
1.378545088478625003e+00,2.123295116317902576e+00,4.357545199835735517e+00,8.081516342491358529e+00,1.329553742444009856e+01,2.000000000000000000e+01
1.440559737374251137e+00,2.182838282939850938e+00,4.409673919636650119e+00,8.121270901101029338e+00,1.331792917571144841e+01,2.000000000000000000e+01
1.502436780457673704e+00,2.242248785825602830e+00,4.461684801929390431e+00,8.160933033799549818e+00,1.334026651998815538e+01,2.000000000000000000e+01
1.564170518414110367e+00,2.301521155665267937e+00,4.513573067418740870e+00,8.200499195027008525e+00,1.336254762484104752e+01,2.000000000000000000e+01
1.625755773173517715e+00,2.360650432279240540e+00,4.565334409596409238e+00,8.239966218427127842e+00,1.338477086815379202e+01,2.000000000000000000e+01
1.687187850688134816e+00,2.419632126514263959e+00,4.616964953992651388e+00,8.279331278722224852e+00,1.340693481444170487e+01,2.000000000000000000e+01
1.748462505279578361e+00,2.478462184124090140e+00,4.668461220657625255e+00,8.318591857732199557e+00,1.342903819427102086e+01,2.000000000000000000e+01
1.809575905719889910e+00,2.537136951710867283e+00,4.719820089683799402e+00,8.357745714038623319e+00,1.345107988629223073e+01,2.000000000000000000e+01
1.870524603148493448e+00,2.595653144754591413e+00,4.771038769572885307e+00,8.396790855860334801e+00,1.347305890149129226e+01,2.000000000000000000e+01
1.931305500876032921e+00,2.654007817719494788e+00,4.822114768249880612e+00,8.435725516763815435e+00,1.349497436933355310e+01,2.000000000000000000e+01
1.991915826085346675e+00,2.712198336196678827e+00,4.873045866530675063e+00,8.474548133880695389e+00,1.351682552553173267e+01,2.000000000000000000e+01
2.052353103408084856e+00,2.770222351020224405e+00,4.923830093856643053e+00,8.513257328347100028e+00,1.353861170121443536e+01,2.000000000000000000e+01
2.112615130331354063e+00,2.828077774278143774e+00,4.974465706118512465e+00,8.551851887716001244e+00,1.356033231330822808e+01,2.000000000000000000e+01
2.172699954371028142e+00,2.885762757128728317e+00,5.024951165401828845e+00,8.590330750124982373e+00,1.358198685597577615e+01,2.000000000000000000e+01
2.232605851935855146e+00,2.943275669326104627e+00,5.075285121496853513e+00,8.628692990028859811e+00,1.360357489297677347e+01,2.000000000000000000e+01
2.292331308798213563e+00,3.000615080355258257e+00,5.125466395026392341e+00,8.666937805329787636e+00,1.362509605083815423e+01,2.000000000000000000e+01
2.351875002082470356e+00,3.057779742075743989e+00,5.175493962055564445e+00,8.705064505757487581e+00,1.364655001273658463e+01,2.000000000000000000e+01
2.411235783679652744e+00,3.114768572774159860e+00,5.225366940057680765e+00,8.743072502369592769e+00,1.366793651300976542e+01,2.000000000000000000e+01
2.470412664996936680e+00,3.171580642527737304e+00,5.275084575120139618e+00,8.780961298057114561e+00,1.368925533222453872e+01,2.000000000000000000e+01
2.529404802951805475e+00,3.228215159784710853e+00,5.324646230283427428e+00,8.818730478953057172e+00,1.371050629273930177e+01,2.000000000000000000e+01
2.588211487123210919e+00,3.284671459071155208e+00,5.374051374914987633e+00,8.856379706653603634e+00,1.373168925470639579e+01,2.000000000000000000e+01
2.646832127975385696e+00,3.340948989738480979e+00,5.423299575027766828e+00,8.893908711171212289e+00,1.375280411246689027e+01,2.000000000000000000e+01
2.705266246073782188e+00,3.397047305670534811e+00,5.472390484460793125e+00,8.931317284547658275e+00,1.377385079129613565e+01,2.000000000000000000e+01
2.763513462216868444e+00,3.452966055874171047e+00,5.521323836846078414e+00,8.968605275062721205e+00,1.379482924446337044e+01,2.000000000000000000e+01
2.821573488411862396e+00,3.508704975882046107e+00,5.570099438292598570e+00,9.005772581980941993e+00,1.381573945057302666e+01,2.000000000000000000e+01
2.879446119626986711e+00,3.564263879901245158e+00,5.618717160724020943e+00,9.042819150784801252e+00,1.383658141115908968e+01,2.000000000000000000e+01
2.937131226257270189e+00,3.619642653646031771e+00,5.667176935812315186e+00,9.079744968847979436e+00,1.385735514850708228e+01,2.000000000000000000e+01
2.994628747245245304e+00,3.674841247797535626e+00,5.715478749454406149e+00,9.116550061506982772e+00,1.387806070368105793e+01,2.000000000000000000e+01
3.051938683802136065e+00,3.729859672037510787e+00,5.763622636743635397e+00,9.153234488493620091e+00,1.389869813473542237e+01,2.000000000000000000e+01
3.109061093679155618e+00,3.784697989607365365e+00,5.811608677391995492e+00,9.189798340694483869e+00,1.391926751509360294e+01,2.000000000000000000e+01
3.165996085942358373e+00,3.839356312347518507e+00,5.859436991563000241e+00,9.226241737206928306e+00,1.393976893207739387e+01,2.000000000000000000e+01
3.222743816208115675e+00,3.893834796175726254e+00,5.907107736078557103e+00,9.262564822663962971e+00,1.396020248557255705e+01,2.000000000000000000e+01
3.279304482299720380e+00,3.948133636966405735e+00,5.954621100966461356e+00,9.298767764803168134e+00,1.398056828681769836e+01,2.000000000000000000e+01
3.335678320288752996e+00,4.002253066796082948e+00,6.001977306318073246e+00,9.334850752257082718e+00,1.400086645730470991e+01,2.000000000000000000e+01
3.391865600887886689e+00,4.056193350523028762e+00,6.049176599428454537e+00,9.370813992544688276e+00,1.402109712778030293e+01,2.000000000000000000e+01
3.447866626164504567e+00,4.109954782671796814e+00,6.096219252193672666e+00,9.406657710245518444e+00,1.404126043733916340e+01,2.000000000000000000e+01
3.503681726547095199e+00,4.163537684595889132e+00,6.143105558742269601e+00,9.442382145339662358e+00,1.406135653260014529e+01,2.000000000000000000e+01
3.559311258098754038e+00,4.216942401894040238e+00,6.189835833279898836e+00,9.477987551698483060e+00,1.408138556695783095e+01,2.000000000000000000e+01
3.614755600034289085e+00,4.270169302057727378e+00,6.236410408128042704e+00,9.513474195712310788e+00,1.410134769990244230e+01,2.000000000000000000e+01
3.670015152459452423e+00,4.323218772329441073e+00,6.282829631939407911e+00,9.548842355042619801e+00,1.412124309640181963e+01,2.000000000000000000e+01
3.725090334312670226e+00,4.376091217753036666e+00,6.329093868074134654e+00,9.584092317487362678e+00,1.414107192633974286e+01,2.000000000000000000e+01
3.779981581491325127e+00,4.428787059399099668e+00,6.375203493122423737e+00,9.619224379949192993e+00,1.416083436400542261e+01,2.000000000000000000e+01
3.834689345146220507e+00,4.481306732749768429e+00,6.421158895560411750e+00,9.654238847497211395e+00,1.418053058762948382e+01,2.000000000000000000e+01
3.889214090129293311e+00,4.533650686228805959e+00,6.466960474527344793e+00,9.689136032513781416e+00,1.420016077896218221e+01,2.000000000000000000e+01
3.943556293580916527e+00,4.585819379863979250e+00,6.512608638713167863e+00,9.723916253918698516e+00,1.421972512289000257e+01,2.000000000000000000e+01
3.997716443644375506e+00,4.637813284069932429e+00,6.558103805346602755e+00,9.758579836463697532e+00,1.423922380708714464e+01,2.000000000000000000e+01
4.051695038296159623e+00,4.689632878540790806e+00,6.603446399274683465e+00,9.793127110090956933e+00,1.425865702169871874e+01,2.000000000000000000e+01
4.105492584281734025e+00,4.741278651242688547e+00,6.648636852125551222e+00,9.827558409349800073e+00,1.427802495905277880e+01,2.000000000000000000e+01
4.159109596147373189e+00,4.792751097497283119e+00,6.693675601547012022e+00,9.861874072866340768e+00,1.429732781339855308e+01,2.000000000000000000e+01
4.212546595359451196e+00,4.844050719148100370e+00,6.738563090514047893e+00,9.896074442861293008e+00,1.431656578066853847e+01,2.000000000000000000e+01
4.265804109503371855e+00,4.895178023802305489e+00,6.783299766699107280e+00,9.930159864711592732e+00,1.433573905826224149e+01,2.000000000000000000e+01
4.318882671555008379e+00,4.946133524141129278e+00,6.827886081899491977e+00,9.964130686551881055e+00,1.435484784484965282e+01,2.000000000000000000e+01
4.371782819218156924e+00,4.996917737292803530e+00,6.872322491516745124e+00,9.997987258912248265e+00,1.437389234019266304e+01,2.000000000000000000e+01
4.424505094322067400e+00,5.047531184262386894e+00,6.916609454083344488e+00,1.003172993438897898e+01,1.439287274498275337e+01,2.000000000000000000e+01
4.477050042273702068e+00,5.097974389413390206e+00,6.960747430832453730e+00,1.006535906734531416e+01,1.441178926069356869e+01,2.000000000000000000e+01
4.529418211559772089e+00,5.148247879996543652e+00,7.004736885306858341e+00,1.009887501363952467e+01,1.443064208944694293e+01,2.000000000000000000e+01
4.581610153294112031e+00,5.198352185721475394e+00,7.048578283003563705e+00,1.013227813037783775e+01,1.444943143389123819e+01,2.000000000000000000e+01
4.633626420806312041e+00,5.248287838367445168e+00,7.092272091050844551e+00,1.016556877568997663e+01,1.446815749709082866e+01,2.000000000000000000e+01
4.685467569267900423e+00,5.298055371429632565e+00,7.135818777914828104e+00,1.019874730852527023e+01,1.448682048242575604e+01,2.000000000000000000e+01
4.737134155352710430e+00,5.347655319797773643e+00,7.179218813132964172e+00,1.023181408846749996e+01,1.450542059350063795e+01,2.000000000000000000e+01
4.788626736928354610e+00,5.397088219464250436e+00,7.222472667071938801e+00,1.026476947556675512e+01,1.452395803406196784e+01,2.000000000000000000e+01
4.839945872776013402e+00,5.446354607258975911e+00,7.265580810707863435e+00,1.029761383018680831e+01,1.454243300792308702e+01,2.000000000000000000e+01
4.891092122335996883e+00,5.495455020608673635e+00,7.308543715426703891e+00,1.033034751286659336e+01,1.456084571889610757e+01,2.000000000000000000e+01
4.942066045476752656e+00,5.544389997318353025e+00,7.351361852843155908e+00,1.036297088419450318e+01,1.457919637073017327e+01,2.000000000000000000e+01
4.992868202285213108e+00,5.593160075372982654e+00,7.394035694636290401e+00,1.039548430469437790e+01,1.459748516705548305e+01,2.000000000000000000e+01
5.043499152876584901e+00,5.641765792757552411e+00,7.436565712400455830e+00,1.042788813472211196e+01,1.461571231133256354e+01,2.000000000000000000e+01
5.093959457221788334e+00,5.690207687293860950e+00,7.478952377510077909e+00,1.046018273437193180e+01,1.463387800680630946e+01,2.000000000000000000e+01
5.144249674991006493e+00,5.738486296492530947e+00,7.521196160997103419e+00,1.049236846339147178e+01,1.465198245646435993e+01,2.000000000000000000e+01
5.194370365411853818e+00,5.786602157418872849e+00,7.563297533439930831e+00,1.052444568110484724e+01,1.467002586299943268e+01,2.000000000000000000e+01
5.244322087140876221e+00,5.834555806571362524e+00,7.605256964862820546e+00,1.055641474634301424e+01,1.468800842877524460e+01,2.000000000000000000e+01
5.294105398147175734e+00,5.882347779771587071e+00,7.647074924644821081e+00,1.058827601738076929e+01,1.470593035579571684e+01,2.000000000000000000e+01
5.343720855607046794e+00,5.929978612064624954e+00,7.688751881437357660e+00,1.062002985187975312e+01,1.472379184567713040e+01,2.000000000000000000e+01
5.393169015808673805e+00,5.977448837628934086e+00,7.730288303089713153e+00,1.065167660683695772e+01,1.474159309962301023e+01,2.000000000000000000e+01
5.442450434065938758e+00,6.024758989694873001e+00,7.771684656581676620e+00,1.068321663853822301e+01,1.475933431840145893e+01,2.000000000000000000e+01
5.491565664640549294e+00,6.071909600471092183e+00,7.812941407962723517e+00,1.071465030251626871e+01,1.477701570232474104e+01,2.000000000000000000e+01
5.540515260671727837e+00,6.118901201078077001e+00,7.854059022297123605e+00,1.074597795351285967e+01,1.479463745123088003e+01,2.000000000000000000e+01
5.589299774112778785e+00,6.165734321488200997e+00,7.895037963614466747e+00,1.077719994544473714e+01,1.481219976446715059e+01,2.000000000000000000e+01
5.637919755673908462e+00,6.212409490471705098e+00,7.935878694865095007e+00,1.080831663137296061e+01,1.482970284087521584e+01,2.000000000000000000e+01
5.686375754770743640e+00,6.258927235548060075e+00,7.976581677880009380e+00,1.083932836347535478e+01,1.484714687877782957e+01,2.000000000000000000e+01
5.734668319478031684e+00,6.305288082942232641e+00,8.017147373334836402e+00,1.087023549302180037e+01,1.486453207596691506e+01,2.000000000000000000e+01
5.782797996488049819e+00,6.351492557545414641e+00,8.057576240717510885e+00,1.090103837035210077e+01,1.488185862969292117e+01,2.000000000000000000e+01
5.830765331073301638e+00,6.397541182879805888e+00,8.097868738299318636e+00,1.093173734485617032e+01,1.489912673665532417e+01,2.000000000000000000e+01
5.878570867053118043e+00,6.443434481067087383e+00,8.138025323108996290e+00,1.096233276495636311e+01,1.491633659299419534e+01,2.000000000000000000e+01
5.926215146763794905e+00,6.489172972800250072e+00,8.178046450909617349e+00,1.099282497809175219e+01,1.493348839428271368e+01,2.000000000000000000e+01
5.973698711031971698e+00,6.534757177318482491e+00,8.217932576178016646e+00,1.102321433070414791e+01,1.495058233552054006e+01,2.000000000000000000e+01
6.021022099150928675e+00,6.580187612384825080e+00,8.257684152086516960e+00,1.105350116822572559e+01,1.496761861112799430e+01,2.000000000000000000e+01
6.068185848859566356e+00,6.625464794266362034e+00,8.297301630486751733e+00,1.108368583506811866e+01,1.498459741494093933e+01,2.000000000000000000e+01
6.115190496323800851e+00,6.670589237716696651e+00,8.336785461895386717e+00,1.111376867461282991e+01,1.500151894020632959e+01,2.000000000000000000e+01
6.162036576120175191e+00,6.715561455960527226e+00,8.376136095481582444e+00,1.114375002920283997e+01,1.501838337957834391e+01,2.000000000000000000e+01
6.208724621221473505e+00,6.760381960680112101e+00,8.415353979056030553e+00,1.117363024013532780e+01,1.503519092511505484e+01,2.000000000000000000e+01
6.255255162984152406e+00,6.805051262003466661e+00,8.454439559061409426e+00,1.120340964765536640e+01,1.505194176827559183e+01,2.000000000000000000e+01
6.301628731137452810e+00,6.849569868494129743e+00,8.493393280564159653e+00,1.123308859095054224e+01,1.506863609991776620e+01,2.000000000000000000e+01
6.347845853773986136e+00,6.893938287142349353e+00,8.532215587247439004e+00,1.126266740814637757e+01,1.508527411029606213e+01,2.000000000000000000e+01
6.393907057341721156e+00,6.938157023357575781e+00,8.570906921405137879e+00,1.129214643630251835e+01,1.510185598906004500e+01,2.000000000000000000e+01
6.439812866637208089e+00,6.982226580962128892e+00,8.609467723936891304e+00,1.132152601140958836e+01,1.511838192525305402e+01,2.000000000000000000e+01
6.485563804799913790e+00,7.026147462185925896e+00,8.647898434343959551e+00,1.135080646838666318e+01,1.513485210731123765e+01,2.000000000000000000e+01
6.531160393307616552e+00,7.069920167662197663e+00,8.686199490725940109e+00,1.137998814107930734e+01,1.515126672306283950e+01,2.000000000000000000e+01
6.576603151972714834e+00,7.113545196424081674e+00,8.724371329778181305e+00,1.140907136225811058e+01,1.516762595972774719e+01,2.000000000000000000e+01
6.621892598939385088e+00,7.157023045902011660e+00,8.762414386789890486e+00,1.143805646361770734e+01,1.518393000391726666e+01,2.000000000000000000e+01
6.667029250681520303e+00,7.200354211921845327e+00,8.800329095642819510e+00,1.146694377577618340e+01,1.520017904163409206e+01,2.000000000000000000e+01
6.712013622001356872e+00,7.243539188703648435e+00,8.838115888810524012e+00,1.149573362827488410e+01,1.521637325827247444e+01,2.000000000000000000e+01
6.756846226028737412e+00,7.286578468861076630e+00,8.875775197358096946e+00,1.152442634957857415e+01,1.523251283861856642e+01,2.000000000000000000e+01
6.801527574220957995e+00,7.329472543401312379e+00,8.913307450942376420e+00,1.155302226707588709e+01,1.524859796685088575e+01,2.000000000000000000e+01
6.846058176363129633e+00,7.372221901725479754e+00,8.950713077812528340e+00,1.158152170708007667e+01,1.526462882654096376e+01,2.000000000000000000e+01
6.890438540569014059e+00,7.414827031629521059e+00,8.987992504811042949e+00,1.160992499483001339e+01,1.528060560065408424e+01,2.000000000000000000e+01
6.934669173282283161e+00,7.457288419305472260e+00,9.025146157375042222e+00,1.163823245449142618e+01,1.529652847155015749e+01,2.000000000000000000e+01
6.978750579278186983e+00,7.499606549343110551e+00,9.062174459537882143e+00,1.166644440915834480e+01,1.531239762098468304e+01,2.000000000000000000e+01
7.022683261665555676e+00,7.541781904731930553e+00,9.099077833931056958e+00,1.169456118085473406e+01,1.532821323010981907e+01,2.000000000000000000e+01
7.066467721889122089e+00,7.583814966863425155e+00,9.135856701786334355e+00,1.172258309053630754e+01,1.534397547947552098e+01,2.000000000000000000e+01
7.110104459732139226e+00,7.625706215533635479e+00,9.172511482938123351e+00,1.175051045809248507e+01,1.535968454903076896e+01,2.000000000000000000e+01
7.153593973319259725e+00,7.667456128945956628e+00,9.209042595826048228e+00,1.177834360234850841e+01,1.537534061812486641e+01,2.000000000000000000e+01
7.196936759119641813e+00,7.709065183714154834e+00,9.245450457497693009e+00,1.180608284106766881e+01,1.539094386550877402e+01,2.000000000000000000e+01
7.240133311950276429e+00,7.750533854865589767e+00,9.281735483611532445e+00,1.183372849095364820e+01,1.540649446933653799e+01,2.000000000000000000e+01
7.283184124979501739e+00,7.791862615844624251e+00,9.317898088439994453e+00,1.186128086765298129e+01,1.542199260716674658e+01,2.000000000000000000e+01
7.326089689730696186e+00,7.833051938516191193e+00,9.353938684872678877e+00,1.188874028575758857e+01,1.543743845596402409e+01,2.000000000000000000e+01
7.368850496086122526e+00,7.874102293169507050e+00,9.389857684419661510e+00,1.191610705880740895e+01,1.545283219210057446e+01,2.000000000000000000e+01
7.411467032290914858e+00,7.915014148521923865e+00,9.425655497214950884e+00,1.194338149929310156e+01,1.546817399135777649e+01,2.000000000000000000e+01
7.453939784957190007e+00,7.955787971722895868e+00,9.461332532020014341e+00,1.197056391865880798e+01,1.548346402892778784e+01,2.000000000000000000e+01
7.496269239068269030e+00,7.996424228358051778e+00,9.496889196227401797e+00,1.199765462730499088e+01,1.549870247941518286e+01,2.000000000000000000e+01
7.538455877983011533e+00,8.036923382453368347e+00,9.532325895864438792e+00,1.202465393459130816e+01,1.551388951683862594e+01,2.000000000000000000e+01
7.580500183440222806e+00,8.077285896479420302e+00,9.567643035597011902e+00,1.205156214883955101e+01,1.552902531463255542e+01,2.000000000000000000e+01
7.622402635563162221e+00,8.117512231355718200e+00,9.602841018733386136e+00,1.207837957733660517e+01,1.554411004564890320e+01,2.000000000000000000e+01
7.664163712864101363e+00,8.157602846455100476e+00,9.637920247228098702e+00,1.210510652633747242e+01,1.555914388215881772e+01,2.000000000000000000e+01
7.705783892248967426e+00,8.197558199608200979e+00,9.672881121685900752e+00,1.213174330106830290e+01,1.557412699585439775e+01,2.000000000000000000e+01
7.747263649022027465e+00,8.237378747107953814e+00,9.707724041365732859e+00,1.215829020572947883e+01,1.558905955785046338e+01,2.000000000000000000e+01
7.788603456890631271e+00,8.277064943714160350e+00,9.742449404184746697e+00,1.218474754349870182e+01,1.560394173868631640e+01,2.000000000000000000e+01
7.829803787969990658e+00,8.316617242658082887e+00,9.777057606722356908e+00,1.221111561653412814e+01,1.561877370832752554e+01,2.000000000000000000e+01
7.870865112788003159e+00,8.356036095647082718e+00,9.811549044224321392e+00,1.223739472597748446e+01,1.563355563616770638e+01,2.000000000000000000e+01
7.911787900290107700e+00,8.395321952869293725e+00,9.845924110606850022e+00,1.226358517195724751e+01,1.564828769103031902e+01,2.000000000000000000e+01
7.952572617844168690e+00,8.434475262998308409e+00,9.880183198460729344e+00,1.228968725359179714e+01,1.566297004117046932e+01,2.000000000000000000e+01
7.993219731245381432e+00,8.473496473197903001e+00,9.914326699055468595e+00,1.231570126899260842e+01,1.567760285427671896e+01,2.000000000000000000e+01
8.033729704721205067e+00,8.512386029126769671e+00,9.948355002343465259e+00,1.234162751526743129e+01,1.569218629747288674e+01,2.000000000000000000e+01
8.074103000936299068e+00,8.551144374943268289e+00,9.982268496964174176e+00,1.236746628852350227e+01,1.570672053731986573e+01,2.000000000000000000e+01
8.114340080997500593e+00,8.589771953310199493e+00,1.001606757024829797e+01,1.239321788387074008e+01,1.572120573981743874e+01,2.000000000000000000e+01
8.154441404458768972e+00,8.628269205399570652e+00,1.004975260822197569e+01,1.241888259542495909e+01,1.573564207040609375e+01,2.000000000000000000e+01
8.194407429326199477e+00,8.666636570897393810e+00,1.008332399561097503e+01,1.244446071631107742e+01,1.575002969396884289e+01,2.000000000000000000e+01
8.234238612062988238e+00,8.704874488008467637e+00,1.011678211584490583e+01,1.246995253866633924e+01,1.576436877483303789e+01,2.000000000000000000e+01
8.273935407594422031e+00,8.742983393461171815e+00,1.015012735106141939e+01,1.249535835364352465e+01,1.577865947677218195e+01,2.000000000000000000e+01
8.313498269312887601e+00,8.780963722512268532e+00,1.018336008211041133e+01,1.252067845141415958e+01,1.579290196300776294e+01,2.000000000000000000e+01
8.352927649082849015e+00,8.818815908951695093e+00,1.021648068855823333e+01,1.254591312117174340e+01,1.580709639621104401e+01,2.000000000000000000e+01
8.392223997245856992e+00,8.856540385107365410e+00,1.024948954869189066e+01,1.257106265113494814e+01,1.582124293850489671e+01,2.000000000000000000e+01
8.431387762625522697e+00,8.894137581849953733e+00,1.028238703952324684e+01,1.259612732855083195e+01,1.583534175146559875e+01,2.000000000000000000e+01
8.470419392532521741e+00,8.931607928597696144e+00,1.031517353679321758e+01,1.262110743969804005e+01,1.584939299612464936e+01,2.000000000000000000e+01
8.509319332769566202e+00,8.968951853321167178e+00,1.034784941497596833e+01,1.264600326989001289e+01,1.586339683297057057e+01,2.000000000000000000e+01
8.548088027636387309e+00,9.006169782548065328e+00,1.038041504728309761e+01,1.267081510347817641e+01,1.587735342195071375e+01,2.000000000000000000e+01
8.586725919934702134e+00,9.043262141367980789e+00,1.041287080566781853e+01,1.269554322385513601e+01,1.589126292247305372e+01,2.000000000000000000e+01
8.625233450973174953e+00,9.080229353437163198e+00,1.044521706082912615e+01,1.272018791345785260e+01,1.590512549340798110e+01,2.000000000000000000e+01
8.663611060572380396e+00,9.117071840983280495e+00,1.047745418221597724e+01,1.274474945377083834e+01,1.591894129309010708e+01,2.000000000000000000e+01
8.701859187069736379e+00,9.153790024810160020e+00,1.050958253803143094e+01,1.276922812532930784e+01,1.593271047932002915e+01,2.000000000000000000e+01
8.739978267324438832e+00,9.190384324302533159e+00,1.054160249523681614e+01,1.279362420772236142e+01,1.594643320936613407e+01,2.000000000000000000e+01
8.777968736722398191e+00,9.226855157430762233e+00,1.057351441955585614e+01,1.281793797959613102e+01,1.596010963996637244e+01,2.000000000000000000e+01
8.815831029181140366e+00,9.263202940755556725e+00,1.060531867547880758e+01,1.284216971865693857e+01,1.597373992733002268e+01,2.000000000000000000e+01
8.853565577154716593e+00,9.299428089432682398e+00,1.063701562626657804e+01,1.286631970167442951e+01,1.598732422713946377e+01,2.000000000000000000e+01
8.891172811638595519e+00,9.335531017217656213e+00,1.066860563395484185e+01,1.289038820448471512e+01,1.600086269455194810e+01,2.000000000000000000e+01
8.928653162174525093e+00,9.371512136470425247e+00,1.070008905935812926e+01,1.291437550199349538e+01,1.601435548420136357e+01,2.000000000000000000e+01
8.966007056855419322e+00,9.407371858160045619e+00,1.073146626207392273e+01,1.293828186817917114e+01,1.602780275019997092e+01,2.000000000000000000e+01
9.003234922330198842e+00,9.443110591869334769e+00,1.076273760048674077e+01,1.296210757609596520e+01,1.604120464614017294e+01,2.000000000000000000e+01
9.040337183808633270e+00,9.478728745799521960e+00,1.079390343177218980e+01,1.298585289787701313e+01,1.605456132509624823e+01,2.000000000000000000e+01
9.077314265066158683e+00,9.514226726774877463e+00,1.082496411190103203e+01,1.300951810473745596e+01,1.606787293962609908e+01,2.000000000000000000e+01
9.114166588448709305e+00,9.549604940247338192e+00,1.085591999564322840e+01,1.303310346697752919e+01,1.608113964177297817e+01,2.000000000000000000e+01
9.150894574877490584e+00,9.584863790301108466e+00,1.088677143657196034e+01,1.305660925398562533e+01,1.609436158306721865e+01,2.000000000000000000e+01
9.187498643853793112e+00,9.620003679657260776e+00,1.091751878706766377e+01,1.308003573424137045e+01,1.610753891452797504e+01,2.000000000000000000e+01
9.223979213463735505e+00,9.655025009678308123e+00,1.094816239832202776e+01,1.310338317531866537e+01,1.612067178666492140e+01,2.000000000000000000e+01
9.260336700383033914e+00,9.689928180372774591e+00,1.097870262034199662e+01,1.312665184388874806e+01,1.613376034947997439e+01,2.000000000000000000e+01
9.296571519881743129e+00,9.724713590399744589e+00,1.100913980195374720e+01,1.314984200572321171e+01,1.614680475246900571e+01,2.000000000000000000e+01
9.332684085828992337e+00,9.759381637073410332e+00,1.103947429080666787e+01,1.317295392569704937e+01,1.615980514462353312e+01,2.000000000000000000e+01
9.368674810697671163e+00,9.793932716367582003e+00,1.106970643337731630e+01,1.319598786779165422e+01,1.617276167443243651e+01,2.000000000000000000e+01
9.404544105569158319e+00,9.828367222920208590e+00,1.109983657497336118e+01,1.321894409509784296e+01,1.618567448988362756e+01,2.000000000000000000e+01
9.440292380137986328e+00,9.862685550037870286e+00,1.112986505973752216e+01,1.324182286981884715e+01,1.619854373846576578e+01,2.000000000000000000e+01
9.475920042716516889e+00,9.896888089700262015e+00,1.115979223065149561e+01,1.326462445327329576e+01,1.621136956716990341e+01,2.000000000000000000e+01
9.511427500239593158e+00,9.930975232564657418e+00,1.118961842953985020e+01,1.328734910589820828e+01,1.622415212249120486e+01,2.000000000000000000e+01
9.546815158269177815e+00,9.964947367970367509e+00,1.121934399707393837e+01,1.330999708725195596e+01,1.623689155043057397e+01,2.000000000000000000e+01
9.582083420998978696e+00,9.998804883943178012e+00,1.124896927277577774e+01,1.333256865601722119e+01,1.624958799649634855e+01,2.000000000000000000e+01
9.617232691259056665e+00,1.003254816719977249e+01,1.127849459502191820e+01,1.335506407000394979e+01,1.626224160570595600e+01,2.000000000000000000e+01
9.652263370520428154e+00,1.006617760315214660e+01,1.130792030104730550e+01,1.337748358615229449e+01,1.627485252258755821e+01,2.000000000000000000e+01
9.687175858899617964e+00,1.009969357591199568e+01,1.133724672694912883e+01,1.339982746053554408e+01,1.628742089118171066e+01,2.000000000000000000e+01
9.721970555163260030e+00,1.013309646829510768e+01,1.136647420769065242e+01,1.342209594836304554e+01,1.629994685504299312e+01,2.000000000000000000e+01
9.756647856732625357e+00,1.016638666182572948e+01,1.139560307710504006e+01,1.344428930398311373e+01,1.631243055724166524e+01,2.000000000000000000e+01
9.791208159688160606e+00,1.019956453674091001e+01,1.142463366789916002e+01,1.346640778088594104e+01,1.632487214036528655e+01,2.000000000000000000e+01
9.825651858774001823e+00,1.023263047199484888e+01,1.145356631165739003e+01,1.348845163170648043e+01,1.633727174652034719e+01,2.000000000000000000e+01
9.859979347402495264e+00,1.026558484526321990e+01,1.148240133884539027e+01,1.351042110822733378e+01,1.634962951733389502e+01,2.000000000000000000e+01
9.894191017658672038e+00,1.029842803294747533e+01,1.151113907881388698e+01,1.353231646138162958e+01,1.636194559395514503e+01,2.000000000000000000e+01
9.928287260304729855e+00,1.033116041017915343e+01,1.153977985980242416e+01,1.355413794125588645e+01,1.637422011705709224e+01,2.000000000000000000e+01
9.962268464784491684e+00,1.036378235082414712e+01,1.156832400894311519e+01,1.357588579709285703e+01,1.638645322683812466e+01,2.000000000000000000e+01
9.996135019227857299e+00,1.039629422748698495e+01,1.159677185226436968e+01,1.359756027729438976e+01,1.639864506302361491e+01,2.000000000000000000e+01
1.002988731045522286e+01,1.042869641151507309e+01,1.162512371469462202e+01,1.361916162942424968e+01,1.641079576486751535e+01,2.000000000000000000e+01
1.006352572398190581e+01,1.046098927300294079e+01,1.165337992006604217e+01,1.364069010021095885e+01,1.642290547115395682e+01,2.000000000000000000e+01
1.009705064402254315e+01,1.049317318079646455e+01,1.168154079111822696e+01,1.366214593555060119e+01,1.643497432019882609e+01,2.000000000000000000e+01
1.013046245349547547e+01,1.052524850249707811e+01,1.170960664950188779e+01,1.368352938050963452e+01,1.644700244985135384e+01,2.000000000000000000e+01
1.016376153402712035e+01,1.055721560446597174e+01,1.173757781578252590e+01,1.370484067932769712e+01,1.645898999749567082e+01,2.000000000000000000e+01
1.019694826595634041e+01,1.058907485182827735e+01,1.176545460944408816e+01,1.372608007542038422e+01,1.647093710005239231e+01,2.000000000000000000e+01
1.023002302833877053e+01,1.062082660847723226e+01,1.179323734889261921e+01,1.374724781138202978e+01,1.648284389398017780e+01,2.000000000000000000e+01
1.026298619895115216e+01,1.065247123707833588e+01,1.182092635145989057e+01,1.376834412898847937e+01,1.649471051527729415e+01,2.000000000000000000e+01
1.029583815429564631e+01,1.068400909907349217e+01,1.184852193340702975e+01,1.378936926919985950e+01,1.650653709948315750e+01,2.000000000000000000e+01
1.032857926960413586e+01,1.071544055468513612e+01,1.187602440992813335e+01,1.381032347216331146e+01,1.651832378167988580e+01,2.000000000000000000e+01
1.036120991884251019e+01,1.074676596292034958e+01,1.190343409515386774e+01,1.383120697721574643e+01,1.653007069649384064e+01,2.000000000000000000e+01
1.039373047471493550e+01,1.077798568157496284e+01,1.193075130215504309e+01,1.385202002288657397e+01,1.654177797809717632e+01,2.000000000000000000e+01
1.042614130866810207e+01,1.080910006723762784e+01,1.195797634294620337e+01,1.387276284690043404e+01,1.655344576020935676e+01,2.000000000000000000e+01
1.045844279089548046e+01,1.084010947529390556e+01,1.198510952848918443e+01,1.389343568617989533e+01,1.656507417609869037e+01,2.000000000000000000e+01
1.049063529034153675e+01,1.087101425993031967e+01,1.201215116869666844e+01,1.391403877684818013e+01,1.657666335858383988e+01,2.000000000000000000e+01
1.052271917470595675e+01,1.090181477413839595e+01,1.203910157243571177e+01,1.393457235423184137e+01,1.658821344003536069e+01,2.000000000000000000e+01
1.055469481044784352e+01,1.093251136971870352e+01,1.206596104753128529e+01,1.395503665286346973e+01,1.659972455237720013e+01,2.000000000000000000e+01
1.058656256278989183e+01,1.096310439728486408e+01,1.209272990076978438e+01,1.397543190648435996e+01,1.661119682708820022e+01,2.000000000000000000e+01
1.061832279572256610e+01,1.099359420626755757e+01,1.211940843790253197e+01,1.399575834804718433e+01,1.662263039520360763e+01,2.000000000000000000e+01
1.064997587200826423e+01,1.102398114491851722e+01,1.214599696364927794e+01,1.401601620971865181e+01,1.663402538731656932e+01,2.000000000000000000e+01
1.068152215318544940e+01,1.105426556031450502e+01,1.217249578170166835e+01,1.403620572288216017e+01,1.664538193357961404e+01,2.000000000000000000e+01
1.071296199957279249e+01,1.108444779836127481e+01,1.219890519472671642e+01,1.405632711814043745e+01,1.665670016370615514e+01,2.000000000000000000e+01
1.074429577027327376e+01,1.111452820379752104e+01,1.222522550437026823e+01,1.407638062531817447e+01,1.666798020697195781e+01,2.000000000000000000e+01
1.077552382317828084e+01,1.114450712019881884e+01,1.225145701126043640e+01,1.409636647346466098e+01,1.667922219221662061e+01,2.000000000000000000e+01
1.080664651497171924e+01,1.117438488998155144e+01,1.227760001501104448e+01,1.411628489085638982e+01,1.669042624784505335e+01,2.000000000000000000e+01
1.083766420113406781e+01,1.120416185440681112e+01,1.230365481422503926e+01,1.413613610499965922e+01,1.670159250182893018e+01,2.000000000000000000e+01
1.086857723594643943e+01,1.123383835358430538e+01,1.232962170649790323e+01,1.415592034263318943e+01,1.671272108170817106e+01,2.000000000000000000e+01
1.089938597249463292e+01,1.126341472647623831e+01,1.235550098842105449e+01,1.417563782973069664e+01,1.672381211459236994e+01,2.000000000000000000e+01
1.093009076267316537e+01,1.129289131090118481e+01,1.238129295558524490e+01,1.419528879150348111e+01,1.673486572716227627e+01,2.000000000000000000e+01
1.096069195718928313e+01,1.132226844353794171e+01,1.240699790258391388e+01,1.421487345240299582e+01,1.674588204567122673e+01,2.000000000000000000e+01
1.099118990556698172e+01,1.135154645992938072e+01,1.243261612301657948e+01,1.423439203612342041e+01,1.675686119594658408e+01,2.000000000000000000e+01
1.102158495615098843e+01,1.138072569448628180e+01,1.245814790949216366e+01,1.425384476560419778e+01,1.676780330339117953e+01,2.000000000000000000e+01
1.105187745611073780e+01,1.140980648049114343e+01,1.248359355363235856e+01,1.427323186303259206e+01,1.677870849298474454e+01,2.000000000000000000e+01
1.108206775144435063e+01,1.143878915010199826e+01,1.250895334607494291e+01,1.429255354984622883e+01,1.678957688928534253e+01,2.000000000000000000e+01
1.111215618698256868e+01,1.146767403435620380e+01,1.253422757647710739e+01,1.431181004673562107e+01,1.680040861643078998e+01,2.000000000000000000e+01
1.114214310639270344e+01,1.149646146317421902e+01,1.255941653351876219e+01,1.433100157364668270e+01,1.681120379814006682e+01,2.000000000000000000e+01
1.117202885218256370e+01,1.152515176536338082e+01,1.258452050490583041e+01,1.435012834978324747e+01,1.682196255771473048e+01,2.000000000000000000e+01
1.120181376570435638e+01,1.155374526862165396e+01,1.260953977737354670e+01,1.436919059360958428e+01,1.683268501804033690e+01,2.000000000000000000e+01
1.123149818715859816e+01,1.158224229954137563e+01,1.263447463668970983e+01,1.438818852285286454e+01,1.684337130158783324e+01,2.000000000000000000e+01
1.126108245559799137e+01,1.161064318361298575e+01,1.265932536765796890e+01,1.440712235450567569e+01,1.685402153041495765e+01,2.000000000000000000e+01
1.129056690893130188e+01,1.163894824522874316e+01,1.268409225412106700e+01,1.442599230482848149e+01,1.686463582616763546e+01,2.000000000000000000e+01
1.131995188392721907e+01,1.166715780768643462e+01,1.270877557896408128e+01,1.444479858935210359e+01,1.687521431008136474e+01,2.000000000000000000e+01
1.134923771621819810e+01,1.169527219319306255e+01,1.273337562411765411e+01,1.446354142288017641e+01,1.688575710298260546e+01,2.000000000000000000e+01
1.137842474030429862e+01,1.172329172286852916e+01,1.275789267056121901e+01,1.448222101949160745e+01,1.689626432529016498e+01,2.000000000000000000e+01
1.140751328955699684e+01,1.175121671674929935e+01,1.278232699832620511e+01,1.450083759254301619e+01,1.690673609701655877e+01,2.000000000000000000e+01
1.143650369622300644e+01,1.177904749379206351e+01,1.280667888649923469e+01,1.451939135467116948e+01,1.691717253776939245e+01,2.000000000000000000e+01
1.146539629142805694e+01,1.180678437187737195e+01,1.283094861322531521e+01,1.453788251779541874e+01,1.692757376675272241e+01,2.000000000000000000e+01
1.149419140518069504e+01,1.183442766781327471e+01,1.285513645571101371e+01,1.455631129312011396e+01,1.693793990276842365e+01,2.000000000000000000e+01
1.152288936637603456e+01,1.186197769733893281e+01,1.287924269022762402e+01,1.457467789113701606e+01,1.694827106421753982e+01,2.000000000000000000e+01
1.155149050279952583e+01,1.188943477512822433e+01,1.290326759211431984e+01,1.459298252162770204e+01,1.695856736910163676e+01,2.000000000000000000e+01
1.157999514113069495e+01,1.191679921479334681e+01,1.292721143578130061e+01,1.461122539366596662e+01,1.696882893502415612e+01,2.000000000000000000e+01
1.160840360694687767e+01,1.194407132888838952e+01,1.295107449471292682e+01,1.462940671562020079e+01,1.697905587919175119e+01,2.000000000000000000e+01
1.163671622472693379e+01,1.197125142891291283e+01,1.297485704147084995e+01,1.464752669515577566e+01,1.698924831841562622e+01,2.000000000000000000e+01
1.166493331785496501e+01,1.199833982531549914e+01,1.299855934769710508e+01,1.466558553923741925e+01,1.699940636911287939e+01,2.000000000000000000e+01
1.169305520862397962e+01,1.202533682749729493e+01,1.302218168411723909e+01,1.468358345413157551e+01,1.700953014730782442e+01,2.000000000000000000e+01
1.172108221823961571e+01,1.205224274381555993e+01,1.304572432054338904e+01,1.470152064540875436e+01,1.701961976863331927e+01,2.000000000000000000e+01
1.174901466682377738e+01,1.207905788158717364e+01,1.306918752587736421e+01,1.471939731794589434e+01,1.702967534833208063e+01,2.000000000000000000e+01
1.177685287341829401e+01,1.210578254709215074e+01,1.309257156811372091e+01,1.473721367592869491e+01,1.703969700125800912e+01,2.000000000000000000e+01
1.180459715598858850e+01,1.213241704557714584e+01,1.311587671434281788e+01,1.475496992285393638e+01,1.704968484187749311e+01,2.000000000000000000e+01
1.183224783142727965e+01,1.215896168125892984e+01,1.313910323075388042e+01,1.477266626153183005e+01,1.705963898427072323e+01,2.000000000000000000e+01
1.185980521555781841e+01,1.218541675732786800e+01,1.316225138263801853e+01,1.479030289408831500e+01,1.706955954213298909e+01,2.000000000000000000e+01
1.188726962313809032e+01,1.221178257595138739e+01,1.318532143439127857e+01,1.480788002196737274e+01,1.707944662877598319e+01,2.000000000000000000e+01
1.191464136786401440e+01,1.223805943827742482e+01,1.320831364951765430e+01,1.482539784593332932e+01,1.708930035712909756e+01,2.000000000000000000e+01
1.194192076237312072e+01,1.226424764443786408e+01,1.323122829063209593e+01,1.484285656607314507e+01,1.709912083974069574e+01,2.000000000000000000e+01
1.196910811824812271e+01,1.229034749355196965e+01,1.325406561946350870e+01,1.486025638179870256e+01,1.710890818877942365e+01,2.000000000000000000e+01
1.199620374602047868e+01,1.231635928372979549e+01,1.327682589685774595e+01,1.487759749184908387e+01,1.711866251603547795e+01,2.000000000000000000e+01
1.202320795517393748e+01,1.234228331207559926e+01,1.329950938278058281e+01,1.489488009429284254e+01,1.712838393292187433e+01,2.000000000000000000e+01
1.205012105414807344e+01,1.236811987469122975e+01,1.332211633632069514e+01,1.491210438653025783e+01,1.713807255047573719e+01,2.000000000000000000e+01
1.207694335034180710e+01,1.239386926667950917e+01,1.334464701569261180e+01,1.492927056529559948e+01,1.714772847935956079e+01,2.000000000000000000e+01
1.210367515011692241e+01,1.241953178214760634e+01,1.336710167823965989e+01,1.494637882665936957e+01,1.715735182986246699e+01,2.000000000000000000e+01
1.213031675880155369e+01,1.244510771421039408e+01,1.338948058043691525e+01,1.496342936603054596e+01,1.716694271190147347e+01,2.000000000000000000e+01
1.215686848069368686e+01,1.247059735499379585e+01,1.341178397789412458e+01,1.498042237815880462e+01,1.717650123502274440e+01,2.000000000000000000e+01
1.218333061906462511e+01,1.249600099563812527e+01,1.343401212535862577e+01,1.499735805713675951e+01,1.718602750840285154e+01,2.000000000000000000e+01
1.220970347616246166e+01,1.252131892630141152e+01,1.345616527671825757e+01,1.501423659640216179e+01,1.719552164084999646e+01,2.000000000000000000e+01
1.223598735321552766e+01,1.254655143616271040e+01,1.347824368500426040e+01,1.503105818874012733e+01,1.720498374080528592e+01,2.000000000000000000e+01
1.226218255043582950e+01,1.257169881342541373e+01,1.350024760239417176e+01,1.504782302628531809e+01,1.721441391634394691e+01,2.000000000000000000e+01
1.228828936702247709e+01,1.259676134532053027e+01,1.352217728021469156e+01,1.506453130052416078e+01,1.722381227517657010e+01,2.000000000000000000e+01
1.231430810116511232e+01,1.262173931810997729e+01,1.354403296894456865e+01,1.508118320229701048e+01,1.723317892465033907e+01,2.000000000000000000e+01
1.234023905004730715e+01,1.264663301708984378e+01,1.356581491821745544e+01,1.509777892180034797e+01,1.724251397175025957e+01,2.000000000000000000e+01
1.236608250984995294e+01,1.267144272659365356e+01,1.358752337682475364e+01,1.511431864858894158e+01,1.725181752310036742e+01,2.000000000000000000e+01
1.239183877575465509e+01,1.269616872999560719e+01,1.360915859271846529e+01,1.513080257157801611e+01,1.726108968496496843e+01,2.000000000000000000e+01
1.241750814194709029e+01,1.272081130971382379e+01,1.363072081301402250e+01,1.514723087904541465e+01,1.727033056324983562e+01,2.000000000000000000e+01
1.244309090162038522e+01,1.274537074721356511e+01,1.365221028399310654e+01,1.516360375863374266e+01,1.727954026350342076e+01,2.000000000000000000e+01
1.246858734697844362e+01,1.276984732301044723e+01,1.367362725110646160e+01,1.517992139735250667e+01,1.728871889091806935e+01,2.000000000000000000e+01
1.249399776923930538e+01,1.279424131667365394e+01,1.369497195897670316e+01,1.519618398158027439e+01,1.729786655033121079e+01,2.000000000000000000e+01
1.251932245863845417e+01,1.281855300682911647e+01,1.371624465140110338e+01,1.521239169706676719e+01,1.730698334622656631e+01,2.000000000000000000e+01
1.254456170443214624e+01,1.284278267116270555e+01,1.373744557135438704e+01,1.522854472893501132e+01,1.731606938273533203e+01,2.000000000000000000e+01
1.256971579490070745e+01,1.286693058642340404e+01,1.375857496099149380e+01,1.524464326168343753e+01,1.732512476363737264e+01,2.000000000000000000e+01
1.259478501735183009e+01,1.289099702842645989e+01,1.377963306165035284e+01,1.526068747918799495e+01,1.733414959236240804e+01,2.000000000000000000e+01
1.261976965812384499e+01,1.291498227205654459e+01,1.380062011385463983e+01,1.527667756470425076e+01,1.734314397199119995e+01,2.000000000000000000e+01
