6.207344665013655310e-02,2.614376619514551803e-01,8.595303078554110687e-01,1.856351540430228209e+00,3.251901830398574056e+00,5.046182650759678978e+00,7.239198652068844275e+00,9.830964636013604263e+00,1.282152802943844527e+01,1.621104163332712034e+01,2.000000000000000000e+01
1.243454012861569397e-01,3.230738038941726731e-01,9.192590117182198872e-01,1.912901749870036250e+00,3.304003993288420205e+00,5.092571203915674971e+00,7.278618310567642524e+00,9.862185395441665392e+00,1.284337695822795311e+01,1.622245233617403315e+01,2.000000000000000000e+01
1.867863476627910080e-01,3.848791898569124958e-01,9.791577164392769594e-01,1.969623831480363130e+00,3.356282292491382435e+00,5.139144949374912841e+00,7.318240525726481316e+00,9.893636235591236172e+00,1.286548151426967657e+01,1.623408373725109044e+01,2.000000000000000000e+01
2.493692192246179662e-01,4.468270255815808278e-01,1.039200444652469413e+00,2.026493206125073776e+00,3.408713971622524319e+00,5.185882473201259835e+00,7.358041943269363117e+00,9.925282755385577360e+00,1.288778207988963942e+01,1.624585674199787633e+01,2.000000000000000000e+01
3.120691815718413253e-01,5.088927020057885109e-01,1.099363263307630012e+00,2.083486944570149824e+00,3.461277012538975129e+00,5.232761467815578271e+00,7.397996625550838701e+00,9.957089699436140862e+00,1.291023070654930471e+01,1.625772504884669445e+01,2.000000000000000000e+01
3.748633616270278246e-01,5.710535029209041769e-01,1.159623926802533234e+00,2.140583364403843891e+00,3.513949888555301992e+00,5.279759225750130014e+00,7.438078181335797900e+00,9.989024388689498934e+00,1.293278996528882452e+01,1.626965915941300267e+01,2.000000000000000000e+01
4.377305694175882000e-01,6.332883244089924091e-01,1.219961589383204981e+00,2.197761803065474417e+00,3.566711600652824554e+00,5.326853282601708095e+00,7.478261178676965493e+00,1.002105786599079096e+01,1.295543058609246323e+01,1.628163889477752591e+01,2.000000000000000000e+01
5.006510495769550539e-01,6.955774375716239355e-01,1.280356601555630691e+00,2.255002524738257907e+00,3.619541837226005310e+00,5.374021961744443132e+00,7.518521912519607220e+00,1.005316497876889059e+01,1.297812938185648513e+01,1.629364964400276961e+01,2.000000000000000000e+01
5.636062823341464467e-01,7.579023071300019510e-01,1.340790381517568353e+00,2.312286708348652020e+00,3.672421154537791388e+00,5.421244749698318266e+00,7.558838729582886273e+00,1.008532404324774312e+01,1.300086768942527016e+01,1.630568035075267730e+01,2.000000000000000000e+01
6.265788379709468225e-01,8.202454641562220150e-01,1.401245342712047703e+00,2.369596473400855885e+00,3.725331126385911684e+00,5.468502512020104511e+00,7.599192088196502048e+00,1.011751638985900925e+01,1.302363025094382998e+01,1.631772236047604707e+01,2.000000000000000000e+01
6.895522784533629768e-01,8.825904232514127923e-01,1.461704857645562239e+00,2.426914914881418639e+00,3.778254445100591941e+00,5.515777586093672191e+00,7.639564475378861630e+00,1.014972591505451227e+01,1.304640441674545315e+01,1.632976872019929360e+01,2.000000000000000000e+01
7.525110952360655192e-01,9.449216317919391095e-01,1.522153241459559769e+00,2.484226131165647278e+00,3.831174973999322386e+00,5.563053788926928256e+00,7.679940256298189993e+00,1.018193868393463397e+01,1.306917957216661641e+01,1.634181373041440111e+01,2.000000000000000000e+01
8.154406715275187567e-01,1.007224439481926526e+00,1.582575743345149721e+00,2.541515237810176409e+00,3.884077759164326960e+00,5.610316371080465103e+00,7.720305499037880104e+00,1.021414259340240704e+01,1.309194671876369043e+01,1.635385264498470903e+01,2.000000000000000000e+01
8.783272588308596029e-01,1.069485078667252953e+00,1.642958538176432892e+00,2.598768365584977591e+00,3.936949010456995079e+00,5.657551939402493346e+00,7.760647797662035607e+00,1.024632709207249981e+01,1.311469816266239619e+01,1.636588146218155870e+01,2.000000000000000000e+01
9.411579599894630555e-01,1.131690648519285025e+00,1.703288714108750934e+00,2.655972644009220396e+00,3.989776061039772337e+00,5.704748363984291970e+00,7.800956104958763682e+00,1.027848294894339354e+01,1.313742727826964618e+01,1.637789677423755563e+01,2.000000000000000000e+01
1.003920713431857514e+00,1.193829098640503572e+00,1.763554254266441967e+00,2.713116172925627012e+00,4.042547313033678869e+00,5.751894679289458523e+00,7.841220579750469710e+00,1.031060206239258115e+01,1.316012832590414305e+01,1.638989565589082531e+01,2.000000000000000000e+01
1.066604275413493452e+00,1.255889209604258649e+00,1.823744012176554019e+00,2.770187984971796968e+00,4.095252175142184647e+00,5.798980985584538672e+00,7.881432450184517435e+00,1.034267730196255108e+01,1.318279630870118879e+01,1.640187557976754107e+01,2.000000000000000000e+01
1.129198198653793783e+00,1.317860569364938117e+00,1.883847681498371118e+00,2.827178001643687821e+00,4.147880996478150450e+00,5.845998354236822792e+00,7.921583892652842351e+00,1.037470237665641193e+01,1.320542685863635590e+01,1.641383435077217356e+01,2.000000000000000000e+01
1.191692806879167010e+00,1.379733545421573560e+00,1.943855761048793207e+00,2.884076985272514992e+00,4.200424999549571936e+00,5.892938738785976405e+00,7.961667925170718085e+00,1.040667172466441670e+01,1.322801614450718155e+01,1.642577005428182702e+01,2.000000000000000000e+01
1.254079165487332892e+00,1.441499253187172647e+00,2.003759516286691689e+00,2.940876488804588629e+00,4.252876214387768528e+00,5.939794892652622060e+00,8.001678313735469672e+00,1.043858042047087942e+01,1.325056079673709242e+01,1.643768101458993769e+01,2.000000000000000000e+01
1.316349048944388089e+00,1.503149521310650938e+00,2.063550938409439706e+00,2.997568804860760050e+00,4.305227415091263943e+00,5.986560293710976310e+00,8.041609490140084304e+00,1.047042409612597069e+01,1.327305784525673360e+01,1.644956576111040647e+01,2.000000000000000000e+01
1.378494905705600404e+00,1.564676854806739126e+00,2.123222702110155069e+00,3.054146915191038314e+00,4.357472059553616717e+00,6.033229075580196721e+00,8.081456479798964310e+00,1.050219887412912101e+01,1.329550466768851535e+01,1.646142300056058971e+01,2.000000000000000000e+01
1.440509821488919151e+00,1.626074396840593739e+00,2.182768122895617502e+00,3.110604441339817505e+00,4.409604232792350587e+00,6.079795965284127135e+00,8.121214838280240045e+00,1.053390130989029849e+01,1.331789894574857591e+01,1.647325159382217308e+01,2.000000000000000000e+01
1.502387481682958104e+00,1.687335889938139655e+00,2.242181114703684308e+00,3.166935597095954069e+00,4.461618594057080500e+00,6.126256226828303397e+00,8.160880595392331571e+00,1.056552834214161152e+01,1.334023862827600482e+01,1.648505053651275176e+01,2.000000000000000000e+01
1.564122133578419893e+00,1.748455637284667352e+00,2.301456148403409507e+00,3.223135143112567214e+00,4.513510327735667182e+00,6.172605610205599724e+00,8.200450205822576777e+00,1.059707724998962419e+01,1.336252189966141302e+01,1.649681894253740211e+01,2.000000000000000000e+01
1.625708549000000502e+00,1.809428464655095770e+00,2.360588211620381127e+00,3.279198343935477933e+00,4.565275097974031304e+00,6.218840305341766239e+00,8.239920505463608436e+00,1.062854561554831889e+01,1.338474715271553528e+01,1.650855603006002781e+01,2.000000000000000000e+01
1.687141987801281440e+00,1.870249683402970042e+00,2.419572770208035628e+00,3.335120927568521410e+00,4.616909006860912434e+00,6.264956900512801852e+00,8.279288672685488848e+00,1.065993129128940531e+01,1.340691296521997522e+01,1.652026110945927329e+01,2.000000000000000000e+01
1.748418162577584978e+00,1.930915054829122290e+00,2.478405731583734006e+00,3.390899047621350526e+00,4.668408555991139686e+00,6.310952344797541080e+00,8.318552193917872373e+00,1.069123237140266092e+01,1.342901807955561644e+01,1.653193357292690280e+01,2.000000000000000000e+01
1.809533204856160760e+00,1.991420756158400085e+00,2.537083410065117839e+00,3.446529248024767789e+00,4.719770611201346888e+00,6.356823914164781542e+00,8.357708832997698067e+00,1.072244716658330965e+01,1.345106138492186432e+01,1.654357288543665305e+01,2.000000000000000000e+01
1.870483632941314367e+00,2.051763348274949994e+00,2.595602494275857541e+00,3.502008430255167060e+00,4.770992370264567128e+00,6.402569180831103601e+00,8.396756603815573428e+00,1.075357418176311697e+01,1.347304190175145955e+01,1.655517857686531968e+01,2.000000000000000000e+01
1.931266321524273577e+00,2.111939745302724880e+00,2.653960016638079011e+00,3.557333822979395599e+00,4.822071333330555376e+00,6.448185985561138978e+00,8.435693745859966342e+00,1.078461209638219742e+01,1.349495876799731420e+01,1.656675023508926614e+01,2.000000000000000000e+01
1.991878473112809189e+00,2.171947186066916391e+00,2.712153324929238440e+00,3.612502954011134637e+00,4.873005275904278122e+00,6.493672412615363321e+00,8.474518702314002283e+00,1.081555974686364330e+01,1.351681122702461124e+01,1.657828749991189454e+01,2.000000000000000000e+01
2.052317591292417642e+00,2.231783207432282978e+00,2.770180055851879874e+00,3.667513624457373833e+00,4.923792224163750397e+00,6.539026767081086433e+00,8.513230100406953937e+00,1.084641611100614966e+01,1.353859861688665056e+01,1.658979005770321891e+01,2.000000000000000000e+01
2.112581455797695185e+00,2.291445619484175911e+00,2.828038110543617645e+00,3.722363884926710664e+00,4.974430432428995630e+00,6.584247554349922815e+00,8.551826733762414534e+00,1.087718029405330711e+01,1.356032036079936098e+01,1.660125763665293164e+01,2.000000000000000000e+01
2.172668099347683235e+00,2.350932482495824427e+00,2.885725631940248004e+00,3.777052013668666053e+00,5.024918362605394151e+00,6.629333461529888005e+00,8.590307546519047932e+00,1.090785151623401639e+01,1.358197595865883756e+01,1.661269000255469663e+01,2.000000000000000000e+01
2.232575786181044020e+00,2.410242085609697771e+00,2.943240983895659024e+00,3.831576496513788399e+00,5.075254665436624180e+00,6.674283340602439552e+00,8.628671619028651207e+00,1.093842910159816029e+01,1.360356497947029020e+01,1.662408695505253320e+01,2.000000000000000000e+01
2.292302992214586776e+00,2.469372927150196961e+00,3.000582731957027516e+00,3.885936008487117732e+00,5.125438163414118620e+00,6.719096193154535435e+00,8.666918154960780996e+00,1.096891246799625108e+01,1.362508705457642044e+01,1.663544832429082732e+01,2.000000000000000000e+01
2.351848386740732266e+00,2.528323696478492977e+00,3.057749625691774664e+00,3.940129396971960851e+00,5.175467835201495781e+00,6.763771156533328721e+00,8.705046469664209141e+00,1.099930111807254107e+01,1.364654187158962451e+01,1.664677396791837793e+01,2.000000000000000000e+01
2.411210815575079547e+00,2.587093257297064408e+00,3.114740582463019880e+00,3.994155666306391961e+00,5.225342801443410679e+00,6.808307491286787361e+00,8.743055979653517440e+00,1.102959463115823446e+01,1.366792916894569920e+01,1.665806376840399139e+01,2.000000000000000000e+01
2.470389285563458603e+00,2.645680632310674962e+00,3.171554672552323595e+00,4.048013963700942242e+00,5.275062311838673246e+00,6.852704569767341880e+00,8.780946193104556485e+00,1.105979265596621275e+01,1.368924873100817585e+01,1.666931763062721572e+01,2.000000000000000000e+01
2.529382950358158855e+00,2.704084989151563256e+00,3.228191105531776017e+00,4.101703566372443710e+00,5.324625733367276403e+00,6.896961865788117763e+00,8.818716701255997492e+00,1.108989490400103328e+01,1.371050038366170121e+01,1.668053547971275918e+01,2.000000000000000000e+01
2.588191097374739513e+00,2.762305627478958581e+00,3.284649217791616227e+00,4.155223869795571900e+00,5.374032539570134936e+00,6.941078945232239228e+00,8.856367170625736307e+00,1.111990114360853354e+01,1.373168399034091713e+01,1.669171725908134007e+01,2.000000000000000000e+01
2.646813135843726350e+00,2.820341967166358543e+00,3.340928461134255123e+00,4.208574376980246612e+00,5.423282300788818233e+00,6.985055457525586320e+00,8.893897335961035822e+00,1.114981119459845793e+01,1.375279944844800184e+01,1.670286292869326061e+01,2.000000000000000000e+01
2.705248585875063672e+00,2.878193537493942245e+00,3.397028392350576631e+00,4.261754688689484816e+00,5.472374675280433642e+00,7.028891127892144652e+00,8.931306993850125053e+00,1.117962492338131142e+01,1.377384668611780860e+01,1.671397246346393572e+01,2.000000000000000000e+01
2.763497068457291928e+00,2.935859967267861137e+00,3.452948663699568321e+00,4.314764494518576576e+00,5.521309401130099381e+00,7.072585750318936881e+00,8.968595996930693204e+00,1.120934223856734313e+01,1.379482565929441762e+01,1.672504585183321524e+01,2.000000000000000000e+01
2.821558296317782766e+00,2.993340975792712744e+00,3.508689014217501789e+00,4.367603564762411850e+00,5.570086288890115256e+00,7.116139181164595762e+00,9.005764248637500913e+00,1.123896308698141944e+01,1.381573634908717629e+01,1.673608309447249809e+01,2.000000000000000000e+01
2.879432065574887734e+00,3.050636364628159125e+00,3.564249261787972411e+00,4.420271743003457487e+00,5.618705214881142496e+00,7.159551333351939384e+00,9.042811698437315471e+00,1.126848745005264263e+01,1.383657875937795012e+01,1.674708420311548096e+01,2.000000000000000000e+01
2.937118248117352781e+00,3.107746010065286058e+00,3.619629295909086331e+00,4.472768939358264362e+00,5.667166115096296863e+00,7.202822171090589976e+00,9.079738337504695167e+00,1.129791534054195701e+01,1.385735291465444696e+01,1.675804919950003580e+01,2.000000000000000000e+01
2.994616784650842245e+00,3.164669856262832148e+00,3.674829071098801858e+00,4.525095124325355656e+00,5.715468979654293236e+00,7.245951705080795335e+00,9.116544194796803779e+00,1.132724679957493841e+01,1.387805885804727524e+01,1.676897811441009978e+01,2.000000000000000000e+01
3.051927678355717433e+00,3.221407908987785174e+00,3.729848600883987952e+00,4.577250323182073366e+00,5.763613847752503183e+00,7.288939988154211846e+00,9.153229333489630193e+00,1.135648189395034358e+01,1.389869664955075734e+01,1.677987098680770472e+01,2.000000000000000000e+01
3.109050989104392482e+00,3.277960229909049783e+00,3.784687952323022131e+00,4.629234610882289047e+00,5.811600803075121391e+00,7.331787111311540706e+00,9.189793847741691835e+00,1.138562071369803341e+01,1.391926636440968323e+01,1.679072786304624287e+01,2.000000000000000000e+01
3.165986828190533231e+00,3.334326931396841331e+00,3.839347241015764745e+00,4.681048107410931358e+00,5.859429969615630895e+00,7.374493200120682879e+00,9.226237859754641946e+00,1.141466336986259833e+01,1.393976809165600450e+01,1.680154879615718855e+01,2.000000000000000000e+01
3.222735353526138269e+00,3.390508171784233582e+00,3.893826626558519521e+00,4.732690973555029323e+00,5.907101507876364010e+00,7.417058411442432941e+00,9.262561517103121034e+00,1.144360999249130018e+01,1.396020193278113020e+01,1.681233384520309926e+01,2.000000000000000000e+01
3.279296765266012326e+00,3.446504151050781228e+00,3.948126308405088825e+00,4.784163407054406569e+00,5.954615611411272269e+00,7.459482930453798843e+00,9.298764990308882261e+00,1.147246072880717804e+01,1.398056800053096715e+01,1.682308307469062569e+01,2.000000000000000000e+01
3.335671301822488832e+00,3.502315106891431551e+00,4.002246522098260151e+00,4.835465639098326385e+00,6.001972503681049176e+00,7.501766967941808417e+00,9.334848470636613271e+00,1.150121574154993631e+01,1.400086641781207142e+01,1.683379655403779296e+01,2.000000000000000000e+01
3.391859236236289377e+00,3.557941311136994855e+00,4.056187535839112179e+00,4.886597931137345086e+00,6.049172435192502029e+00,7.543910757843151238e+00,9.370812168091003258e+00,1.152987520746901673e+01,1.402109731669849246e+01,1.684447435709043006e+01,2.000000000000000000e+01
3.447860872872257065e+00,3.613383066495259754e+00,4.109949647364268266e+00,4.937560571982259283e+00,6.096215680896571065e+00,7.585914555007276405e+00,9.406656309596520771e+00,1.155843931595468277e+01,1.404126083752988308e+01,1.685511656168315042e+01,2.000000000000000000e+01
3.503676544411366223e+00,3.668640703584477247e+00,4.163533181103810321e+00,4.988353875164536433e+00,6.143102537821721221e+00,7.627778633162630939e+00,9.442381137343160091e+00,1.158690826779436378e+01,1.406135712809236793e+01,1.686572324924067701e+01,2.000000000000000000e+01
3.559306609112814712e+00,3.723714578233342731e+00,4.216938485594926789e+00,5.038978176534847364e+00,6.189833322921479031e+00,7.669503283067583332e+00,9.477986907282925699e+00,1.161528227404269487e+01,1.408138634287447566e+01,1.687629450441577461e+01,2.000000000000000000e+01
3.614751448322272243e+00,3.778605069023833085e+00,4.270165931128514281e+00,5.089433832078380071e+00,6.236408371116818117e+00,7.711088810829231477e+00,9.513473887763247205e+00,1.164356155499475243e+01,1.410134864239121022e+01,1.688683041476040358e+01,2.000000000000000000e+01
3.670011464204419482e+00,3.833312575055305871e+00,4.323215907607965036e+00,5.139721215927511189e+00,6.282828033515825084e+00,7.752535536374890235e+00,9.548842358284854726e+00,1.167174633925302984e+01,1.412124419256994301e+01,1.689733107042697569e+01,2.000000000000000000e+01
3.725087077679807290e+00,3.887837513910149312e+00,4.376088822601174932e+00,5.189840718554124877e+00,6.329092675794655953e+00,7.793843792062387088e+00,9.584092608372730027e+00,1.169983686287956282e+01,1.414107316419246274e+01,1.690779656389698360e+01,2.000000000000000000e+01
3.779978726547817303e+00,3.942180319802988997e+00,4.428785099568503192e+00,5.239792745125452456e+00,6.375202676725227668e+00,7.835013921416582150e+00,9.619224936549835903e+00,1.172783336862538484e+01,1.416083573238799431e+01,1.691822698973443551e+01,2.000000000000000000e+01
3.834686863779104726e+00,3.996341441897052427e+00,4.481305176250894640e+00,5.289577714008728115e+00,6.421158426836406363e+00,7.876046277980672805e+00,9.654239649404258827e+00,1.175573610523025003e+01,1.418053207617254152e+01,1.692862244436187424e+01,2.000000000000000000e+01
3.889211955962345257e+00,4.050321342772715383e+00,4.533649503203825759e+00,5.339196055411278508e+00,6.466960327196642488e+00,7.916941224271885957e+00,9.689137060741279228e+00,1.178354532678621780e+01,1.420016237803027792e+01,1.693898302585683169e+01,2.000000000000000000e+01
3.943554481891477170e+00,4.104120497034600135e+00,4.585818542463969472e+00,5.388648210143873740e+00,6.512608788307090890e+00,7.957699130832084577e+00,9.723917490812640452e+00,1.181126129215927811e+01,1.421972682353319506e+01,1.694930883376692066e+01,2.000000000000000000e+01
3.997714931280842876e+00,4.157739390044799421e+00,4.637812766336669057e+00,5.437934628496215339e+00,6.558104229095236271e+00,7.998320375364718515e+00,9.758581265616010469e+00,1.183888426446370801e+01,1.423922560099544121e+01,1.695959996894182709e+01,2.000000000000000000e+01
4.051693803596733368e+00,4.211178516770885949e+00,4.689632656293345470e+00,5.487055769214479461e+00,6.603447075999952176e+00,8.038805341950279626e+00,9.793128716258250321e+00,1.186641451058439145e+01,1.425865890115926504e+01,1.696985653338065703e+01,2.000000000000000000e+01
4.105491606994896792e+00,4.264438380738409862e+00,4.741278701968949072e+00,5.536012098571712059e+00,6.648637762139728125e+00,8.079154420333161113e+00,9.827560178376714362e+00,1.189385230074271327e+01,1.427802691690963499e+01,1.698007863009324225e+01,2.000000000000000000e+01
4.159108857354464561e+00,4.317519493078465942e+00,4.792751400250469196e+00,5.584804089522705794e+00,6.693676726556572198e+00,8.119368005273463140e+00,9.861875991613308301e+00,1.192119790810208890e+01,1.429732984301493914e+01,1.699026636297413972e+01,2.000000000000000000e+01
4.212546077399643707e+00,4.370422371661799588e+00,4.844051254448266342e+00,5.633432220935731927e+00,6.738564413528722596e+00,8.159446495957860535e+00,9.896076499136533755e+00,1.194845160840951159e+01,1.431656787589139945e+01,1.700041983668817380e+01,2.000000000000000000e+01
4.265803795901249806e+00,4.423147540311637371e+00,4.895178773542798289e+00,5.681896976894206475e+00,6.783301271945977540e+00,8.199390295464189293e+00,9.930162047207153009e+00,1.197561367966987156e+01,1.433574121338903673e+01,1.701053915656644833e+01,2.000000000000000000e+01
4.318882546950911561e+00,4.475695528088163400e+00,4.946134471499918916e+00,5.730198846061973050e+00,6.827887754741977844e+00,8.239199810274895341e+00,9.964132984783532265e+00,1.200268440185004692e+01,1.435485005459723418e+01,1.702062442851189061e+01,2.000000000000000000e+01
4.371782869301381602e+00,4.528066868638180864e+00,4.996918866648579538e+00,5.778338321106459397e+00,6.872324318378286279e+00,8.278875449834924183e+00,9.997989663163076912e+00,1.202966405661007698e+01,1.437389459966811422e+01,1.703067575891347474e+01,2.000000000000000000e+01
4.424505305767001850e+00,4.580262099604075487e+00,5.047532481115297287e+00,5.826315898174487806e+00,6.916611422375602558e+00,8.318417626150013788e+00,1.003173243565646189e+01,1.205655292705898241e+01,1.439287504965613174e+01,1.704069325456832829e+01,2.000000000000000000e+01
4.477050402678904639e+00,4.632281762086746468e+00,5.097975840310271067e+00,5.874132076415976123e+00,6.960749528887832938e+00,8.357826753421775834e+00,1.006536165729172616e+01,1.208335129753296577e+01,1.441179160637237899e+01,1.705067702261097651e+01,2.000000000000000000e+01
4.529418709389994468e+00,4.684126400157617276e+00,5.148249472460483922e+00,5.921787357551213660e+00,7.004739102315154398e+00,8.397103247716190211e+00,1.009887768454549573e+01,1.211005945339397449e+01,1.443064447225229863e+01,1.706062717044912702e+01,2.000000000000000000e+01
4.581610777825238401e+00,4.735796560415314715e+00,5.198353908185543659e+00,5.969282245477775639e+00,7.048580608952546456e+00,8.436247526662517870e+00,1.013228087509888553e+01,1.213667768084680532e+01,1.444943385023557880e+01,1.707054380570536267e+01,2.000000000000000000e+01
4.633627162073154615e+00,4.787292791582969720e+00,5.248289680112415034e+00,6.016617245913486123e+00,7.092274516670579843e+00,8.475260009179882204e+00,1.016557158761587232e+01,1.216320626677304162e+01,1.446815994365712577e+01,1.708042703616424873e+01,2.000000000000000000e+01
4.685468418014807845e+00,4.838615644142485017e+00,5.298057322525515644e+00,6.063792866072178711e+00,7.135821294625551481e+00,8.514141115229000079e+00,1.019875018154206181e+01,1.218964549858030644e+01,1.448682295614810300e+01,1.709027696972428956e+01,2.000000000000000000e+01
4.737135102986886004e+00,4.889765670002414133e+00,5.347657371048997632e+00,6.110809614369293818e+00,7.179221412996313667e+00,8.552891265586799463e+00,1.023181701692203838e+01,1.221599566406545279e+01,1.450542309154614706e+01,1.710009371435440073e+01,2.000000000000000000e+01
4.788627775475817749e+00,4.940743422196433698e+00,5.397090362358282434e+00,6.157668000154606247e+00,7.222475342745369176e+00,8.591510881641850617e+00,1.026477245423359896e+01,1.224225705129042474e+01,1.452396055381390205e+01,1.710987737805437803e+01,2.000000000000000000e+01
4.839946994840099492e+00,4.991549454609635283e+00,5.446356833918242657e+00,6.204368533469642344e+00,7.265583555402060689e+00,8.630000385208726144e+00,1.029761685423735251e+01,1.226842994846964352e+01,1.454243554696513741e+01,1.711962806881908250e+01,2.000000000000000000e+01
4.891093321058304078e+00,5.042184321730123209e+00,5.495457323745580602e+00,6.250911724827549421e+00,7.308546522865841055e+00,8.668360198359579272e+00,1.033035057784028510e+01,1.229451464386785631e+01,1.456084827499774370e+01,1.712934589460596513e+01,2.000000000000000000e+01
4.942067314500423691e+00,5.092648578423630390e+00,5.544392370193250485e+00,6.297298085013379065e+00,7.351364717227811596e+00,8.706590743271380717e+00,1.036297398597202779e+01,1.232051142570754365e+01,1.457919894183302922e+01,1.713903096330564679e+01,2.000000000000000000e+01
4.992869535720470431e+00,5.142942779729080094e+00,5.593162511754908195e+00,6.343528124902958254e+00,7.394038610608874684e+00,8.744692442087398376e+00,1.039548743947269038e+01,1.234642058208497772e+01,1.459748775126067244e+01,1.714868338271525161e+01,2.000000000000000000e+01
5.043500545268378765e+00,5.193067480673182246e+00,5.641768286887593575e+00,6.389602355298645620e+00,7.436568675012999563e+00,8.782665716791630217e+00,1.042789129899120049e+01,1.237224240089416227e+01,1.461571490688889519e+01,1.715830326051428756e+01,2.000000000000000000e+01
5.093960903519493044e+00,5.243023236102366091e+00,5.690210233850985233e+00,6.435521286780457650e+00,7.478955382194241608e+00,8.820510989095026844e+00,1.046018592489320120e+01,1.239797716975795439e+01,1.463388061209932012e+01,1.716789070424278663e+01,2.000000000000000000e+01
5.144251170520036887e+00,5.292810600530461151e+00,5.738488890561733946e+00,6.481285429571175705e+00,7.521199203536255595e+00,8.858228680332420168e+00,1.049237167717763164e+01,1.242362517596569127e+01,1.465198507000613759e+01,1.717744582128155528e+01,2.000000000000000000e+01
5.194371905847110504e+00,5.342430128000710710e+00,5.786604794461510437e+00,6.526895293414160193e+00,7.563300609943177655e+00,8.895819211369197177e+00,1.052444891540123706e+01,1.244918670641676783e+01,1.467002848341915922e+01,1.718696871883430788e+01,2.000000000000000000e+01
5.244323668481921885e+00,5.391882371960823761e+00,5.834558482397528500e+00,6.572351387462734174e+00,7.605260071740858052e+00,8.933283002516846594e+00,1.055641799861024488e+01,1.247466204756958064e+01,1.468801105481041525e+01,1.719645950391152667e+01,2.000000000000000000e+01
5.294107016695035917e+00,5.441167885149878813e+00,5.882350490514406616e+00,6.617654220180070546e+00,7.647078058587490013e+00,8.970620473456557775e+00,1.058827928527860429e+01,1.250005148539539412e+01,1.470593298628398493e+01,1.720591828331588857e+01,2.000000000000000000e+01
5.343722507942565869e+00,5.490287219496012838e+00,5.929981354156353746e+00,6.662804299248652917e+00,7.688755039392795254e+00,9.007832043170152403e+00,1.062003313325214471e+01,1.252535530533667085e+01,1.472379447954875431e+01,1.721534516362912015e+01,2.000000000000000000e+01
5.393170698772308924e+00,5.539240926023914824e+00,5.977451607778733411e+00,6.707802131488436181e+00,7.730291482244997070e+00,9.044918129877688173e+00,1.065167989969816631e+01,1.255057379226943937e+01,1.474159573589383854e+01,1.722474025120013152e+01,2.000000000000000000e+01
5.442452144738932240e+00,5.588029554771238416e+00,6.024761784868159609e+00,6.752648222782904774e+00,7.771687854344856206e+00,9.081879150981118087e+00,1.068321994105993689e+01,1.257570723046936578e+01,1.475933695616642893e+01,1.723410365213436535e+01,2.000000000000000000e+01
5.491567400327372894e+00,5.636653654713120076e+00,6.071912417870362511e+00,6.797343078012334061e+00,7.812944621946138923e+00,9.118715523013461777e+00,1.071465361301566332e+01,1.260075590358117559e+01,1.477701834075184983e+01,1.724343547228417250e+01,2.000000000000000000e+01
5.540517018883750033e+00,5.685113773694086881e+00,6.118904038125100087e+00,6.841887200993594043e+00,7.854062250301948822e+00,9.155427661593009248e+00,1.074598127044153451e+01,1.262572009459111833e+01,1.479464008955561916e+01,1.725273581724021099e+01,2.000000000000000000e+01
5.589301552553042285e+00,5.733410458366656748e+00,6.165737175807501025e+00,6.886281094425899418e+00,7.895041203616375292e+00,9.192015981382056111e+00,1.077720326737845369e+01,1.265060008580221407e+01,1.481220240198732085e+01,1.726200479232367613e+01,2.000000000000000000e+01
5.637921552222983301e+00,5.781544254136044891e+00,6.212412359875231438e+00,6.930525259841965102e+00,7.935881945000966553e+00,9.228480896049809701e+00,1.080831995700214421e+01,1.267539615881202586e+01,1.482970547694615071e+01,1.727124250257938343e+01,2.000000000000000000e+01
5.686377567473570593e+00,5.829515705110421386e+00,6.258930118020973765e+00,6.974620197564090240e+00,7.976584936435616946e+00,9.264822818239046853e+00,1.083933169159629983e+01,1.270010859449270235e+01,1.484714951280795958e+01,1.728044905276956200e+01,2.000000000000000000e+01
5.734670146531690271e+00,5.877325354056201157e+00,6.305290976629734701e+00,7.018566406664704438e+00,8.017150638733451018e+00,9.301042159536207166e+00,1.087023882252853113e+01,1.272473767297313607e+01,1.486453470741366800e+01,1.728962454736830878e+01,2.000000000000000000e+01
5.782799836230395840e+00,5.924973742357931172e+00,6.351495460740538945e+00,7.062364384930994277e+00,8.057579511509345593e+00,9.337139330444614416e+00,1.090104170022882180e+01,1.274928367362298864e+01,1.488186125805892779e+01,1.729876909055667156e+01,2.000000000000000000e+01
5.830767181972418278e+00,5.972461409982341429e+00,6.397544094012110882e+00,7.106014628833211333e+00,8.097872013151746984e+00,9.373114740360501074e+00,1.093174067417030493e+01,1.277374687503846218e+01,1.489912936148491518e+01,1.730788278621825427e+01,2.000000000000000000e+01
5.878572727697521039e+00,6.019788895446186672e+00,6.443437398692180906e+00,7.149517633496356162e+00,8.138028600797511558e+00,9.408968797551640506e+00,1.096233609285210164e+01,1.279812755502961963e+01,1.491633921387015427e+01,1.731696573793533389e+01,2.000000000000000000e+01
5.926217015853352699e+00,6.066956735787538690e+00,6.489175895590098442e+00,7.192873892674914060e+00,8.178049730309469467e+00,9.444701909138306206e+00,1.099282830378408526e+01,1.282242599060913513e+01,1.493349101082328012e+01,1.732601804898544628e+01,2.000000000000000000e+01
5.973700587369468629e+00,6.113965466540210336e+00,6.534760104052435459e+00,7.236083898730362840e+00,8.217935856256472604e+00,9.480314481076355548e+00,1.102321765347335081e+01,1.284664245798234816e+01,1.495058494737663324e+01,1.733503982233835572e+01,2.000000000000000000e+01
6.021023981634255229e+00,6.160815621711021706e+00,6.580190541941318472e+00,7.279148142611217231e+00,8.257687431895709196e+00,9.515806918142260429e+00,1.105350448741226899e+01,1.287077723253847417e+01,1.496762121798066403e+01,1.734403116065343653e+01,2.000000000000000000e+01
6.068187736474481397e+00,6.207507733759670465e+00,6.625467725615237669e+00,7.322067113835363905e+00,8.297304909157061203e+00,9.551179623919892947e+00,1.108368915006795774e+01,1.289483058884290223e+01,1.498460001649899453e+01,1.735299216627735319e+01,2.000000000000000000e+01
6.115192388137216994e+00,6.254042333580938084e+00,6.670592169912102243e+00,7.364841300474478381e+00,8.336788738629335782e+00,9.586433000788900927e+00,1.111377198487305407e+01,1.291880280063045561e+01,1.500152153620415163e+01,1.736192294124209212e+01,2.000000000000000000e+01
6.162038471273942442e+00,6.300419950489045462e+00,6.715564388134353635e+00,7.407471189140353296e+00,8.376139369548186053e+00,9.621567449914550707e+00,1.114375333421765113e+01,1.294269414079953684e+01,1.501838596977387041e+01,1.737082358726323861e+01,2.000000000000000000e+01
6.208726518926630966e+00,6.346641112203955437e+00,6.760384892035928850e+00,7.449957264972928428e+00,8.415357249785577309e+00,9.656583371238870228e+00,1.117363353944234206e+01,1.296650488140707580e+01,1.503519350928792164e+01,1.737969420573854507e+01,2.000000000000000000e+01
6.255257062515600097e+00,6.392706344839428567e+00,6.805054191810913089e+00,7.492300011629906997e+00,8.454442825840652986e+00,9.691481163473021354e+00,1.120341294083217853e+01,1.299023529366420071e+01,1.505194434622541699e+01,1.738853489774669825e+01,2.000000000000000000e+01
6.301630631829016949e+00,6.438616172892698053e+00,6.849572796083740478e+00,7.534499911277788620e+00,8.493396542831870732e+00,9.726261224090727353e+00,1.123309187761156736e+01,1.301388564793258418e+01,1.506863867146255487e+01,1.739734576404632449e+01,2.000000000000000000e+01
6.347847755013866333e+00,6.484371119235592396e+00,6.893941211900770583e+00,7.576557444584183010e+00,8.532218844490289555e+00,9.760923949322716453e+00,1.126267068793993609e+01,1.303745621372137542e+01,1.508527667527075700e+01,1.740612690507516191e+01,2.000000000000000000e+01
6.393908958568270684e+00,6.529971705106990321e+00,6.938159944723151007e+00,7.618473090711314732e+00,8.570910173153924561e+00,9.795469734152050023e+00,1.129214970890814662e+01,1.306094725968469028e+01,1.510185854731516386e+01,1.741487842094942806e+01,2.000000000000000000e+01
6.439814767335029444e+00,6.575418450106476520e+00,6.982229498420818636e+00,7.660247327310590215e+00,8.609470969763030723e+00,9.829898972310278538e+00,1.132152927653555352e+01,1.308435905361958618e+01,1.511838447665345342e+01,1.742360041146334382e+01,2.000000000000000000e+01
6.485565704496264239e+00,6.620711872189085412e+00,7.026150375267548931e+00,7.701880630518125770e+00,8.647901673856271287e+00,9.864212056274325846e+00,1.135080972576767167e+01,1.310769186246449713e+01,1.513485465173495825e+01,1.743229297608877815e+01,2.000000000000000000e+01
6.531162291569071243e+00,6.665852487661042325e+00,7.069923075936956458e+00,7.743373474951159352e+00,8.686202723567664208e+00,9.898409377264057341e+00,1.137999139047439812e+01,1.313094595229807027e+01,1.515126926040005806e+01,1.744095621397505269e+01,2.000000000000000000e+01
6.576605048402083931e+00,6.710840811176402632e+00,7.113548099499359623e+00,7.784726333705267010e+00,8.724374555624239136e+00,9.932491325240450308e+00,1.140907460344870650e+01,1.315412158833838063e+01,1.516762848987979773e+01,1.744959022394883519e+01,2.000000000000000000e+01
6.621894493172882257e+00,6.755677355734516887e+00,7.157025943419419889e+00,7.825939678352296092e+00,8.762417605344355209e+00,9.966458288904329166e+00,1.143805969640581921e+01,1.317721903494246760e+01,1.518393252679573635e+01,1.745819510451416789e+01,2.000000000000000000e+01
6.667031142386129261e+00,6.800362632678221608e+00,7.200357103554496874e+00,7.867013978938953933e+00,8.800332306636585500e+00,1.000031065569559452e+01,1.146694699998275802e+01,1.320023855560619630e+01,1.520018155716000230e+01,1.746677095385257772e+01,2.000000000000000000e+01
6.712015510872411106e+00,6.844897151692719284e+00,7.243542074153644705e+00,7.907949703985999612e+00,8.838119091999152133e+00,1.003404881179291408e+01,1.149573684373828364e+01,1.322318041296438018e+01,1.521637576637551170e+01,1.747531786982326807e+01,2.000000000000000000e+01
6.756848111787680189e+00,6.889281420805057898e+00,7.286581347857191027e+00,7.948747320487977497e+00,8.875778392519842797e+00,1.006767314211381859e+01,1.152442955615316933e+01,1.324604486879115584e+01,1.523251533923638235e+01,1.748383594996341017e+01,2.000000000000000000e+01
6.801529456613278235e+00,6.933515946384171791e+00,7.329475415696853347e+00,7.989407293913434849e+00,8.913310637876353582e+00,1.010118403031518497e+01,1.155302546463076219e+01,1.326883218400059583e+01,1.524860045992845237e+01,1.749232529148848414e+01,2.000000000000000000e+01
6.846060055156454105e+00,6.977601233141422554e+00,7.372224767096326126e+00,8.029930088205588845e+00,8.950716256337040377e+00,1.013458185879405171e+01,1.158152489549784114e+01,1.329154261864751163e+01,1.526463131202996948e+01,1.750078599129269818e+01,2.000000000000000000e+01
6.890440415551352338e+00,7.021537784131591131e+00,7.414829889872307511e+00,8.070316165783390616e+00,8.987995674762027321e+00,1.016786700868874327e+01,1.160992817400570765e+01,1.331417643192845723e+01,1.528060807851239389e+01,1.750921814594947890e+01,2.000000000000000000e+01
6.934671044260407591e+00,7.065326100754284688e+00,7.457291270235916869e+00,8.110565987542967648e+00,9.025149318604638538e+00,1.020103985988026807e+01,1.163823562433150549e+01,1.333673388218288913e+01,1.529653094174130601e+01,1.751762185171197217e+01,2.000000000000000000e+01
6.978752446076135207e+00,7.108966682755720967e+00,7.499609392794478246e+00,8.150680012859378820e+00,9.062177611913130093e+00,1.023410079099398295e+01,1.166644756957975027e+01,1.335921522689449148e+01,1.531240008347740478e+01,1.752599720451364718e+01,2.000000000000000000e+01
7.022685124123249523e+00,7.152460028230840372e+00,7.541784740553612920e+00,8.190658699588679426e+00,9.099080977332683062e+00,1.026705017940147791e+01,1.169456433178404176e+01,1.338162072269261849e+01,1.532821568487761965e+01,1.753434429996890742e+01,2.000000000000000000e+01
7.066469579861099248e+00,7.195806633625733362e+00,7.583817794919636590e+00,8.230502504070257075e+00,9.135859836107636411e+00,1.029988840122265614e+01,1.172258623190893800e+01,1.340395062535389492e+01,1.534397792649629366e+01,1.754266323337374800e+01,2.000000000000000000e+01
7.110106313086380858e+00,7.239006993740339624e+00,7.625709035702213257e+00,8.270211881129409193e+00,9.172514608083947252e+00,1.033261583132801498e+01,1.175051358985198036e+01,1.342620518980388766e+01,1.535968698828642687e+01,1.755095409970644837e+01,2.000000000000000000e+01
7.153595821936112209e+00,7.282061601731397715e+00,7.667458941117252458e+00,8.309787284080133674e+00,9.209045711711844717e+00,1.036523284334109185e+01,1.177834672444586239e+01,1.344838467011891403e+01,1.537534304960100151e+01,1.755921699362831134e+01,2.000000000000000000e+01
7.196938602890821990e+00,7.324970949115619412e+00,7.709067987790011678e+00,8.349229164728136254e+00,9.245453564048650819e+00,1.039773980964106137e+01,1.180608595346071255e+01,1.347048931952792117e+01,1.539094628919436758e+01,1.756745200948441976e+01,2.000000000000000000e+01
7.240135150777951445e+00,7.367735525773066563e+00,7.750536650758413693e+00,8.388537973374004864e+00,9.281738580761778934e+00,1.043013710136546557e+01,1.183373159360648863e+01,1.349251939041445247e+01,1.540649688522366034e+01,1.757565924130439683e+01,2.000000000000000000e+01
7.283185958775447055e+00,7.410355819950713574e+00,7.791865403476514018e+00,8.427714158816543843e+00,9.317901176131863750e+00,1.046242508841307206e+01,1.186128396053547540e+01,1.351447513431869574e+01,1.542199501525030847e+01,1.758383878280323742e+01,2.000000000000000000e+01
7.326091518415521087e+00,7.452832318266178646e+00,7.833054717818150436e+00,8.466758168356269820e+00,9.353941763056029757e+00,1.049460413944684234e+01,1.188874336884487981e+01,1.353635680193958279e+01,1.543744085624153328e+01,1.759199072738211811e+01,2.000000000000000000e+01
7.368852319588552469e+00,7.495165505711592679e+00,7.874105064080711536e+00,8.505670447799019485e+00,9.389860753051264552e+00,1.052667462189699421e+01,1.191611013207947778e+01,1.355816464313696379e+01,1.545283458457192438e+01,1.760011516812924981e+01,2.000000000000000000e+01
7.411468850547130671e+00,7.537355865657610288e+00,7.915016910989048249e+00,8.544451441459681718e+00,9.425658556257911158e+00,1.055863690196416371e+01,1.194338456273436044e+01,1.357989890693381696e+01,1.546817637602504192e+01,1.760821219782073044e+01,2.000000000000000000e+01
7.453941597910219485e+00,7.579403879857538939e+00,7.955790725699496413e+00,8.583101592166050509e+00,9.461335581443250931e+00,1.059049134462263630e+01,1.197056697225773725e+01,1.360155984151853126e+01,1.548346640579502953e+01,1.761628190892142598e+01,2.000000000000000000e+01
7.496271046667434490e+00,7.621310028451575569e+00,7.996426973803999694e+00,8.621621341262745375e+00,9.496892236005153975e+00,1.062223831362365623e+01,1.199765767105379055e+01,1.362314769424720673e+01,1.549870484848828767e+01,1.762432439358585867e+01,2.000000000000000000e+01
7.538457680183410226e+00,7.663074789971140000e+00,8.036926119334326657e+00,8.660011128615234810e+00,9.532328925975837919e+00,1.065387817149879979e+01,1.202465696848558885e+01,1.364466271164600464e+01,1.551389187812514692e+01,1.763233974365910584e+01,2.000000000000000000e+01
7.580501980202259737e+00,7.704698641343285637e+00,8.077288624766362446e+00,8.698271392613939668e+00,9.567646056025656875e+00,1.068541127956339665e+01,1.205156517287804085e+01,1.366610513941353666e+01,1.552902766814157332e+01,1.764032805067771292e+01,2.000000000000000000e+01
7.622404426852106951e+00,7.746182057895201645e+00,8.117514951024487502e+00,8.736402570178382732e+00,9.602844029466979237e+00,1.071683799792002389e+01,1.207838259152089400e+01,1.368747522242327008e+01,1.554411239139088785e+01,1.764828940587061012e+01,2.000000000000000000e+01
7.664165498649693653e+00,7.787525513358771079e+00,8.157605557486004244e+00,8.774405096761412892e+00,9.637923248258099207e+00,1.074815868546200903e+01,1.210510953067175777e+01,1.370877320472597027e+01,1.555914622014550552e+01,1.765622390016004317e+01,2.000000000000000000e+01
7.705785672505047756e+00,7.828729479875194741e+00,8.197560901985635695e+00,8.812279406353489719e+00,9.672884113007206963e+00,1.077937369987701111e+01,1.213174629555917505e+01,1.372999932955215030e+01,1.557412932609868506e+01,1.766413162416249349e+01,2.000000000000000000e+01
7.747265423726197753e+00,7.869794427999664777e+00,8.237381440820065848e+00,8.850025931486985797e+00,9.707727022976387232e+00,1.081048339765060362e+01,1.215829319038571299e+01,1.375115383931457380e+01,1.558906188036630525e+01,1.767201266818964456e+01,2.000000000000000000e+01
7.788605226023943118e+00,7.910720826706088893e+00,8.277067628752526218e+00,8.887645103240565447e+00,9.742452376085672938e+00,1.084148813406991252e+01,1.218475051833106981e+01,1.377223697561073124e+01,1.560394405348863067e+01,1.767986712224930201e+01,2.000000000000000000e+01
7.829805551516659357e+00,7.951509143391849221e+00,8.316619919017419704e+00,8.925137351243568773e+00,9.777060568917114836e+00,1.087238826322727014e+01,1.221111858155521546e+01,1.379324897922536763e+01,1.561877601543209870e+01,1.768769507604636004e+01,2.000000000000000000e+01
7.870866870735142129e+00,7.992159843882603809e+00,8.356038763324987073e+00,8.962503103680452554e+00,9.811551996718877788e+00,1.090318413802389053e+01,1.223739768120154814e+01,1.381419009013300858e+01,1.563355793559112783e+01,1.769549661898374993e+01,2.000000000000000000e+01
7.911789652627493119e+00,8.032673392437118309e+00,8.395324611865994768e+00,8.999742787295232915e+00,9.845927053409372576e+00,1.093387611017356065e+01,1.226358811740005805e+01,1.383506054750049508e+01,1.564828998278990113e+01,1.770327184016338151e+01,2.000000000000000000e+01
7.952574364564010345e+00,8.073050251752118101e+00,8.434477913316442255e+00,9.036856827395970626e+00,9.880186131581396580e+00,1.096446453020636369e+01,1.228969018927050882e+01,1.385586058968952194e+01,1.566297232528418348e+01,1.771102082838713443e+01,2.000000000000000000e+01
7.993221472342118439e+00,8.113290882967165274e+00,8.473499114842306668e+00,9.073845647859267061e+00,9.914329622506295792e+00,1.099494974747239873e+01,1.231570419492563317e+01,1.387659045425921356e+01,1.567760513076312634e+01,1.771874367215777824e+01,2.000000000000000000e+01
8.033731440191319351e+00,8.153395745669563155e+00,8.512388662104292791e+00,9.110709671134776144e+00,9.948357916138142798e+00,1.102533211014552172e+01,1.234163043147433214e+01,1.389725037796866225e+01,1.569218856635109383e+01,1.772644045967996718e+01,2.000000000000000000e+01
8.074104730778147498e+00,8.193365297899260824e+00,8.551146999262597248e+00,9.147449318249732286e+00,9.982271401117923659e+00,1.105561196522710077e+01,1.236746919502488318e+01,1.391784059677950935e+01,1.570672279860946574e+01,1.773411127886118877e+01,2.000000000000000000e+01
8.114341805211145342e+00,8.233199996153784284e+00,8.589774568981699332e+00,9.184065008813490749e+00,1.001607046477773366e+01,1.108578965854975529e+01,1.239322078068815003e+01,1.393836134585849784e+01,1.572120799353846188e+01,1.774175621731273367e+01,2.000000000000000000e+01
8.154443123045849617e+00,8.272900295393172954e+00,8.628271812435142962e+00,9.220557161022068016e+00,1.004975549314497840e+01,1.111586553478113792e+01,1.241888548258081038e+01,1.395881285958006046e+01,1.573564431657896989e+01,1.774937536235065139e+01,2.000000000000000000e+01
8.194409142289778458e+00,8.312466649044917943e+00,8.666639169310334623e+00,9.256926191662696368e+00,1.008332687094658375e+01,1.114583993742768087e+01,1.244446359382856038e+01,1.397919537152888125e+01,1.575003193261435719e+01,1.775696880099671304e+01,2.000000000000000000e+01
8.234240319407437170e+00,8.351899509008914535e+00,8.704877077813346631e+00,9.293172516118380244e+00,1.011678498161320938e+01,1.117571320883836883e+01,1.246995540656935120e+01,1.399950911450247304e+01,1.576437100597229879e+01,1.776453661997939193e+01,2.000000000000000000e+01
8.273937109325315120e+00,8.391199325662416442e+00,8.742985974673718630e+00,9.329296548372459696e+00,1.015013020728346049e+01,1.120548569020851737e+01,1.249536121195660421e+01,1.401975432051374426e+01,1.577866170042658567e+01,1.777207890573480498e+01,2.000000000000000000e+01
8.313499965436884409e+00,8.430366547864981186e+00,8.780966295149271517e+00,9.365298701013161420e+00,1.018336292880809957e+01,1.123515772158352100e+01,1.252068130016242264e+01,1.403993122079358002e+01,1.579290417919895795e+01,1.777959574440768975e+01,2.000000000000000000e+01
8.352929339607610970e+00,8.469401622963435017e+00,8.818818473030905380e+00,9.401179385238160435e+00,1.021648352575426522e+01,1.126472964186263503e+01,1.254591596038082457e+01,1.406004004579340005e+01,1.580709860496090968e+01,1.778708722185236013e+01,2.000000000000000000e+01
8.392225682179953239e+00,8.508304996796814734e+00,8.856542940647402773e+00,9.436939010859143551e+00,1.024949237640967503e+01,1.129420178880273440e+01,1.257106548083095099e+01,1.408008102518773086e+01,1.582124513983551317e+01,1.779455342363366199e+01,2.000000000000000000e+01
8.431389441978348387e+00,8.547077113701320172e+00,8.894140128870233752e+00,9.472577986306353282e+00,1.028238985778683912e+01,1.132357449902207058e+01,1.259613014876028103e+01,1.410005438787677257e+01,1.583534394539922907e+01,1.780199443502794310e+01,2.000000000000000000e+01
8.470421066314235858e+00,8.585718416515264906e+00,8.931610467118353824e+00,9.508096718633142430e+00,1.031517634562725405e+01,1.135284810800403577e+01,1.262111025044784007e+01,1.411996036198895865e+01,1.584939518268371295e+01,1.780941034102399811e+01,2.000000000000000000e+01
8.509321000991009853e+00,8.624229346584005640e+00,8.968954383362989446e+00,9.543495613520516230e+00,1.034785221440560754e+01,1.138202295010090026e+01,1.264600607120740072e+01,1.413979917488350324e+01,1.586339901217762360e+01,1.781680122632402430e+01,2.000000000000000000e+01
8.548089690309035760e+00,8.662610343764884036e+00,9.006172304132428863e+00,9.578775075281672713e+00,1.038041783733397061e+01,1.141109935853757484e+01,1.267081789539069092e+01,1.415957105315296616e+01,1.587735559382842965e+01,1.782416717534458428e+01,2.000000000000000000e+01
8.586727577070590200e+00,8.700861846432141888e+00,9.043264654516795176e+00,9.613935506866530645e+00,1.041287358636598093e+01,1.144007766541533933e+01,1.269554600639058073e+01,1.417927622262579135e+01,1.589126508704420715e+01,1.783150827221755108e+01,2.000000000000000000e+01
8.625235102584861480e+00,8.738984291481850519e+00,9.080231858172819415e+00,9.648977309866259233e+00,1.044521983220101724e+01,1.146895820171557645e+01,1.272019068664427266e+01,1.419891490836885772e+01,1.590512765069543555e+01,1.783882460079104959e+01,2.000000000000000000e+01
8.663612706672884300e+00,8.776978114336813519e+00,9.117074337328601175e+00,9.683900884517781193e+00,1.047745694428837382e+01,1.149774129730349870e+01,1.274475221763647959e+01,1.421848733469000869e+01,1.591894344311679887e+01,1.784611624463042645e+01,2.000000000000000000e+01
8.701860827672510013e+00,8.814843748951471269e+00,9.153792512788358593e+00,9.718706629708291800e+00,1.050958529083141357e+01,1.152642728093186797e+01,1.276923087990260086e+01,1.423799372514058525e+01,1.593271262210895856e+01,1.785338328701916666e+01,2.000000000000000000e+01
8.739979902443314685e+00,8.852581627816778820e+00,9.190386803937171223e+00,9.753394942979745963e+00,1.054160523879173361e+01,1.155501648024469752e+01,1.279362695303189312e+01,1.425743430251795374e+01,1.594643534494034043e+01,1.786062581095985280e+01,2.000000000000000000e+01
8.777970366371560473e+00,8.890192181965097973e+00,9.226857628745714024e+00,9.787966220533347084e+00,1.057351715389329883e+01,1.158350922178096276e+01,1.281794071567062510e+01,1.427680928886802647e+01,1.596011176834894307e+01,1.786784389917511362e+01,2.000000000000000000e+01
8.815832653375082373e+00,8.927675840975055621e+00,9.263205403774975366e+00,9.822420857234027025e+00,1.060532140062657369e+01,1.161190583097828544e+01,1.284217244552523596e+01,1.429611890548776998e+01,1.597374204854406621e+01,1.787503763410852997e+01,2.000000000000000000e+01
8.853567195908217613e+00,8.965033032976405636e+00,9.299430544180967928e+00,9.856759246614904768e+00,1.063701834225265053e+01,1.164020663217661777e+01,1.286632241936546706e+01,1.431536337292771321e+01,1.598732634120811191e+01,1.788220709792559759e+01,2.000000000000000000e+01
8.891174424966685308e+00,9.002264184654871215e+00,9.335533463719430713e+00,9.890981780881746843e+00,1.066860834080736176e+01,1.166841194862191777e+01,1.289039091302751139e+01,1.433454291099445399e+01,1.600086480149834145e+01,1.788935237251464727e+01,2.000000000000000000e+01
8.928654770092466109e+00,9.039369721256974799e+00,9.371514574750500870e+00,9.925088850917404670e+00,1.070009175710537619e+01,1.169652210246981561e+01,1.291437820141713466e+01,1.435365773875314055e+01,1.601435758404864984e+01,1.789647353948778985e+01,2.000000000000000000e+01
8.966008659378674750e+00,9.076350066594857324e+00,9.407374288243405047e+00,9.959080846286251898e+00,1.073146895074429885e+01,1.172453741478925515e+01,1.293828455851278925e+01,1.437270807452996735e+01,1.602780484297128893e+01,1.790357068018182218e+01,2.000000000000000000e+01
9.003236519474413058e+00,9.113205643051086824e+00,9.443113013781106346e+00,9.992958155238591544e+00,1.076274028010873884e+01,1.175245820556615328e+01,1.296211025736873701e+01,1.439169413591465663e+01,1.604120673185865442e+01,1.791064387565916505e+01,2.000000000000000000e+01
9.040338775589610520e+00,9.149936871583449260e+00,9.478731159564965481e+00,1.002672116471507913e+01,1.079390610237439141e+01,1.178028479370702364e+01,1.298585557011814196e+01,1.441061613976291689e+01,1.605456340378500713e+01,1.791769320670877619e+01,2.000000000000000000e+01
9.077315851499854205e+00,9.186544171729730479e+00,9.514229132419359303e+00,1.006037026035110316e+01,1.082496677351208980e+01,1.180801749704260395e+01,1.300952076797616286e+01,1.442947430219892269e+01,1.606787501130823159e+01,1.792471875384707758e+01,2.000000000000000000e+01
9.114168169551197352e+00,9.223027961612476844e+00,9.549607337796317097e+00,1.009390582648117274e+01,1.085592264829184117e+01,1.183565663233146381e+01,1.303310612124304058e+01,1.444826883861776601e+01,1.608114170647155561e+01,1.793172059731886847e+01,2.000000000000000000e+01
9.150896150664959094e+00,9.259388657943750545e+00,9.584866179780124895e+00,1.012732824614328564e+01,1.088677408028687488e+01,1.186320251526361069e+01,1.305661189930716937e+01,1.446699996368790586e+01,1.609436364080528392e+01,1.793869881709823844e+01,2.000000000000000000e+01
9.187500214342525950e+00,9.295626676029872471e+00,9.620006061091913807e+00,1.016063790108328035e+01,1.091752142187765173e+01,1.189065546046408528e+01,1.308003837064816111e+01,1.448566789135361077e+01,1.610754096532853552e+01,1.794565349288947687e+01,2.000000000000000000e+01
9.223980778670098246e+00,9.331742429776136660e+00,9.655027383094250126e+00,1.019383517175918463e+01,1.094816502425588034e+01,1.191801578149652485e+01,1.310338580283990240e+01,1.450427283483739771e+01,1.612067383055094183e+01,1.795258470412798602e+01,2.000000000000000000e+01
9.260338260323470294e+00,9.367736331691528306e+00,9.689930545795700567e+00,1.022692043734554801e+01,1.097870523742851390e+01,1.194528379086675329e+01,1.312665446255360280e+01,1.452281500664246039e+01,1.613376238647438754e+01,1.795949252998117629e+01,2.000000000000000000e+01
9.296573074572755502e+00,9.403608792893409785e+00,9.724715947855372633e+00,1.025989407573774415e+01,1.100914241022172924e+01,1.197245980002632670e+01,1.314984461556082884e+01,1.454129461855508154e+01,1.614680678259469104e+01,1.796637704934937929e+01,2.000000000000000000e+01
9.332685635287127468e+00,9.439360223112215564e+00,9.759383986587479853e+00,1.029275646355628560e+01,1.103947689028490764e+01,1.199954411937608967e+01,1.317295652673653450e+01,1.455971188164706298e+01,1.615980716790333815e+01,1.797323834086673955e+01,2.000000000000000000e+01
9.368676354939525552e+00,9.474991030696104488e+00,9.793935057965841295e+00,1.032550797615111904e+01,1.106970902409458901e+01,1.202653705826969954e+01,1.319599046006207743e+01,1.457806700627810947e+01,1.617276369088914834e+01,1.798007648290210980e+01,2.000000000000000000e+01
9.404545644611358668e+00,9.510501622615620931e+00,9.828369556628405945e+00,1.035814898760588321e+01,1.109983915695842072e+01,1.205343892501715608e+01,1.321894667862822281e+01,1.459636020209824103e+01,1.618567649953998711e+01,1.798689155355994984e+01,2.000000000000000000e+01
9.440293913997187758e+00,9.545892404468329318e+00,9.862687875881752220e+00,1.039067987074218635e+01,1.112986763301909399e+01,1.208025002688832927e+01,1.324182544463815425e+01,1.461459167805018033e+01,1.619854574134445357e+01,1.799368363068122179e+01,2.000000000000000000e+01
9.475921571409390509e+00,9.581163780483432646e+00,9.896890407705559056e+00,1.042310099712385352e+01,1.115979479525826790e+01,1.210697067011643746e+01,1.326462701941044564e+01,1.463276164237173127e+01,1.621137156329356088e+01,1.800045279184426050e+01,2.000000000000000000e+01
9.511429023782826064e+00,9.616316153526391020e+00,9.930977542757084109e+00,1.045541273706115781e+01,1.118962098550047379e+01,1.213360115990156096e+01,1.328735166338206319e+01,1.465087030259815570e+01,1.622415411188239887e+01,1.800719911436567600e+01,2.000000000000000000e+01
9.546816676679462432e+00,9.651349925103499316e+00,9.964949670375611745e+00,1.048761545961504460e+01,1.121934654441701973e+01,1.216014180041410775e+01,1.330999963611131243e+01,1.466891786556454313e+01,1.623689353311182515e+01,1.801392267530122382e+01,2.000000000000000000e+01
9.582084934293005674e+00,9.686265495366477296e+00,9.998807178586895716e+00,1.051970953260134323e+01,1.124897181152987535e+01,1.218659289479828800e+01,1.333257119628081355e+01,1.468690453740816615e+01,1.624958997249012427e+01,1.802062355144670036e+01,2.000000000000000000e+01
9.617234199453516652e+00,9.721063263117034836e+00,1.003255045410758939e+01,1.055169532259495924e+01,1.127849712521553549e+01,1.221295474517557444e+01,1.335506660170045024e+01,1.470483052357083054e+01,1.626224357503464901e+01,1.802730181933878839e+01,2.000000000000000000e+01
9.652264873631994035e+00,9.755743625811406972e+00,1.006617988234964400e+01,1.058357319493405591e+01,1.130792282270889260e+01,1.223922765264814672e+01,1.337748610931030413e+01,1.472269602880122896e+01,1.627485448527350087e+01,1.803395755525596655e+01,2.000000000000000000e+01
9.687177356944964401e+00,9.790306979564903145e+00,1.009969584742471760e+01,1.061534351372421803e+01,1.133724924010707547e+01,1.226541191730232150e+01,1.339982997518359120e+01,1.474050125715726267e+01,1.628742284724717848e+01,1.804059083521935491e+01,2.000000000000000000e+01
9.721972048159040369e+00,9.824753719156419152e+00,1.013309873214855372e+01,1.064700664184261569e+01,1.136647671237328439e+01,1.229150783821198623e+01,1.342209845452958916e+01,1.475824641200838094e+01,1.629994880451019768e+01,1.804720173499359248e+01,2.000000000000000000e+01
9.756649344695476955e+00,9.859084238032943759e+00,1.016638891804534062e+01,1.067856294094213609e+01,1.139560557334062096e+01,1.231751571344200080e+01,1.344429180169653648e+01,1.477593169603790102e+01,1.631243250013275414e+01,1.805379033008770051e+01,2.000000000000000000e+01
9.791209642634692401e+00,9.893298928314040452e+00,1.019956678535208461e+01,1.071001277145551889e+01,1.142463615571588775e+01,1.234343584005160999e+01,1.346641027017454917e+01,1.479355731124531559e+01,1.632487407670233992e+01,1.806035669575594582e+01,2.000000000000000000e+01
9.825653336720806763e+00,9.927398180796336291e+00,1.023263271302292488e+01,1.074135649259945779e+01,1.145356879108338966e+01,1.236926851409782735e+01,1.348845411259850202e+01,1.481112345894860383e+01,1.633727367632538119e+01,1.806690090699868989e+01,2.000000000000000000e+01
9.859980820366130772e+00,9.961382384957968128e+00,1.026558707873347842e+01,1.077259446237870755e+01,1.148240380990871756e+01,1.239501403063881568e+01,1.351042358075092231e+01,1.482863033978652822e+01,1.634963144062885831e+01,1.807342303856326637e+01,2.000000000000000000e+01
9.894192485655670666e+00,9.995251928963037713e+00,1.029843025888514063e+01,1.080372703759017661e+01,1.151114154154252311e+01,1.242067268373725497e+01,1.353231892556485860e+01,1.484607815372092077e+01,1.636194751076192233e+01,1.807992316494480889e+01,2.000000000000000000e+01
9.928288723351586853e+00,1.002900719966603660e+01,1.033116262860938583e+01,1.083475457382698437e+01,1.153978231422427925e+01,1.244624476646369793e+01,1.355414039712674423e+01,1.486346710003897265e+01,1.637422202739750077e+01,1.808640136038712143e+01,2.000000000000000000e+01
9.962269922897673879e+00,1.006264858261626749e+01,1.036378456177204654e+01,1.086567742548253435e+01,1.156832645508601942e+01,1.247173057089992199e+01,1.357588824467925370e+01,1.488079737735550268e+01,1.638645513073391413e+01,1.809285769888351680e+01,2.000000000000000000e+01
9.996136472423794217e+00,1.009617646206224251e+01,1.039629643097758382e+01,1.089649594575455360e+01,1.159677429015607686e+01,1.249713038814224930e+01,1.359756271662414839e+01,1.489806918361523280e+01,1.639864696049646398e+01,1.809929225417765863e+01,2.000000000000000000e+01
1.002988875875031027e+01,1.012959122095606723e+01,1.042869860757333633e+01,1.092721048664912331e+01,1.162512614436281311e+01,1.252244450830488987e+01,1.361916406052511697e+01,1.491528271609503875e+01,1.641079765593903872e+01,1.810570509976441400e+01,2.000000000000000000e+01
1.006352716739249509e+01,1.016289324095781410e+01,1.046099146165376759e+01,1.095782139898469865e+01,1.165338234153830932e+01,1.254767322052323486e+01,1.364069252311059088e+01,1.493243817140620600e+01,1.642290735584570172e+01,1.811209630889068123e+01,2.000000000000000000e+01
1.009705208256495013e+01,1.019608290243988336e+01,1.049317536206468482e+01,1.098832903239611802e+01,1.168154320442208771e+01,1.257281681295717313e+01,1.366214835027657415e+01,1.494953574549668218e+01,1.643497619853227221e+01,1.811846595455623898e+01,2.000000000000000000e+01
1.013046388718596980e+01,1.022916058449134091e+01,1.052525067640745249e+01,1.101873373533859635e+01,1.170960905466477797e+01,1.259787557279436854e+01,1.368353178708943751e+01,1.496657563365329580e+01,1.644700432184790273e+01,1.812481410951455985e+01,2.000000000000000000e+01
1.016376296288193970e+01,1.026212666492225267e+01,1.055721777104318981e+01,1.104903585509169162e+01,1.173758021283179787e+01,1.262284978625354981e+01,1.370484307778873578e+01,1.498355803050401747e+01,1.645899186317667073e+01,1.813114084627367006e+01,2.000000000000000000e+01
1.019694968999167095e+01,1.029498152026799218e+01,1.058907701109695587e+01,1.107923573776328396e+01,1.176545699840701253e+01,1.264773973858777545e+01,1.372608246578997537e+01,1.500048313002014488e+01,1.647093895943911335e+01,1.813744623709694181e+01,2.000000000000000000e+01
1.023002444757075402e+01,1.032772552579354475e+01,1.062082876046191515e+01,1.110933372829351917e+01,1.179323972979637958e+01,1.267254571408768271e+01,1.374725019368741030e+01,1.501735112551854279e+01,1.648284574709382611e+01,1.814373035400395295e+01,2.000000000000000000e+01
1.026298761339589127e+01,1.036035905549779201e+01,1.065247338180349601e+01,1.113933017045875395e+01,1.182092872433159059e+01,1.269726799608474721e+01,1.376834650325679377e+01,1.503416220966384209e+01,1.649471236213899772e+01,1.814999326877129349e+01,2.000000000000000000e+01
1.029583956396919397e+01,1.039288248211777699e+01,1.068401123656352780e+01,1.116922540687547638e+01,1.184852429827369136e+01,1.272190686695451056e+01,1.378937163545816880e+01,1.505091657447065145e+01,1.650653894011398393e+01,1.815623505293337203e+01,2.000000000000000000e+01
1.032858067452250417e+01,1.042529617713297085e+01,1.071544268496436914e+01,1.119901977900422096e+01,1.187602676681669500e+01,1.274646260811980802e+01,1.381032583043858963e+01,1.506761441130572798e+01,1.651832561610083161e+01,1.816245577778325782e+01,2.000000000000000000e+01
1.036121131902166148e+01,1.045760051076950425e+01,1.074676808601303257e+01,1.122871362715346599e+01,1.190343644409117552e+01,1.277093550005397837e+01,1.383120932753487864e+01,1.508425591089017814e+01,1.653007252472583843e+01,1.816865551437349069e+01,2.000000000000000000e+01
1.039373187017078060e+01,1.048979585200440212e+01,1.077798779750526492e+01,1.125830729048352197e+01,1.193075364316786491e+01,1.279532582228406845e+01,1.385202236527636543e+01,1.510084126330163912e+01,1.654177980016108407e+01,1.817483433351686983e+01,2.000000000000000000e+01
1.042614269941651095e+01,1.052188256856979542e+01,1.080910217602965062e+01,1.128780110701040407e+01,1.195797867606122011e+01,1.281963385339403239e+01,1.387276518138759407e+01,1.511737065797643709e+01,1.655344757612596496e+01,1.818099230578728154e+01,2.000000000000000000e+01
1.045844417695226980e+01,1.055386102695712047e+01,1.084011157697167071e+01,1.131719541360969217e+01,1.198511185373299170e+01,1.284385987102790239e+01,1.389343801279105328e+01,1.513384428371175972e+01,1.656507598588872199e+01,1.818712950152051278e+01,2.000000000000000000e+01
1.049063667172248238e+01,1.058573159242130579e+01,1.087101635451777426e+01,1.134649054602038198e+01,1.201215348609577305e+01,1.286800415189296842e+01,1.391404109560987301e+01,1.515026232866780376e+01,1.657666516226794684e+01,1.819324599081502924e+01,2.000000000000000000e+01
1.052272055142678653e+01,1.061749462898494301e+01,1.090181686165941244e+01,1.137568683884870957e+01,1.203910388201654058e+01,1.289206697176292593e+01,1.393457466517052445e+01,1.516662498036994045e+01,1.658821523763413452e+01,1.819934184353280671e+01,2.000000000000000000e+01
1.055469618252422670e+01,1.064915049944243997e+01,1.093251345019707621e+01,1.140478462557198114e+01,1.206596334932017633e+01,1.291604860548104305e+01,1.395503895600551125e+01,1.518293242571083823e+01,1.659972634391115420e+01,1.820541712930009837e+01,2.000000000000000000e+01
1.058656393023745679e+01,1.068069956536417031e+01,1.096310647074431088e+01,1.143378423854237980e+01,1.209273219479299222e+01,1.293994932696328526e+01,1.397543420185603935e+01,1.519918485095260685e+01,1.661119861257778751e+01,1.821147191750825201e+01,2.000000000000000000e+01
1.061832415855688971e+01,1.071214218710059818e+01,1.099359627273172357e+01,1.146268600899076162e+01,1.211941072418622767e+01,1.296376940920145060e+01,1.399576063567469397e+01,1.521538244172892362e+01,1.662263217466920651e+01,1.821750627731448802e+01,2.000000000000000000e+01
1.064997723024487719e+01,1.074347872378639934e+01,1.102398320441096757e+01,1.149149026703043575e+01,1.214599924221954019e+01,1.298750912426628545e+01,1.401601848962810060e+01,1.523152538304715442e+01,1.663402716077849064e+01,1.822352027764269877e+01,2.000000000000000000e+01
1.068152350683983265e+01,1.077470953334455750e+01,1.105426761285872850e+01,1.152019734166093556e+01,1.217249805258449591e+01,1.301116874331059137e+01,1.403620799509956640e+01,1.524761385929046575e+01,1.664538370105810827e+01,1.822951398718423732e+01,2.000000000000000000e+01
1.071296334866037192e+01,1.080583497249044989e+01,1.108444984398068556e+01,1.154880756077178106e+01,1.219890745794802100e+01,1.303474853657232302e+01,1.405632938269173771e+01,1.526364805421992799e+01,1.665670192522139814e+01,1.823548747439869189e+01,2.000000000000000000e+01
1.074429711480942551e+01,1.083685539673593290e+01,1.111453024251545507e+01,1.157732125114621979e+01,1.222522775995587629e+01,1.305824877337767376e+01,1.407638288222922007e+01,1.527962815097661675e+01,1.666798196254406150e+01,1.824144080751467811e+01,2.000000000000000000e+01
1.077552516317834375e+01,1.086777116039339219e+01,1.114450915203853754e+01,1.160573873846495374e+01,1.225145925923609092e+01,1.308166972214415402e+01,1.409636872276121267e+01,1.529555433208370552e+01,1.667922394186563650e+01,1.824737405453061356e+01,2.000000000000000000e+01
1.080664785045097176e+01,1.089858261657978744e+01,1.117438691496623626e+01,1.163406034730987137e+01,1.227760225540239958e+01,1.310501165038365201e+01,1.411628713256412304e+01,1.531142677944855102e+01,1.669042799159095480e+01,1.825328728321548866e+01,2.000000000000000000e+01
1.083766553210774042e+01,1.092929011722069710e+01,1.120416387255956892e+01,1.166228640116774251e+01,1.230365704705766383e+01,1.312827482470549612e+01,1.413613833914416951e+01,1.532724567436476626e+01,1.670159423969163015e+01,1.825918056110965182e+01,2.000000000000000000e+01
1.086857856242971110e+01,1.095989401305432587e+01,1.123384036492816840e+01,1.169041722243392556e+01,1.232962393179728622e+01,1.315145951081949249e+01,1.415592256923997994e+01,1.534301119751429177e+01,1.671272281370750790e+01,1.826505395552557331e+01,2.000000000000000000e+01
1.089938729450263999e+01,1.099039465363552104e+01,1.126341673103416419e+01,1.171845313241603392e+01,1.235550320621260134e+01,1.317456597353896797e+01,1.417564004882519058e+01,1.535872352896947035e+01,1.672381384074812871e+01,1.827090753354861974e+01,2.000000000000000000e+01
1.093009208022098910e+01,1.102079238733975508e+01,1.129289330869604946e+01,1.174639445133761839e+01,1.238129516589426871e+01,1.319759447678378095e+01,1.419529100311101644e+01,1.537438284819508638e+01,1.673486744749416388e+01,1.827674136203781430e+01,2.000000000000000000e+01
1.096069327029196039e+01,1.105108756136710646e+01,1.132227043459255000e+01,1.177424149834182110e+01,1.240700010543565135e+01,1.322054528358335546e+01,1.421487565654882701e+01,1.538998933405042280e+01,1.674588376019888614e+01,1.828255550762660064e+01,2.000000000000000000e+01
1.099119121423949252e+01,1.108128052174623512e+01,1.135154844426646292e+01,1.180199459149502239e+01,1.243261831843617671e+01,1.324341865607967073e+01,1.423439423283270777e+01,1.540554316479131280e+01,1.675686290468959427e+01,1.828835003672361381e+01,2.000000000000000000e+01
1.102158626040826839e+01,1.111137161333832246e+01,1.138072767212848646e+01,1.182965404779046636e+01,1.245815009750468683e+01,1.326621485553025792e+01,1.425384695490202702e+01,1.542104451807216314e+01,1.676780500636905913e+01,1.829412501551342274e+01,2.000000000000000000e+01
1.105187875596767277e+01,1.114136117984101659e+01,1.140980845146104983e+01,1.185722018315189175e+01,1.248359573426279212e+01,1.328893414231118797e+01,1.427323404494396719e+01,1.543649357094799335e+01,1.677871019021694110e+01,1.829988050995729765e+01,2.000000000000000000e+01
1.108206904691577499e+01,1.117124956379235812e+01,1.143879111442210750e+01,1.188469331243713079e+01,1.250895551934818251e+01,1.331157677592003985e+01,1.429255572439606148e+01,1.545189049987644125e+01,1.678957858079123611e+01,1.830561658579396322e+01,2.000000000000000000e+01
1.111215747808327059e+01,1.120103710657468987e+01,1.146767599204894239e+01,1.191207374944171171e+01,1.253422974241796695e+01,1.333414301497886889e+01,1.431181221394873937e+01,1.546723548071980048e+01,1.680041030222969667e+01,1.831133330854034469e+01,2.000000000000000000e+01
1.114214439313742311e+01,1.123072414841855249e+01,1.149646341426193885e+01,1.193936180690244342e+01,1.255941869215197570e+01,1.335663311723716440e+01,1.433100373354783841e+01,1.548252868874702237e+01,1.681120547825123879e+01,1.831703074349231741e+01,2.000000000000000000e+01
1.117203013458598626e+01,1.126031102840657816e+01,1.152515370986835919e+01,1.196655779650097884e+01,1.258452265625604838e+01,1.337904733957478065e+01,1.435013050239711241e+01,1.549777029863570732e+01,1.682196423215735948e+01,1.832270895572545655e+01,2.000000000000000000e+01
1.120181504378112258e+01,1.128979808447736488e+01,1.155374720656609355e+01,1.199366202886738542e+01,1.260954192146533082e+01,1.340138593800488387e+01,1.436919273896073435e+01,1.551296048447410314e+01,1.683268668683354363e+01,1.832836801009577243e+01,2.000000000000000000e+01
1.123149946092329721e+01,1.131918565342932581e+01,1.158224423094740629e+01,1.202067481358368717e+01,1.263447677354754717e+01,1.342364916767687077e+01,1.438819066096580102e+01,1.552809941976310171e+01,1.684337296475067802e+01,1.833400797124046022e+01,2.000000000000000000e+01
1.126108372506516986e+01,1.134847407092454219e+01,1.161064510850265918e+01,1.204759645918740141e+01,1.265932749730626306e+01,1.344583728287928359e+01,1.440712448540481461e+01,1.554318727741821782e+01,1.685402318796642973e+01,1.833962890357862818e+01,2.000000000000000000e+01
1.129056817411545488e+01,1.137766367149260027e+01,1.163895016362404000e+01,1.207442727317506304e+01,1.268409437658413630e+01,1.346795053704271261e+01,1.442599442853815894e+01,1.555822422977156272e+01,1.686463747812666725e+01,1.834523087131205088e+01,2.000000000000000000e+01
1.131995314484279014e+01,1.140675478853440694e+01,1.166715971960926268e+01,1.210116756200574351e+01,1.270877769426616233e+01,1.348998918274269521e+01,1.444480070589657394e+01,1.557321044857381054e+01,1.687521595646682826e+01,1.835081393842587971e+01,2.000000000000000000e+01
1.134923897287958106e+01,1.143574775432599999e+01,1.169527409866525502e+01,1.212781763110453426e+01,1.273337773228290359e+01,1.351195347170259708e+01,1.446354353228361234e+01,1.558814610499615760e+01,1.688575874381330166e+01,1.835637816868938899e+01,2.000000000000000000e+01
1.137842599272584643e+01,1.146464290002234598e+01,1.172329362191184288e+01,1.215437778486605147e+01,1.275789477161371366e+01,1.353384365479648821e+01,1.448222312177810167e+01,1.560303136963229065e+01,1.689626596058483443e+01,1.836192362565670422e+01,2.000000000000000000e+01
1.140751453775301094e+01,1.149344055566111500e+01,1.175121860938542540e+01,1.218084832665791062e+01,1.278232909228993819e+01,1.355565998205200628e+01,1.450083968773657617e+01,1.561786641250031771e+01,1.690673772679388165e+01,1.836745037266751979e+01,2.000000000000000000e+01
1.143650494020773856e+01,1.152214105016645718e+01,1.177904938004261304e+01,1.220722955882417970e+01,1.280668097339812306e+01,1.357740270265321847e+01,1.451939344279572452e+01,1.563265140304472212e+01,1.691717416204797786e+01,1.837295847284782013e+01,2.000000000000000000e+01
1.146539753121571259e+01,1.155074471135275616e+01,1.180678625176388685e+01,1.223352178268884316e+01,1.283095069308319047e+01,1.359907206494346177e+01,1.453788459887481821e+01,1.564738651013829696e+01,1.692757538555112262e+01,1.837844798911061872e+01,2.000000000000000000e+01
1.149419264078542824e+01,1.157925186592837719e+01,1.183442954135722402e+01,1.225972529855924620e+01,1.285513852855163108e+01,1.362066831642818343e+01,1.455631336717812552e+01,1.566207190208406708e+01,1.693794151610513055e+01,1.838391898415666503e+01,2.000000000000000000e+01
1.152289059781195668e+01,1.160766283949939570e+01,1.186197956456171099e+01,1.228584040572951608e+01,1.287924475607465524e+01,1.364219170377776180e+01,1.457467995819732565e+01,1.567670774661721644e+01,1.694827267211097777e+01,1.838937152047515511e+01,2.000000000000000000e+01
1.155149173008070029e+01,1.163597795657331524e+01,1.188943663605115830e+01,1.231186740248397982e+01,1.290326965099135670e+01,1.366364247283033428e+01,1.459298458171392099e+01,1.569129421090700127e+01,1.695856897157016618e+01,1.839480566034444919e+01,2.000000000000000000e+01
1.157999636427113899e+01,1.166419754056277647e+01,1.191680106943768713e+01,1.233780658610058545e+01,1.292721348771186207e+01,1.368502086859459155e+01,1.461122744680162100e+01,1.570583146155866672e+01,1.696883053208608061e+01,1.840022146583279294e+01,2.000000000000000000e+01
1.160840482596056056e+01,1.169232191378925023e+01,1.194407317727532281e+01,1.236365825285427889e+01,1.295107653972044837e+01,1.370632713525258950e+01,1.462940876182874206e+01,1.572031966461534047e+01,1.697905747086531392e+01,1.840561899879901020e+01,2.000000000000000000e+01
1.163671743962777505e+01,1.172035139748671817e+01,1.197125327106354575e+01,1.238942269802040030e+01,1.297485907957868179e+01,1.372756151616252751e+01,1.464752873446057535e+01,1.573475898555993879e+01,1.698924990471900998e+01,1.841099832089322774e+01,2.000000000000000000e+01
1.166493452865683800e+01,1.174828631180534622e+01,1.199834166125087087e+01,1.241510021587805390e+01,1.299856137892852992e+01,1.374872425386153552e+01,1.466558757166176896e+01,1.574914958931703879e+01,1.699940795006420302e+01,1.841635949355756097e+01,2.000000000000000000e+01
1.169305641534072038e+01,1.177612697581513324e+01,1.202533865723837536e+01,1.244069109971346521e+01,1.302218370849545614e+01,1.376981559006844336e+01,1.468358547969868688e+01,1.576349164025478800e+01,1.700953172292514637e+01,1.842170257802682798e+01,2.000000000000000000e+01
1.172108342088499988e+01,1.180387370750956144e+01,1.205224456738324612e+01,1.246619564182334017e+01,1.304572633809151938e+01,1.379083576568653591e+01,1.470152266414176445e+01,1.577778530218675890e+01,1.701962133893463047e+01,1.842702763532924237e+01,2.000000000000000000e+01
1.174901586541153620e+01,1.183152682380922549e+01,1.207905969900229337e+01,1.249161413351818872e+01,1.306918953661844895e+01,1.381178502080630821e+01,1.471939932986786026e+01,1.579203073837383542e+01,1.702967691333531874e+01,1.843233472628711311e+01,2.000000000000000000e+01
1.177685406796212142e+01,1.185908664056545625e+01,1.210578435837546074e+01,1.251694686512566967e+01,1.309257357207072481e+01,1.383266359470821172e+01,1.473721568106259205e+01,1.580622811152606211e+01,1.703969856098104430e+01,1.843762391151754443e+01,2.000000000000000000e+01
1.180459834650212692e+01,1.188655347256392858e+01,1.213241885074933357e+01,1.254219412599389472e+01,1.311587871153863460e+01,1.385347172586538100e+01,1.475497192122266910e+01,1.582037758380452885e+01,1.704968639633814220e+01,1.844289525143312147e+01,2.000000000000000000e+01
1.183224901792412709e+01,1.191392763352824780e+01,1.215896348034061170e+01,1.256735620449473245e+01,1.313910522121131308e+01,1.387420965194636047e+01,1.477266825315822452e+01,1.583447931682318810e+01,1.705964053348673914e+01,1.844814880624259246e+01,2.000000000000000000e+01
1.185980639805152315e+01,1.194120943612354147e+01,1.218541855033959465e+01,1.259243338802711598e+01,1.316225336637980803e+01,1.389487760981781861e+01,1.479030487899511748e+01,1.584853347165072712e+01,1.706956108612206791e+01,1.845338463595157918e+01,2.000000000000000000e+01
1.188727080164215977e+01,1.196839919196002988e+01,1.221178436291363667e+01,1.261742596302030428e+01,1.318532341144008235e+01,1.391547583554725342e+01,1.480788200017725487e+01,1.586254020881240656e+01,1.707944816755576412e+01,1.845860280036324141e+01,2.000000000000000000e+01
1.191464254239190979e+01,1.199549721159658411e+01,1.223806121921060708e+01,1.264233421493717557e+01,1.320831561989604985e+01,1.393600456440569246e+01,1.482539981746888458e+01,1.587649968829187230e+01,1.708930189071715233e+01,1.846380335907897319e+01,2.000000000000000000e+01
1.194192193293825710e+01,1.202250380454427336e+01,1.226424941936232038e+01,1.266715842827747451e+01,1.323123025436259148e+01,1.395646403087037157e+01,1.484285853095689056e+01,1.589041206953300822e+01,1.709912236815454278e+01,1.846898637149907074e+01,2.000000000000000000e+01
1.196910928486386716e+01,1.204941927926989287e+01,1.229034926248796999e+01,1.269189888658105936e+01,1.325406757656852896e+01,1.397685446862741721e+01,1.486025834005307900e+01,1.590427751144174273e+01,1.710890971203652100e+01,1.847415189682341818e+01,2.000000000000000000e+01
1.199620490870015921e+01,1.207624394319950589e+01,1.231636104669754772e+01,1.271655587243115626e+01,1.327682784735964283e+01,1.399717611057452160e+01,1.487759944349646268e+01,1.591809617238786601e+01,1.711866403415321969e+01,1.847929999405217316e+01,2.000000000000000000e+01
1.202320911393083236e+01,1.210297810272193253e+01,1.234228506909523659e+01,1.274112966745757092e+01,1.329951132670163894e+01,1.401742918882359845e+01,1.489488203935551169e+01,1.593186821020684718e+01,1.712838544591760126e+01,1.848443072198641701e+01,2.000000000000000000e+01
1.205012220899541298e+01,1.212962206319226510e+01,1.236812162578281793e+01,1.276562055233990911e+01,1.332211827368311319e+01,1.403761393470342611e+01,1.491210632503043243e+01,1.594559378220161960e+01,1.713807405836673325e+01,1.848954413922885820e+01,2.000000000000000000e+01
1.207694450129278430e+01,1.215617612893534982e+01,1.239387101186304996e+01,1.279002880681079013e+01,1.334464894651851452e+01,1.405773057876229970e+01,1.492927249725542360e+01,1.595927304514439804e+01,1.714772998216304600e+01,1.849464030418446825e+01,2.000000000000000000e+01
1.210367629718467697e+01,1.218264060324926668e+01,1.241953352144303402e+01,1.281435470965903178e+01,1.336710360255110430e+01,1.407777935077066189e+01,1.494638075210090911e+01,1.597290615527845148e+01,1.715735332759560450e+01,1.849971927506117098e+01,2.000000000000000000e+01
1.213031790199919335e+01,1.220901578840878798e+01,1.244510944763757188e+01,1.283859853873284429e+01,1.338948249825588199e+01,1.409776047972373370e+01,1.496343128497579222e+01,1.598649326831990436e+01,1.716694420458137316e+01,1.850478110987049973e+01,2.000000000000000000e+01
1.215686962003426608e+01,1.223530198566882987e+01,1.247059908257252303e+01,1.286276057094299219e+01,1.341178588924251613e+01,1.411767419384411326e+01,1.498042429062967784e+01,1.600003453945949872e+01,1.717650272266645572e+01,1.850982586642826888e+01,2.000000000000000000e+01
1.218333175456115747e+01,1.226149949526790195e+01,1.249600271738813362e+01,1.288684108226597047e+01,1.343401403025827534e+01,1.413752072058439602e+01,1.499735996315510000e+01,1.601353012336437942e+01,1.718602899102736004e+01,1.851485360235521682e+01,2.000000000000000000e+01
1.220970460782791811e+01,1.228760861643153035e+01,1.252132064224236707e+01,1.291084034774714517e+01,1.345616717519092020e+01,1.415730028662977347e+01,1.501423849598974236e+01,1.602698017417986165e+01,1.719552311847224502e+01,1.851986437507767391e+01,2.000000000000000000e+01
1.223598848106283299e+01,1.231362964737567722e+01,1.254655314631421348e+01,1.293475864150390287e+01,1.347824557707162185e+01,1.417701311790061425e+01,1.503106008191864262e+01,1.604038484553116817e+01,1.720498521344214993e+01,1.852485824182822682e+01,2.000000000000000000e+01
1.226218367447786051e+01,1.233956288531014422e+01,1.257170051780699538e+01,1.295859623672877525e+01,1.350024948807783964e+01,1.419665943955505050e+01,1.504782491307639347e+01,1.605374429052521634e+01,1.721441538401224491e+01,1.852983525964635447e+01,2.000000000000000000e+01
1.228829048727207685e+01,1.236540862644197247e+01,1.259676304395165936e+01,1.298235340569256913e+01,1.352217915953620597e+01,1.421623947599154825e+01,1.506453318094934524e+01,1.606705866175235187e+01,1.722381373789306735e+01,1.853479548537909594e+01,2.000000000000000000e+01
1.231430921763507946e+01,1.239116716597882295e+01,1.262174101101005341e+01,1.300603041974746255e+01,1.354403484192539331e+01,1.423575345085146360e+01,1.508118507637778016e+01,1.608032811128808603e+01,1.723318038243174399e+01,1.853973897568168994e+01,2.000000000000000000e+01
1.234024016275038882e+01,1.241683879813234270e+01,1.264663470427820435e+01,1.302962754933011702e+01,1.356581678487898124e+01,1.425520158702161311e+01,1.509778078955810976e+01,1.609355279069484013e+01,1.724251542461321662e+01,1.854466578701822499e+01,2.000000000000000000e+01
1.236608361879886075e+01,1.244242381612153814e+01,1.267144440808956851e+01,1.305314506396475949e+01,1.358752523718830219e+01,1.427458410663680155e+01,1.511432051004502952e+01,1.610673285102367913e+01,1.725181897106147488e+01,1.854957597566227534e+01,2.000000000000000000e+01
1.239183988096205447e+01,1.246792251217611103e+01,1.269617040581828071e+01,1.307658323226626251e+01,1.360916044680528891e+01,1.429390123108237809e+01,1.513080442675369319e+01,1.611986844281603126e+01,1.726109112804076418e+01,1.855446959769756887e+01,2.000000000000000000e+01
1.241750924342560580e+01,1.249333517753980338e+01,1.272081297988239790e+01,1.309994232194321029e+01,1.363072266084529893e+01,1.431315318099674094e+01,1.514723272796187103e+01,1.613295971610540036e+01,1.727033200145680070e+01,1.855934670901860173e+01,2.000000000000000000e+01
1.244309199938259347e+01,1.251866210247372280e+01,1.274537241174711610e+01,1.312322259980095929e+01,1.365221212558993891e+01,1.433234017627388113e+01,1.516360560131209212e+01,1.614600682041910673e+01,1.727954169685798291e+01,1.856420736533128490e+01,2.000000000000000000e+01
1.246858844103688568e+01,1.254390357625966068e+01,1.276984898192798923e+01,1.314642433174468650e+01,1.367362908648988729e+01,1.435146243606587646e+01,1.517992323381380260e+01,1.615900990477996046e+01,1.728872031943660303e+01,1.856905162215358729e+01,2.000000000000000000e+01
1.249399885960647261e+01,1.256905988720338740e+01,1.279424296999413180e+01,1.316954778278242344e+01,1.369497378816768496e+01,1.437052017878540866e+01,1.519618581184548134e+01,1.617196911770798451e+01,1.729786797403003007e+01,1.857387953481616094e+01,2.000000000000000000e+01
1.251932354532680591e+01,1.259413132263795809e+01,1.281855465457141641e+01,1.319259321702808485e+01,1.371624647442053480e+01,1.438951362210824669e+01,1.521239352115679644e+01,1.618488460722211286e+01,1.730698476512192840e+01,1.857869115846297348e+01,2.000000000000000000e+01
1.254456278745409215e+01,1.261911816892698290e+01,1.284278431334564985e+01,1.321556089770448317e+01,1.373744738822308875e+01,1.440844298297573900e+01,1.522854654687069775e+01,1.619775652084186390e+01,1.731607079684344797e+01,1.858348654805194755e+01,2.000000000000000000e+01
1.256971687426862339e+01,1.264402071146790441e+01,1.286693222306574746e+01,1.323845108714633767e+01,1.375857677173021543e+01,1.442730847759729507e+01,1.524464507348554676e+01,1.621058500558904569e+01,1.732512617297439306e+01,1.858826575835557549e+01,2.000000000000000000e+01
1.259478609307804220e+01,1.266883923469525541e+01,1.289099865954689683e+01,1.326126404680327120e+01,1.377963486627977829e+01,1.444611032145283858e+01,1.526068928487721976e+01,1.622337020798942220e+01,1.733415099694443384e+01,1.859302884396155520e+01,2.000000000000000000e+01
1.261977073022064211e+01,1.269357402208390617e+01,1.291498389767370369e+01,1.328400003724279443e+01,1.380062191239538016e+01,1.446484872929529253e+01,1.527667936430121642e+01,1.623611227407438662e+01,1.734314537183427163e+01,1.859777585927340837e+01,2.000000000000000000e+01
