3.526501716726479496e-01,5.486628566573309440e-01,1.136700911611380649e+00,2.116862154235513049e+00,3.489321975772095019e+00,5.254375898999077421e+00,7.412504663195094601e+00,9.964480467382045958e+00,1.291153900805346311e+01,1.625565705933673044e+01,2.000000000000000000e+01
8.402276579815051161e-01,1.031409182687849091e+00,1.604953756806879683e+00,2.560988265399148922e+00,3.899726925364716656e+00,5.621500193541178803e+00,7.726787457395353442e+00,1.021625676020209639e+01,1.309080589084256196e+01,1.635158971133671812e+01,2.000000000000000000e+01
1.390974091944040980e+00,1.576796951195525320e+00,2.134265528949979007e+00,3.063479381477772989e+00,4.364599773783014669e+00,6.037860756914179561e+00,8.083576151229420859e+00,1.050214339624596427e+01,1.329403983197964934e+01,1.645980484045421477e+01,2.000000000000000000e+01
1.965292687949641071e+00,2.145494306398445961e+00,2.686099161744865516e+00,3.587168773131892419e+00,4.848799917356214628e+00,6.471127060714987778e+00,8.454320550030704595e+00,1.079858164249884034e+01,1.350413288726483607e+01,1.657120225664171187e+01,2.000000000000000000e+01
2.542202551971817659e+00,2.716711875726018022e+00,3.240239846988618666e+00,4.112818883171313722e+00,5.334498749656998662e+00,6.905346032339852336e+00,8.825440809344089033e+00,1.109487132640227181e+01,1.371372625660154654e+01,1.668208416078476120e+01,2.000000000000000000e+01
3.111022245602093950e+00,3.279886555309233565e+00,3.786479484430655518e+00,4.630815393623045395e+00,5.812915626649147960e+00,7.332807221801575182e+00,9.190519983820044203e+00,1.138608229908620295e+01,1.391951552828309779e+01,1.679082679373163245e+01,2.000000000000000000e+01
3.666560190461343627e+00,3.829891935088920008e+00,4.319887168971648705e+00,5.136550157119399884e+00,6.279886595273414862e+00,7.749902225800882505e+00,9.546600511931337962e+00,1.166997942778716002e+01,1.412002723097366186e+01,1.689671704142151043e+01,2.000000000000000000e+01
4.206474696928925283e+00,4.364418832692521732e+00,4.838251239983311969e+00,5.627970879254340808e+00,6.733575306943250460e+00,8.155059351671573253e+00,9.892413229777394790e+00,1.194561996014895477e+01,1.431465193599654029e+01,1.699946646255780536e+01,2.000000000000000000e+01
4.729875913937063636e+00,4.882591609655572817e+00,5.340738696811103914e+00,6.104313479937009568e+00,7.173309474180017631e+00,8.547716158644403706e+00,1.022751736996472616e+01,1.221268909059315355e+01,1.450319647981189242e+01,1.709898994785232418e+01,2.000000000000000000e+01
5.236602006873074977e+00,5.384252940511603747e+00,5.827205741427194496e+00,6.565455457896819169e+00,7.598993713483909396e+00,8.927807526213106470e+00,1.055187787314187098e+01,1.247117770414390669e+01,1.468566924867141488e+01,1.719530041391468345e+01,2.000000000000000000e+01
5.726849566877814546e+00,5.869598966321055933e+00,6.297847164650788976e+00,7.011588674391714626e+00,8.010814329205086182e+00,9.295510156823350911e+00,1.086565605307862192e+01,1.272122394012609270e+01,1.486217525257644034e+01,1.728845755207163748e+01,2.000000000000000000e+01
6.200986529235080980e+00,6.338994722192714981e+00,6.753019301065624092e+00,7.443054606986587274e+00,8.409091239112198579e+00,9.651114972955147309e+00,1.116910551024628795e+01,1.296303473832849917e+01,1.503286434519574755e+01,1.737854259497092357e+01,2.000000000000000000e+01
6.659458054833528706e+00,6.792881313426882173e+00,7.193151089206946125e+00,7.860261733203548040e+00,8.794203885611116434e+00,9.994963434241219247e+00,1.146252032209173066e+01,1.319684688480779400e+01,1.519790556781406110e+01,1.746564583319136332e+01,2.000000000000000000e+01
7.102739447794994554e+00,7.231729490998764831e+00,7.618699620610068557e+00,8.263644285812414836e+00,9.166554301448901043e+00,1.032741584323569128e+01,1.174620930313019862e+01,1.342290769223600755e+01,1.535747444527673800e+01,1.754986044241270804e+01,2.000000000000000000e+01
7.531312777269835834e+00,7.656016603760685157e+00,8.030128083233226022e+00,8.653641804344109900e+00,9.526548818678627129e+00,1.064883567044828183e+01,1.202048329401506166e+01,1.364146547499886708e+01,1.551174673347647825e+01,1.763127945086009163e+01,2.000000000000000000e+01
7.945655414700028452e+00,8.066215299608259670e+00,8.427894954332950661e+00,9.030689124773589427e+00,9.874589125504202869e+00,1.095958190226856921e+01,1.228564896821260000e+01,1.385276491870831883e+01,1.566089538779084656e+01,1.770999427357047296e+01,2.000000000000000000e+01
8.346234548846689805e+00,8.462788120306502293e+00,8.812448834685941534e+00,9.395211601152592351e+00,1.021106800565787331e+01,1.126000540486566237e+01,1.254200589877582139e+01,1.405704489619663278e+01,1.580508914054455794e+01,1.778609402899259351e+01,2.000000000000000000e+01
8.733504693336664459e+00,8.846185046541833685e+00,9.184226106157339586e+00,9.747622944840308890e+00,1.053636741949777900e+01,1.155044729546566096e+01,1.278984525379594750e+01,1.425453750505009864e+01,1.594449188143308405e+01,1.785966524579926684e+01,2.000000000000000000e+01
9.107906687520159750e+00,9.216842515100664102e+00,9.543649997842182486e+00,1.008832436929211163e+01,1.085085775262241015e+01,1.183123831398389747e+01,1.302944930304501803e+01,1.444546771317688716e+01,1.607926243735420258e+01,1.793079176364951621e+01,2.000000000000000000e+01
9.469867438298615880e+00,9.575183166459181550e+00,9.891130350940878557e+00,1.041770438225652207e+01,1.115489764315880628e+01,1.210269869016532596e+01,1.326109132611329677e+01,1.463005330503223966e+01,1.620955454951056751e+01,1.799955472961193692e+01,2.000000000000000000e+01
9.819800025636025609e+00,9.921615950836033093e+00,1.022706372643606798e+01,1.073613889541144495e+01,1.144883409255506557e+01,1.236513825321939564e+01,1.348503571675764867e+01,1.480850497451761072e+01,1.633551694653993636e+01,1.806603264102794171e+01,2.000000000000000000e+01
1.015810398271473325e+01,1.025653640634759967e+01,1.055183367724620069e+01,1.104399148613962467e+01,1.173300271202997180e+01,1.261885665723797523e+01,1.370153818067138474e+01,1.498102648746605503e+01,1.645729346299842888e+01,1.813030141018352737e+01,2.000000000000000000e+01
1.048516565615336660e+01,1.058032701602533621e+01,1.086581109564123437e+01,1.134161372875334450e+01,1.200772803073074080e+01,1.286414365903003265e+01,1.391084597528320899e+01,1.514781487518151337e+01,1.657502317787446700e+01,1.819243443848543507e+01,2.000000000000000000e+01
1.080135859908780205e+01,1.089335759716716545e+01,1.116935459140525211e+01,1.162934555391469793e+01,1.227332382871377803e+01,1.310127941677511032e+01,1.411319816596698118e+01,1.530906063983238319e+01,1.668884056052246834e+01,1.825250269401792025e+01,2.000000000000000000e+01
1.110704397368010632e+01,1.119598569992201220e+01,1.146281087864773518e+01,1.190751561577750728e+01,1.253009347644918492e+01,1.333053479382704509e+01,1.430882588596682048e+01,1.546494796219218948e+01,1.679887561777783844e+01,1.831057478945441019e+01,2.000000000000000000e+01
1.140257095153374145e+01,1.148855700375107070e+01,1.174651516040306731e+01,1.217644165679357826e+01,1.277833027186638404e+01,1.355217165998393192e+01,1.449795259381928503e+01,1.561565490707804216e+01,1.690525403920840120e+01,1.836671705885098405e+01,2.000000000000000000e+01
1.168827710646197460e+01,1.177140570629346072e+01,1.202079150578793154e+01,1.243643086534459741e+01,1.301831777062535878e+01,1.376644318653986332e+01,1.468079432529841455e+01,1.576135362427022102e+01,1.700809733905649779e+01,1.842099363262573775e+01,2.000000000000000000e+01
1.196448879704300872e+01,1.204485490210808329e+01,1.228595321730329637e+01,1.268778022397181182e+01,1.325033010763275954e+01,1.397359413343453660e+01,1.485755993853199008e+01,1.590221054391273015e+01,1.710752299422536282e+01,1.847346651041658561e+01,2.000000000000000000e+01
1.223152153788650232e+01,1.230921695023332774e+01,1.254230318727381288e+01,1.293077684727876786e+01,1.347463230898732967e+01,1.417386112781501417e+01,1.502845135174657543e+01,1.603838656600122903e+01,1.720364457806191538e+01,1.852419563170355943e+01,2.000000000000000000e+01
1.248968035927655862e+01,1.256479383023643237e+01,1.279013424311607672e+01,1.316569830922969153e+01,1.369148059411760165e+01,1.436747293381929858e+01,1.519366377350040054e+01,1.617003724386531971e+01,1.729657188988526428e+01,1.857323894417736909e+01,2.000000000000000000e+01
