6.207342282954867591e-02,4.689392686420859047e-01,1.689536806079697584e+00,3.723867513175422861e+00,6.571938070353158245e+00,1.023378037252394535e+01,1.470954890789219327e+01,2.000000000000000000e+01
1.243453557292530931e-01,5.299139484149614221e-01,1.746619726472086409e+00,3.774468432171044441e+00,6.613481920212664456e+00,1.026374461388426873e+01,1.472556816748816644e+01,2.000000000000000000e+01
1.867863814854992255e-01,5.910585173998200714e-01,1.803874925142782581e+00,3.825248739769712802e+00,6.655223403287290118e+00,1.029394072609741784e+01,1.474182787882342716e+01,2.000000000000000000e+01
2.493695667682004624e-01,6.523465670515981030e-01,1.861277567901790997e+00,3.876185673034596491e+00,6.697138877348818298e+00,1.032433059910332140e+01,1.475825772454414775e+01,2.000000000000000000e+01
3.120701897438399874e-01,7.137537415890735648e-01,1.918804397124774352e+00,3.927256758471009856e+00,6.739203143499874038e+00,1.035487772170564824e+01,1.477480974453001927e+01,2.000000000000000000e+01
3.748654329896455306e-01,7.752574277956486570e-01,1.976433412213657981e+00,3.978439866906373634e+00,6.781390908201593959e+00,1.038554933501046662e+01,1.479144990946061355e+01,2.000000000000000000e+01
4.377340962560578030e-01,8.368364957611004185e-01,2.034143694276228320e+00,4.029713433225680319e+00,6.823677780846477248e+00,1.041631688009592516e+01,1.480815318403228176e+01,2.000000000000000000e+01
5.006563591866761698e-01,8.984711020992323105e-01,2.091915330836900733e+00,4.081056700620348643e+00,6.866040856959359395e+00,1.044715575883249059e+01,1.482490055015072095e+01,2.000000000000000000e+01
5.636136027834627305e-01,9.601425517637416363e-01,2.149729398704578465e+00,4.132449923831194916e+00,6.908459000674310957e+00,1.047804486429349424e+01,1.484167715713173230e+01,2.000000000000000000e+01
6.265882848843239428e-01,1.021833207065949045e+00,2.207567973610824463e+00,4.183874510027075111e+00,6.950912931033772502e+00,1.050896607601623600e+01,1.485847113634722660e+01,2.000000000000000000e+01
6.895638585579090263e-01,1.083526430497027127e+00,2.265414146314381316e+00,4.235313098244794183e+00,6.993385190165125387e+00,1.053990379612500128e+01,1.487527281798301182e+01,2.000000000000000000e+01
7.525247208585522651e-01,1.145206549076565050e+00,2.323252033730603294e+00,4.286749587524060878e+00,7.035860046190473227e+00,1.057084454951068508e+01,1.489207419777548758e+01,2.000000000000000000e+01
8.154561806361905196e-01,1.206858830423743534e+00,2.381066779786402687e+00,4.338169126174430623e+00,7.078323364538646523e+00,1.060177664917306117e+01,1.490886856342175548e+01,2.000000000000000000e+01
8.783444364824647410e-01,1.268469463494420024e+00,2.438844544530285763e+00,4.389558073727070742e+00,7.120762468083490226e+00,1.063268991965994026e+01,1.492565022575686662e+01,2.000000000000000000e+01
9.411765584610959356e-01,1.330025539389005917e+00,2.496572482172735974e+00,4.440903945073233494e+00,7.163165997888933489e+00,1.066357546943265611e+01,1.494241432049344454e+01,2.000000000000000000e+01
1.003940469536064972e+00,1.391515029593815456e+00,2.554238709767067128e+00,4.492195344066074014e+00,7.205523780914913523e+00,1.069442550333970310e+01,1.495915665869202194e+01,2.000000000000000000e+01
1.066624924394733442e+00,1.452926760445824472e+00,2.611832268599097784e+00,4.543421891886211483e+00,7.247826707739199570e+00,1.072523316757288825e+01,1.497587361169108711e+01,2.000000000000000000e+01
1.129219484652270511e+00,1.514250383572494973e+00,2.669343080333168139e+00,4.594574153876374467e+00,7.290066621409140524e+00,1.075599242082386908e+01,1.499256202094960422e+01,2.000000000000000000e+01
1.191714490284810690e+00,1.575476342651601858e+00,2.726761899751975360e+00,4.645643567334472479e+00,7.332236217441086445e+00,1.078669792658662274e+01,1.500921912627133814e+01,2.000000000000000000e+01
1.254101027663835355e+00,1.636595837158446365e+00,2.784080265642279173e+00,4.696622371862515521e+00,7.374328954403104319e+00,1.081734496258345324e+01,1.502584250784854980e+01,2.000000000000000000e+01
1.316370894844111961e+00,1.697600783903458810e+00,2.841290451081499135e+00,4.747503543233556833e+00,7.416338974240529680e+00,1.084792934412541499e+01,1.504243003887390273e+01,2.000000000000000000e+01
1.378516564869294747e+00,1.758483777178003971e+00,2.898385414104131641e+00,4.798280731297517754e+00,7.458261031405037933e+00,1.087844735887749437e+01,1.505897984636037812e+01,2.000000000000000000e+01
1.440531147863257644e+00,1.819238048268954300e+00,2.955358749486044267e+00,4.848948202147296271e+00,7.500090429847916518e+00,1.090889571101604183e+01,1.507549027842619793e+01,2.000000000000000000e+01
1.502408352615588027e+00,1.879857425007378957e+00,3.012204642182751968e+00,4.899500784568641798e+00,7.541822966989970567e+00,1.093927147317003445e+01,1.509195987673692940e+01,2.000000000000000000e+01
1.564142448277159536e+00,1.940336291906214816e+00,3.068917822793380878e+00,4.949933820670576523e+00,7.583454883856218132e+00,1.096957204485378590e+01,1.510838735310909975e+01,2.000000000000000000e+01
1.625728226676744326e+00,2.000669551330311435e+00,3.125493525291013430e+00,5.000243120515723838e+00,7.624982820647384862e+00,1.099979511634655616e+01,1.512477156950700063e+01,2.000000000000000000e+01
1.687160965664825207e+00,2.060852586038060874e+00,3.181927447157767652e+00,5.050424920525995454e+00,7.666403777103454331e+00,1.102993863716976364e+01,1.514111152083261125e+01,2.000000000000000000e+01
1.748436393793564081e+00,2.120881223341270605e+00,3.238215711984389955e+00,5.100475845417673071e+00,7.707715077092438527e+00,1.106000078846692780e+01,1.515740632003455701e+01,2.000000000000000000e+01
1.809550656555883874e+00,2.180751701050650304e+00,3.294354834534949816e+00,5.150392873413277783e+00,7.748914336928348412e+00,1.108997995871444964e+01,1.517365518515779677e+01,2.000000000000000000e+01
1.870500284333274310e+00,2.240460635308352266e+00,3.350341688233585469e+00,5.200173304480487424e+00,7.789999436985215908e+00,1.111987472228981311e+01,1.518985742802916761e+01,2.000000000000000000e+01
1.931282162141083170e+00,2.300004990355542844e+00,3.406173474998921868e+00,5.249814731357093756e+00,7.830968496229196774e+00,1.114968382050287765e+01,1.520601244433106913e+01,2.000000000000000000e+01
1.991893501210916684e+00,2.359382050240721451e+00,3.461847697330135087e+00,5.299315013133171881e+00,7.871819849338885788e+00,1.117940614476016137e+01,1.522211970486024057e+01,2.000000000000000000e+01
2.052331812410993717e+00,2.418589392441860664e+00,3.517362132534461061e+00,5.348672251175665693e+00,7.912552026125560189e+00,1.120904072158413811e+01,1.523817874780408665e+01,2.000000000000000000e+01
2.112594881475484243e+00,2.477624863351002737e+00,3.572714808977558221e+00,5.397884767195317401e+00,7.953163733001043845e+00,1.123858669925229670e+01,1.525418917189516499e+01,2.000000000000000000e+01
2.172680745991596662e+00,2.536486555552217137e+00,3.627903984234078560e+00,5.446951083270720417e+00,7.993653836271971791e+00,1.126804333585584494e+01,1.527015063032729358e+01,2.000000000000000000e+01
2.232587674077148421e+00,2.595172786811623666e+00,3.682928125015049847e+00,5.495869903658684663e+00,8.034021347065950280e+00,1.129740998860697765e+01,1.528606282533505478e+01,2.000000000000000000e+01
2.292314144670357212e+00,2.653682080690345391e+00,3.737785888750309038e+00,5.544640098233959868e+00,8.074265407718353771e+00,1.132668610424784816e+01,1.530192550335356216e+01,2.000000000000000000e+01
2.351858829346670898e+00,2.712013148686898134e+00,3.792476106707580286e+00,5.593260687414335131e+00,8.114385279468470102e+00,1.135587121043446324e+01,1.531773845068765993e+01,2.000000000000000000e+01
2.411220575573663982e+00,2.770164873813843354e+00,3.846997768534381912e+00,5.641730828439357914e+00,8.154380331331161358e+00,1.138496490798575067e+01,1.533350148962994020e+01,2.000000000000000000e+01
2.470398391313742170e+00,2.828136295513878462e+00,3.901350008114286894e+00,5.690049802882191088e+00,8.194250030025227005e+00,1.141396686390226911e+01,1.534921447497541891e+01,2.000000000000000000e+01
2.529391430884928571e+00,2.885926595822429608e+00,3.955532090634933162e+00,5.738217005284596439e+00,8.233993930852937737e+00,1.144287680507119731e+01,1.536487729088779375e+01,2.000000000000000000e+01
2.588198981991945313e+00,2.943535086686776658e+00,4.009543400771270250e+00,5.786231932814632550e+00,8.273611669436647276e+00,1.147169451258451112e+01,1.538048984807816666e+01,2.000000000000000000e+01
2.646820453842753551e+00,3.000961198355493131e+00,4.063383431893711872e+00,5.834094175855512709e+00,8.313102954228513752e+00,1.150041981660609380e+01,1.539605208126211799e+01,2.000000000000000000e+01
2.705255366269311512e+00,3.058204468756224426e+00,4.117051776216962722e+00,5.881803409442131425e+00,8.352467559718251167e+00,1.152905259173112817e+01,1.541156394686531961e+01,2.000000000000000000e+01
2.763503339775397194e+00,3.115264533784370737e+00,4.170548115811290479e+00,5.929359385469205712e+00,8.391705320271615420e+00,1.155759275278757769e+01,1.542702542095146079e+01,2.000000000000000000e+01
2.821564086438680174e+00,3.172141118429942175e+00,4.223872214403728620e+00,5.976761925601724812e+00,8.430816124539282086e+00,1.158604025103534063e+01,1.544243649734944412e+01,2.000000000000000000e+01
2.879437401598659463e+00,3.228834028674547607e+00,4.277023909902212040e+00,6.024010914824601493e+00,8.469799910381865971e+00,1.161439507072346267e+01,1.545779718595943208e+01,2.000000000000000000e+01
2.937123156266576274e+00,3.285343144095143497e+00,4.330003107580845167e+00,6.071106295574024259e+00,8.508656660262298388e+00,1.164265722597021480e+01,1.547310751121968231e+01,2.000000000000000000e+01
2.994621290197774233e+00,3.341668411115679582e+00,4.382809773869395187e+00,6.118048062398219855e+00,8.547386397061597307e+00,1.167082675793448843e+01,1.548836751071813822e+01,2.000000000000000000e+01
3.051931805571266310e+00,3.397809836852124121e+00,4.435443930694697556e+00,6.164836257099933547e+00,8.585989180278390975e+00,1.169890373225038260e+01,1.550357723393443443e+01,2.000000000000000000e+01
3.109054761225349406e+00,3.453767483500501889e+00,4.487905650325959783e+00,6.211470964317303611e+00,8.624465102576431619e+00,1.172688823669967917e+01,1.551873674109960177e+01,2.000000000000000000e+01
3.165990267402021718e+00,3.509541463221492741e+00,4.540195050679906252e+00,6.257952307503614975e+00,8.662814286647762430e+00,1.175478037909954843e+01,1.553384610216201445e+01,2.000000000000000000e+01
3.222738480956634177e+00,3.565131933478832948e+00,4.592312291045429262e+00,6.304280445270036282e+00,8.701036882362314984e+00,1.178258028538508562e+01,1.554890539584939901e+01,2.000000000000000000e+01
3.279299600992683139e+00,3.620539092792212088e+00,4.644257568190798935e+00,6.350455568058614553e+00,8.739133064177527999e+00,1.181028809786830713e+01,1.556391470881767525e+01,2.000000000000000000e+01
3.335673864884897366e+00,3.675763176868588111e+00,4.696031112819661679e+00,6.396477895115778800e+00,8.777103028783995953e+00,1.183790397365707214e+01,1.557887413487844697e+01,2.000000000000000000e+01
3.391861544656804117e+00,3.730804455078839510e+00,4.747633186344946132e+00,6.442347671739279136e+00,8.814946992965518646e+00,1.186542808321899933e+01,1.559378377429765550e+01,2.000000000000000000e+01
3.447862943681760495e+00,3.785663227249434826e+00,4.799064077952458263e+00,6.488065166773894887e+00,8.852665191653874999e+00,1.189286060907686959e+01,1.560864373315875930e+01,2.000000000000000000e+01
3.503678393679046987e+00,3.840339820741391019e+00,4.850324101928423559e+00,6.533630670333504753e+00,8.890257876160504225e+00,1.192020174462335369e+01,1.562345412278438062e+01,2.000000000000000000e+01
3.559308251979034665e+00,3.894834587791140113e+00,4.901413595227456454e+00,6.579044491729103328e+00,8.927725312568956184e+00,1.194745169304403909e+01,1.563821505921099408e+01,2.000000000000000000e+01
3.614752899033653932e+00,3.949147903090118650e+00,4.952332915259513690e+00,6.624306957584202848e+00,8.965067780273408005e+00,1.197461066633873727e+01,1.565292666271168898e+01,2.000000000000000000e+01
3.670012736150424004e+00,4.003280161581884045e+00,5.003082437876264166e+00,6.669418410120718121e+00,9.002285570649993574e+00,1.200167888443209918e+01,1.566758905736264040e+01,2.000000000000000000e+01
3.725088183430218525e+00,4.057231776457428829e+00,5.053662555539059298e+00,6.714379205599954936e+00,9.039378985848799175e+00,1.202865657436529467e+01,1.568220237064917910e+01,2.000000000000000000e+01
3.779979677890628054e+00,4.111003177331025604e+00,5.104073675652218256e+00,6.759189712904730030e+00,9.076348337695623769e+00,1.205554396956135932e+01,1.569676673310785375e+01,2.000000000000000000e+01
3.834687671758389538e+00,4.164594808580503127e+00,5.154316219046845227e+00,6.803850312249887899e+00,9.113193946693467495e+00,1.208234130915747429e+01,1.571128227800119070e+01,2.000000000000000000e+01
3.889212630915800162e+00,4.218007127837259951e+00,5.204390618601639318e+00,6.848361394009621961e+00,9.149916141114752932e+00,1.210904883739805982e+01,1.572574914102212595e+01,2.000000000000000000e+01
3.943555033487354589e+00,4.271240604612628999e+00,5.254297317988453564e+00,6.892723357651087568e+00,9.186515256176011945e+00,1.213566680308314893e+01,1.574016746002541289e+01,2.000000000000000000e+01
3.997715368554055626e+00,4.324295719048378395e+00,5.304036770531347145e+00,6.936936610764699473e+00,9.222991633287588087e+00,1.216219545906701427e+01,1.575453737478356153e+01,2.000000000000000000e+01
4.051694134983976348e+00,4.377172960780224997e+00,5.353609438168970946e+00,6.981001568182403361e+00,9.259345619371542213e+00,1.218863506180245793e+01,1.576885902676502482e+01,2.000000000000000000e+01
4.105491840368642897e+00,4.429872827904227428e+00,5.403015790510980132e+00,7.024918651175979356e+00,9.295577566241593814e+00,1.221498587092663968e+01,1.578313255893264966e+01,2.000000000000000000e+01
4.159109000055759786e+00,4.482395826036823294e+00,5.452256303980014707e+00,7.068688286728162851e+00,9.331687830039486542e+00,1.224124814888465984e+01,1.579735811556054159e+01,2.000000000000000000e+01
4.212546136269607722e+00,4.534742467460095128e+00,5.501331461031558234e+00,7.112310906870008331e+00,9.367676770722660251e+00,1.226742216058746138e+01,1.581153584206763085e+01,2.000000000000000000e+01
4.265803777311265144e+00,4.586913270344613380e+00,5.550241749444658090e+00,7.155786948078523224e+00,9.403544751598593265e+00,1.229350817310095678e+01,1.582566588486648840e+01,2.000000000000000000e+01
4.318882456831460992e+00,4.638908758042879832e+00,5.598987661677136352e+00,7.199116850729134320e+00,9.439292138901608453e+00,1.231950645536355005e+01,1.583974839122594247e+01,2.000000000000000000e+01
4.371782713169531043e+00,4.690729458447013833e+00,5.647569694279461316e+00,7.242301058598034302e+00,9.474919301408277761e+00,1.234541727792946553e+01,1.585378350914630019e+01,2.000000000000000000e+01
4.424505088752536786e+00,4.742375903404909110e+00,5.695988347362025195e+00,7.285340018409911522e+00,9.510426610087964860e+00,1.237124091273556736e+01,1.586777138724597513e+01,2.000000000000000000e+01
4.477050129549129842e+00,4.793848628189594230e+00,5.744244124110988281e+00,7.328234179426972084e+00,9.545814437785296036e+00,1.239697763288952181e+01,1.588171217465855634e+01,2.000000000000000000e+01
4.529418384573225431e+00,4.845148171017002348e+00,5.792337530348334873e+00,7.370983993075514995e+00,9.581083158931717136e+00,1.242262771247739650e+01,1.589560602093929909e+01,2.000000000000000000e+01
4.581610405433019118e+00,4.896275072607798151e+00,5.840269074132136140e+00,7.413589912606690646e+00,9.616233149283466730e+00,1.244819142638890419e+01,1.590945307598024172e+01,2.000000000000000000e+01
4.633626745921239909e+00,4.947229875789281195e+00,5.888039265393406829e+00,7.456052392788333094e+00,9.651264785683601133e+00,1.247366905015873328e+01,1.592325348993312240e+01,2.000000000000000000e+01
4.685467961642931556e+00,4.998013125133763168e+00,5.935648615606258005e+00,7.498371889625086162e+00,9.686178445845898821e+00,1.249906085982248882e+01,1.593700741313945635e+01,2.000000000000000000e+01
4.737134609677395858e+00,5.048625366630129285e+00,5.983097637488329568e+00,7.540548860104252071e+00,9.720974508158654714e+00,1.252436713178591887e+01,1.595071499606703291e+01,2.000000000000000000e+01
4.788627248271187575e+00,5.099067147385586196e+00,6.030386844728781170e+00,7.582583761965051572e+00,9.755653351506586191e+00,1.254958814270623790e+01,1.596437638925233493e+01,2.000000000000000000e+01
4.839946436559389831e+00,5.149339015354882143e+00,6.077516751741360856e+00,7.624477053489172818e+00,9.790215355109189943e+00,1.257472416938444937e+01,1.597799174324829430e+01,2.000000000000000000e+01
4.891092734312597834e+00,5.199441519094516018e+00,6.124487873440268793e+00,7.666229193310695855e+00,9.824660898374096618e+00,1.259977548866767094e+01,1.599156120857693431e+01,2.000000000000000000e+01
4.942066701707312326e+00,5.249375207539680233e+00,6.171300725036782175e+00,7.707840640243635022e+00,9.858990360764030569e+00,1.262474237736056715e+01,1.600508493568642976e+01,2.000000000000000000e+01
4.992868899117611114e+00,5.299140629801896374e+00,6.217955821854752152e+00,7.749311853125518290e+00,9.893204121676170359e+00,1.264962511214504204e+01,1.601856307491219056e+01,2.000000000000000000e+01
5.043499886926190889e+00,5.348738334985460696e+00,6.264453679163271893e+00,7.790643290675545174e+00,9.927302560332796233e+00,1.267442396950747785e+01,1.603199577644163654e+01,2.000000000000000000e+01
5.093960225353026061e+00,5.398168872021011921e+00,6.310794812024970390e+00,7.831835411366011357e+00,9.961286055682171181e+00,1.269913922567281794e+01,1.604538319028226567e+01,2.000000000000000000e+01
5.144250474300059217e+00,5.447432789514674134e+00,6.356979735158517997e+00,7.872888673305804552e+00,9.995154986308767420e+00,1.272377115654486879e+01,1.605872546623279362e+01,2.000000000000000000e+01
5.194371193210469251e+00,5.496530635611367011e+00,6.403008962814061178e+00,7.913803534134874695e+00,1.002890973035197320e+01,1.274832003765229338e+01,1.607202275385703416e+01,2.000000000000000000e+01
5.244322940941200883e+00,5.545462957871003518e+00,6.448883008660411420e+00,7.954580450928689928e+00,1.006255066543251608e+01,1.277278614409973123e+01,1.608527520246027365e+01,2.000000000000000000e+01
5.294106275647571636e+00,5.594230303156414230e+00,6.494602385682942014e+00,7.995219880111783972e+00,1.009607816858591001e+01,1.279716975052361683e+01,1.609848296106795473e+01,2.000000000000000000e+01
5.343721754678843361e+00,5.642833217531935119e+00,6.540167606091210395e+00,8.035722277379553802e+00,1.012949261620229713e+01,1.282147113105227376e+01,1.611164617840642066e+01,2.000000000000000000e+01
5.393169934483779571e+00,5.691272246171693361e+00,6.585579181235433843e+00,8.076088097627582840e+00,1.016279438397207890e+01,1.284569055926986536e+01,1.612476500288553893e+01,2.000000000000000000e+01
5.442451370525297705e+00,5.739547933276726965e+00,6.630837621531016524e+00,8.116317794887791592e+00,1.019598384683684600e+01,1.286982830818388912e+01,1.613783958258306228e+01,2.000000000000000000e+01
5.491566617203360146e+00,5.787660822000120220e+00,6.675943436390402219e+00,8.156411822270820622e+00,1.022906137894511147e+01,1.289388465019588281e+01,1.615087006523053148e+01,2.000000000000000000e+01
5.540516227785403203e+00,5.835611454379450613e+00,6.720897134161591069e+00,8.196370631914053462e+00,1.026202735361241025e+01,1.291785985707502249e+01,1.616385659820061349e+01,2.000000000000000000e+01
5.589300754343587307e+00,5.883400371275866902e+00,6.765699222072703911e+00,8.236194674934790072e+00,1.029488214328538120e+01,1.294175419993440634e+01,1.617679932849571145e+01,2.000000000000000000e+01
5.637920747698263568e+00,5.931028112319215673e+00,6.810350206182071098e+00,8.275884401388099221e+00,1.032762611950945342e+01,1.296556794920973665e+01,1.618969840273776839e+01,2.000000000000000000e+01
5.686376757367092694e+00,5.978495215858651513e+00,6.854850591333329746e+00,8.315440260228925240e+00,1.036025965289983297e+01,1.298930137464018664e+01,1.620255396715912966e+01,2.000000000000000000e+01
5.734669331519318014e+00,6.025802218918255626e+00,6.899200881115069350e+00,8.354862699278067240e+00,1.039278311311546865e+01,1.301295474525128348e+01,1.621536616759437521e+01,2.000000000000000000e+01
5.782799016934700553e+00,6.072949657157184156e+00,6.943401577824634963e+00,8.394152165191663073e+00,1.042519686883573904e+01,1.303652832933959616e+01,1.622813514947303659e+01,2.000000000000000000e+01
5.830766358966712026e+00,6.119938064833958968e+00,6.987453182435699794e+00,8.433309103433899168e+00,1.045750128773963183e+01,1.306002239445906810e+01,1.624086105781312028e+01,2.000000000000000000e+01
5.878571901509601183e+00,6.166767974774513661e+00,7.031356194569251983e+00,8.472333958252599828e+00,1.048969673648713297e+01,1.308343720740886162e+01,1.625354403721534524e+01,2.000000000000000000e+01
5.926216186968964017e+00,6.213439918343651058e+00,7.075111112467712182e+00,8.511227172657486406e+00,1.052178358070269049e+01,1.310677303422255413e+01,1.626618423185807316e+01,2.000000000000000000e+01
5.973699756235522962e+00,6.259954425419612889e+00,7.118718432971882670e+00,8.549989188400829221e+00,1.055376218496052587e+01,1.313003014015858660e+01,1.627878178549281785e+01,2.000000000000000000e+01
6.021023148661804214e+00,6.306312024371470315e+00,7.162178651500469506e+00,8.588620445960289729e+00,1.058563291277163998e+01,1.315320878969182772e+01,1.629133684144029459e+01,2.000000000000000000e+01
6.068186902041465380e+00,6.352513242039087515e+00,7.205492262031951256e+00,8.627121384523757541e+00,1.061739612657234844e+01,1.317630924650618063e+01,1.630384954258700247e+01,2.000000000000000000e+01
6.115191552591024760e+00,6.398558603715411408e+00,7.248659757088571354e+00,8.665492441975978011e+00,1.064905218771421502e+01,1.319933177348809750e+01,1.631632003138223297e+01,2.000000000000000000e+01
6.162037634933767549e+00,6.444448633130894777e+00,7.291681627722274683e+00,8.703734054886844262e+00,1.068060145645526404e+01,1.322227663272096088e+01,1.632874844983549067e+01,2.000000000000000000e+01
6.208725682085653119e+00,6.490183852439838752e+00,7.334558363502396539e+00,8.741846658501165379e+00,1.071204429195232599e+01,1.324514408548021471e+01,1.634113493951430485e+01,2.000000000000000000e+01
6.255256225443005746e+00,6.535764782208493884e+00,7.377290452504959184e+00,8.779830686729800604e+00,1.074338105225444373e+01,1.326793439222922188e+01,1.635347964154236067e+01,2.000000000000000000e+01
6.301629794771865356e+00,6.581191941404751056e+00,7.419878381303408155e+00,8.817686572142021006e+00,1.077461209429724320e+01,1.329064781261572570e+01,1.636578269659794671e+01,2.000000000000000000e+01
6.347846918198817967e+00,6.626465847389285457e+00,7.462322634960688816e+00,8.855414745958999134e+00,1.080573777389813905e+01,1.331328460546891534e+01,1.637804424491269017e+01,2.000000000000000000e+01
6.393908122203181499e+00,6.671587015908010621e+00,7.504623697022498874e+00,8.893015638048309413e+00,1.083675844575235558e+01,1.333584502879699585e+01,1.639026442627054081e+01,2.000000000000000000e+01
6.439813931610419040e+00,6.716555961085727056e+00,7.546782049511652879e+00,8.930489676919361131e+00,1.086767446342964227e+01,1.335832933978523762e+01,1.640244338000698221e+01,2.000000000000000000e+01
6.485564869586679215e+00,6.761373195420866011e+00,7.588798172923426399e+00,8.967837289719655658e+00,1.089848617937164477e+01,1.338073779479447367e+01,1.641458124500845273e+01,2.000000000000000000e+01
6.531161457634342860e+00,6.806039229781205790e+00,7.630672546221797248e+00,9.005058902231830587e+00,1.092919394488987095e+01,1.340307064935996983e+01,1.642667815971196532e+01,2.000000000000000000e+01
6.576604215588488955e+00,6.850554573400492231e+00,7.672405646836503834e+00,9.042154938871366454e+00,1.095979811016417216e+01,1.342532815819065384e+01,1.643873426210490152e+01,2.000000000000000000e+01
6.621893661614211446e+00,6.894919733875871870e+00,7.713997950660854919e+00,9.079125822684959601e+00,1.099029902424173777e+01,1.344751057516868364e+01,1.645074968972493679e+01,2.000000000000000000e+01
6.667030312204677678e+00,6.939135217166056968e+00,7.755449932050195727e+00,9.115971975349417278e+00,1.102069703503649833e+01,1.346961815334928048e+01,1.646272457966014358e+01,2.000000000000000000e+01
6.712014682179884950e+00,6.983201527590163771e+00,7.796762063820998456e+00,9.152693817171122959e+00,1.105099248932895328e+01,1.349165114496086737e+01,1.647465906854920448e+01,2.000000000000000000e+01
6.756847284686048560e+00,7.027119167827160950e+00,7.837934817250499009e+00,9.189291767085924434e+00,1.108118573276634677e+01,1.351360980140539780e+01,1.648655329258172841e+01,2.000000000000000000e+01
6.801528631195537855e+00,7.070888638915862501e+00,7.878968662076836438e+00,9.225766242659481975e+00,1.111127710986317574e+01,1.353549437325895077e+01,1.649840738749870894e+01,2.000000000000000000e+01
6.846059231507349629e+00,7.114510440255424228e+00,7.919864066499650690e+00,9.262117660087978877e+00,1.114126696400199634e+01,1.355730511027249285e+01,1.651022148859304650e+01,2.000000000000000000e+01
6.890439593748033609e+00,7.157985069606297657e+00,7.960621497181089801e+00,9.298346434199201482e+00,1.117115563743449513e+01,1.357904226137283921e+01,1.652199573071017014e+01,2.000000000000000000e+01
6.934670224373043368e+00,7.201313023091580945e+00,8.001241419247193676e+00,9.334452978453912309e+00,1.120094347128281242e+01,1.360070607466374781e+01,1.653373024824873028e+01,2.000000000000000000e+01
6.978751628168464727e+00,7.244494795198753501e+00,8.041724296289617158e+00,9.370437704947535806e+00,1.123063080554108062e+01,1.362229679742720201e+01,1.654542517516138034e+01,2.000000000000000000e+01
7.022684308253109187e+00,7.287530878781744548e+00,8.082070590367647966e+00,9.406301024412080380e+00,1.126021797907715793e+01,1.364381467612479071e+01,1.655708064495559739e+01,2.000000000000000000e+01
7.066468766080888919e+00,7.330421765063298345e+00,8.122280762010525734e+00,9.442043346218317978e+00,1.128970532963455575e+01,1.366525995639922009e+01,1.656869679069458101e+01,2.000000000000000000e+01
7.110105501443506171e+00,7.373167943637627175e+00,8.162355270219988412e+00,9.477665078378151975e+00,1.131909319383451518e+01,1.368663288307593895e+01,1.658027374499818762e+01,2.000000000000000000e+01
7.153595012473388692e+00,7.415769902473305031e+00,8.202294572473052270e+00,9.513166627547189336e+00,1.134838190717823991e+01,1.370793370016485468e+01,1.659181164004393239e+01,2.000000000000000000e+01
7.196937795646843661e+00,7.458228127916386008e+00,8.242099124725010384e+00,9.548548399027497524e+00,1.137757180404925883e+01,1.372916265086214160e+01,1.660331060756801946e+01,2.000000000000000000e+01
7.240134345787438974e+00,7.500543104693726093e+00,8.281769381412587450e+00,9.583810796770483975e+00,1.140666321771590930e+01,1.375031997755211854e+01,1.661477077886639364e+01,2.000000000000000000e+01
7.283185156069557742e+00,7.542715315916490582e+00,8.321305795457288212e+00,9.618954223379956758e+00,1.143565648033392712e+01,1.377140592180921708e+01,1.662619228479586297e+01,2.000000000000000000e+01
7.326090718022140180e+00,7.584745243083826693e+00,8.360708818268886233e+00,9.653979080115281164e+00,1.146455192294913417e+01,1.379242072439999234e+01,1.663757525577523921e+01,2.000000000000000000e+01
7.368851521532559623e+00,7.626633366086678301e+00,8.399978899749035222e+00,9.688885766894657081e+00,1.149334987550021303e+01,1.381336462528520670e+01,1.664891982178648178e+01,2.000000000000000000e+01
7.411468054850646858e+00,7.668380163211740985e+00,8.439116488295024254e+00,9.723674682298513616e+00,1.152205066682156165e+01,1.383423786362195607e+01,1.666022611237590212e+01,2.000000000000000000e+01
7.453940804592832592e+00,7.709986111145529897e+00,8.478122030803621811e+00,9.758346223572971212e+00,1.155065462464620651e+01,1.385504067776584236e+01,1.667149425665535745e+01,2.000000000000000000e+01
7.496270255746406264e+00,7.751451684978562184e+00,8.516995972675029947e+00,9.792900786633410348e+00,1.157916207560880473e+01,1.387577330527320107e+01,1.668272438330348351e+01,2.000000000000000000e+01
7.538456891673868121e+00,7.792777358209630911e+00,8.555738757816918394e+00,9.827338766068093534e+00,1.160757334524867090e+01,1.389643598290334126e+01,1.669391662056695225e+01,2.000000000000000000e+01
7.580501194117371888e+00,7.833963602750163346e+00,8.594350828648538609e+00,9.861660555141863682e+00,1.163588875801287514e+01,1.391702894662083523e+01,1.670507109626171527e+01,2.000000000000000000e+01
7.622403643203246482e+00,7.875010888928661856e+00,8.632832626104908869e+00,9.895866545799890446e+00,1.166410863725937475e+01,1.393755243159784030e+01,1.671618793777428991e+01,2.000000000000000000e+01
7.664164717446587893e+00,7.915919685495205194e+00,8.671184589641057983e+00,9.929957128671489386e+00,1.169223330526019033e+01,1.395800667221642044e+01,1.672726727206303821e+01,2.000000000000000000e+01
7.705784893755908804e+00,7.956690459626012846e+00,8.709407157236322305e+00,9.963932693073955349e+00,1.172026308320461041e+01,1.397839190207093196e+01,1.673830922565947432e+01,2.000000000000000000e+01
7.747264647437858365e+00,7.997323676928068004e+00,8.747500765398697808e+00,9.997793627016468676e+00,1.174819829120244030e+01,1.399870835397037716e+01,1.674931392466955415e+01,2.000000000000000000e+01
7.788604452201959738e+00,8.037819801443777834e+00,8.785465849169231234e+00,1.003154031720401385e+01,1.177603924828725646e+01,1.401895625994083261e+01,1.676028149477500051e+01,2.000000000000000000e+01
7.829804780165427580e+00,8.078179295655679937e+00,8.823302842126439671e+00,1.006517314904133364e+01,1.180378627241969802e+01,1.403913585122782948e+01,1.677121206123462116e+01,2.000000000000000000e+01
7.870866101857991737e+00,8.118402620491186994e+00,8.861012176390774542e+00,1.009869250663691176e+01,1.183143968049077444e+01,1.405924735829880667e+01,1.678210574888563045e+01,2.000000000000000000e+01
7.911788886226780448e+00,8.158490235327361617e+00,8.898594282629106900e+00,1.013209877280699267e+01,1.185899978832519608e+01,1.407929101084553203e+01,1.679296268214498156e+01,2.000000000000000000e+01
7.952573600641192009e+00,8.198442597995704517e+00,8.936049590059239378e+00,1.016539232907958734e+01,1.188646691068470318e+01,1.409926703778654300e+01,1.680378298501070233e+01,2.000000000000000000e+01
7.993220710897840142e+00,8.238260164786989748e+00,8.973378526454441229e+00,1.019857355569852864e+01,1.191384136127142668e+01,1.411917566726961404e+01,1.681456678106323110e+01,2.000000000000000000e+01
8.033730681225472736e+00,8.277943390456101724e+00,9.010581518147985136e+00,1.023164283162752675e+01,1.194112345273124376e+01,1.413901712667420441e+01,1.682531419346675605e+01,2.000000000000000000e+01
8.074103974289945640e+00,8.317492728226888232e+00,9.047658990037717786e+00,1.026460053455423349e+01,1.196831349665715116e+01,1.415879164261391665e+01,1.683602534497055458e+01,2.000000000000000000e+01
8.114341051199170707e+00,8.356908629797036525e+00,9.084611365590635756e+00,1.029744704089431728e+01,1.199541180359263848e+01,1.417849944093897108e+01,1.684670035791033627e+01,2.000000000000000000e+01
8.154442371508112686e+00,8.396191545342949425e+00,9.121439066847457866e+00,1.033018272579555230e+01,1.202241868303506678e+01,1.419814074673867133e+01,1.685733935420958574e+01,2.000000000000000000e+01
8.194408393223771014e+00,8.435341923524633856e+00,9.158142514427222380e+00,1.036280796314189701e+01,1.204933444343905435e+01,1.421771578434387173e+01,1.686794245538091275e+01,2.000000000000000000e+01
8.234239572810171381e+00,8.474360211490598260e+00,9.194722127531878897e+00,1.039532312555759574e+01,1.207615939221985890e+01,1.423722477732944469e+01,1.687850978252738443e+01,2.000000000000000000e+01
8.273936365193364395e+00,8.513246854882744685e+00,9.231178323950883780e+00,1.042772858441127148e+01,1.210289383575676858e+01,1.425666794851675867e+01,1.688904145634387177e+01,2.000000000000000000e+01
8.313499223766429580e+00,8.552002297841271528e+00,9.267511520065795594e+00,1.046002470982001142e+01,1.212953807939647533e+01,1.427604551997614202e+01,1.689953759711839609e+01,2.000000000000000000e+01
8.352928600394472269e+00,8.590626983009574502e+00,9.303722130854877648e+00,1.049221187065346506e+01,1.215609242745647656e+01,1.429535771302934677e+01,1.690999832473346487e+01,2.000000000000000000e+01
8.392224945419618720e+00,8.629121351539135176e+00,9.339810569897688097e+00,1.052429043453793689e+01,1.218255718322843606e+01,1.431460474825201956e+01,1.692042375866740045e+01,2.000000000000000000e+01
8.431388707666007676e+00,8.667485843094425491e+00,9.375777249379678935e+00,1.055626076786047207e+01,1.220893264898157859e+01,1.433378684547616366e+01,1.693081401799570429e+01,2.000000000000000000e+01
8.470420334444801469e+00,8.705720895857794517e+00,9.411622580096777213e+00,1.058812323577293313e+01,1.223521912596605432e+01,1.435290422379258679e+01,1.694116922139235726e+01,2.000000000000000000e+01
8.509320271559147386e+00,8.743826946534353439e+00,9.447346971459969822e+00,1.061987820219609269e+01,1.226141691441631210e+01,1.437195710155337025e+01,1.695148948713117676e+01,2.000000000000000000e+01
8.548088963309185218e+00,8.781804430356860536e+00,9.482950831499888267e+00,1.065152602982369423e+01,1.228752631355446212e+01,1.439094569637430787e+01,1.696177493308713480e+01,2.000000000000000000e+01
8.586726852496992635e+00,8.819653781090586619e+00,9.518434566871370350e+00,1.068306708012652173e+01,1.231354762159363680e+01,1.440987022513736093e+01,1.697202567673769380e+01,2.000000000000000000e+01
8.625234380431569647e+00,8.857375431038184033e+00,9.553798582858028965e+00,1.071450171335645862e+01,1.233948113574134275e+01,1.442873090399309888e+01,1.698224183516411756e+01,2.000000000000000000e+01
8.663611986933782205e+00,8.894969811044537877e+00,9.589043283376801341e+00,1.074583028855054145e+01,1.236532715220280210e+01,1.444752794836312226e+01,1.699242352505280707e+01,2.000000000000000000e+01
8.701860110341330667e+00,8.932437350501622575e+00,9.624169070982496521e+00,1.077705316353499931e+01,1.239108596618429914e+01,1.446626157294251058e+01,1.700257086269661144e+01,2.000000000000000000e+01
8.739979187513656100e+00,8.969778477353326451e+00,9.659176346872335728e+00,1.080817069492929861e+01,1.241675787189650215e+01,1.448493199170224166e+01,1.701268396399613891e+01,2.000000000000000000e+01
8.777969653836894537e+00,9.006993618100290533e+00,9.694065510890478521e+00,1.083918323815015228e+01,1.244234316255779582e+01,1.450353941789160572e+01,1.702276294446108196e+01,2.000000000000000000e+01
8.815831943228777945e+00,9.044083197804715368e+00,9.728836961532529415e+00,1.087009114741554683e+01,1.246784213039759415e+01,1.452208406404063012e+01,1.703280791921151405e+01,2.000000000000000000e+01
8.853566488143538749e+00,9.081047640095167850e+00,9.763491095950055154e+00,1.090089477574875154e+01,1.249325506665964625e+01,1.454056614196247565e+01,1.704281900297920060e+01,2.000000000000000000e+01
8.891173719576807244e+00,9.117887367171373825e+00,9.798028309955071791e+00,1.093159447498230641e+01,1.251858226160533505e+01,1.455898586275583995e+01,1.705279631010889574e+01,2.000000000000000000e+01
8.928654067070491251e+00,9.154602799809000047e+00,9.832448998024528208e+00,1.096219059576201182e+01,1.254382400451697066e+01,1.457734343680735023e+01,1.706273995455963899e+01,2.000000000000000000e+01
8.966007958717627346e+00,9.191194357364414813e+00,9.866753553304778990e+00,1.099268348755090585e+01,1.256898058370106597e+01,1.459563907379396319e+01,1.707265004990606272e+01,2.000000000000000000e+01
9.003235821167260511e+00,9.227662457779453931e+00,9.900942367616035966e+00,1.102307349863322194e+01,1.259405228649161224e+01,1.461387298268532930e+01,1.708252670933966400e+01,2.000000000000000000e+01
9.040338079629265167e+00,9.264007517586156482e+00,9.935015831456828650e+00,1.105336097611835555e+01,1.261903939925334761e+01,1.463204537174617315e+01,1.709237004567010487e+01,2.000000000000000000e+01
9.077315157879178642e+00,9.300229951911489934e+00,9.968974334008422034e+00,1.108354626594479164e+01,1.264394220738499719e+01,1.465015644853866661e+01,1.710218017132649138e+01,2.000000000000000000e+01
9.114167478263011546e+00,9.336330174482071698e+00,1.000281826313925038e+01,1.111362971288404466e+01,1.266876099532253264e+01,1.466820641992478436e+01,1.711195719835864182e+01,2.000000000000000000e+01
9.150895461702049261e+00,9.372308597628867588e+00,1.003654800540932079e+01,1.114361166054457719e+01,1.269349604654239094e+01,1.468619549206865571e+01,1.712170123843839065e+01,2.000000000000000000e+01
9.187499527697646329e+00,9.408165632291884961e+00,1.007016394607460263e+01,1.117349245137570257e+01,1.271814764356471095e+01,1.470412387043890945e+01,1.713141240286082478e+01,2.000000000000000000e+01
9.223980094335978208e+00,9.443901688024839203e+00,1.010366646909142219e+01,1.120327242667148582e+01,1.274271606795654854e+01,1.472199175981101860e+01,1.714109080254557327e+01,2.000000000000000000e+01
9.260337578292814342e+00,9.479517172999816665e+00,1.013705595712082008e+01,1.123295192657462671e+01,1.276720160033507234e+01,1.473979936426963100e+01,1.715073654803806136e+01,2.000000000000000000e+01
9.296572394838252151e+00,9.515012494011919841e+00,1.017033279153291936e+01,1.126253129008033760e+01,1.279160452037076823e+01,1.475754688721088215e+01,1.716034974951078240e+01,2.000000000000000000e+01
9.332684957841452800e+00,9.550388056483903654e+00,1.020349735241125622e+01,1.129201085504018920e+01,1.281592510679061903e+01,1.477523453134473641e+01,1.716993051676453419e+01,2.000000000000000000e+01
9.368675679775344989e+00,9.585644264470786879e+00,1.023655001855711077e+01,1.132139095816597596e+01,1.284016363738128597e+01,1.479286249869726788e+01,1.717947895922968371e+01,2.000000000000000000e+01
9.404544971721326974e+00,9.620781520664452913e+00,1.026949116749383073e+01,1.135067193503354055e+01,1.286432038899226882e+01,1.481043099061298740e+01,1.718899518596741771e+01,2.000000000000000000e+01
9.440293243373952592e+00,9.655800226398246977e+00,1.030232117547112658e+01,1.137985412008660369e+01,1.288839563753905892e+01,1.482794020775712696e+01,1.719847930567096483e+01,2.000000000000000000e+01
9.475920903045604859e+00,9.690700781651543139e+00,1.033504041746935798e+01,1.140893784664057264e+01,1.291238965800629224e+01,1.484539035011792407e+01,1.720793142666686393e+01,2.000000000000000000e+01
9.511428357671130485e+00,9.725483585054302438e+00,1.036764926720381652e+01,1.143792344688634621e+01,1.293630272445088281e+01,1.486278161700891154e+01,1.721735165691618263e+01,2.000000000000000000e+01
9.546816012812506358e+00,9.760149033891623915e+00,1.040014809712897481e+01,1.146681125189410011e+01,1.296013511000514740e+01,1.488011420707118582e+01,1.722674010401575018e+01,2.000000000000000000e+01
9.582084272663445645e+00,9.794697524108268993e+00,1.043253727844274081e+01,1.149560159161705641e+01,1.298388708687991411e+01,1.489738831827566834e+01,1.723609687519938305e+01,2.000000000000000000e+01
9.617233540054010987e+00,9.829129450313182303e+00,1.046481718109069803e+01,1.152429479489526010e+01,1.300755892636763633e+01,1.491460414792537570e+01,1.724542207733912136e+01,2.000000000000000000e+01
9.652264216455211709e+00,9.863445205783985870e+00,1.049698817377030835e+01,1.155289118945931648e+01,1.303115089884548361e+01,1.493176189265765608e+01,1.725471581694642964e+01,2.000000000000000000e+01
9.687176701983581495e+00,9.897645182471469738e+00,1.052905062393513447e+01,1.158139110193413934e+01,1.305466327377842717e+01,1.494886174844644877e+01,1.726397820017342966e+01,2.000000000000000000e+01
9.721971395405741845e+00,9.931729771004061291e+00,1.056100489779901963e+01,1.160979485784267240e+01,1.307809631972231301e+01,1.496590391060450465e+01,1.727320933281409410e+01,2.000000000000000000e+01
9.756648694142953104e+00,9.965699360692283904e+00,1.059285136034027452e+01,1.163810278160960365e+01,1.310145030432692970e+01,1.498288857378562611e+01,1.728240932030547938e+01,2.000000000000000000e+01
9.791208994275654831e+00,9.999554339533201386e+00,1.062459037530584105e+01,1.166631519656507443e+01,1.312472549433905478e+01,1.499981593198688223e+01,1.729157826772889450e+01,2.000000000000000000e+01
9.825652690547974188e+00,1.003329509421483934e+01,1.065622230521543301e+01,1.169443242494835822e+01,1.314792215560551369e+01,1.501668617855083099e+01,1.730071627981113025e+01,2.000000000000000000e+01
9.859980176372241445e+00,1.006692201012060295e+01,1.068774751136568923e+01,1.172245478791154483e+01,1.317104055307619781e+01,1.503349950616771658e+01,1.730982346092564228e+01,2.000000000000000000e+01
9.894191843833469946e+00,1.010043547133367525e+01,1.071916635383428762e+01,1.175038260552321212e+01,1.319408095080710552e+01,1.505025610687767568e+01,1.731889991509374482e+01,2.000000000000000000e+01
9.928288083693848520e+00,1.013383586064140118e+01,1.075047919148405740e+01,1.177821619677206755e+01,1.321704361196333899e+01,1.506695617207292592e+01,1.732794574598580084e+01,2.000000000000000000e+01
9.962269285397182372e+00,1.016712355953965563e+01,1.078168638196707541e+01,1.180595587957059855e+01,1.323992879882212215e+01,1.508359989249995614e+01,1.733696105692239087e+01,2.000000000000000000e+01
9.996135837073344632e+00,1.020029894823719552e+01,1.081278828172875173e+01,1.183360197075869458e+01,1.326273677277578500e+01,1.510018745826169528e+01,1.734594595087551738e+01,2.000000000000000000e+01
1.002988812554271725e+01,1.023336240566001010e+01,1.084378524601189220e+01,1.186115478610726903e+01,1.328546779433475677e+01,1.511671905881969202e+01,1.735490053046976300e+01,2.000000000000000000e+01
1.006352653632059457e+01,1.026631430945563572e+01,1.087467762886076095e+01,1.188861464032186355e+01,1.330812212313053422e+01,1.513319488299627480e+01,1.736382489798346285e+01,2.000000000000000000e+01
1.009705145362159584e+01,1.029915503599747595e+01,1.090546578312511627e+01,1.191598184704624330e+01,1.333070001791864634e+01,1.514961511897669943e+01,1.737271915534988054e+01,2.000000000000000000e+01
1.013046326036403855e+01,1.033188496038909143e+01,1.093615006046424831e+01,1.194325671886597107e+01,1.335320173658161202e+01,1.516597995431131274e+01,1.738158340415835923e+01,2.000000000000000000e+01
1.016376233817432428e+01,1.036450445646848983e+01,1.096673081135098471e+01,1.197043956731198477e+01,1.337562753613188526e+01,1.518228957591768591e+01,1.739041774565550114e+01,2.000000000000000000e+01
1.019694906739128371e+01,1.039701389681238730e+01,1.099720838507569809e+01,1.199753070286414847e+01,1.339797767271478079e+01,1.519854417008274261e+01,1.739922228074630794e+01,2.000000000000000000e+01
1.023002382707052682e+01,1.042941365274046817e+01,1.102758312975029042e+01,1.202453043495479967e+01,1.342025240161141042e+01,1.521474392246490837e+01,1.740799710999534256e+01,2.000000000000000000e+01
1.026298699498877376e+01,1.046170409431962334e+01,1.105785539231217207e+01,1.205143907197228614e+01,1.344245197724159446e+01,1.523088901809619955e+01,1.741674233362786239e+01,2.000000000000000000e+01
1.029583894764816243e+01,1.049388559036817803e+01,1.108802551852822305e+01,1.207825692126448303e+01,1.346457665316675900e+01,1.524697964138436213e+01,1.742545805153098470e+01,2.000000000000000000e+01
1.032858006028055087e+01,1.052595850846009817e+01,1.111809385299874009e+01,1.210498428914230118e+01,1.348662668209284554e+01,1.526301597611496064e+01,1.743414436325480921e+01,2.000000000000000000e+01
1.036121070685180001e+01,1.055792321492919328e+01,1.114806073916137130e+01,1.213162148088319015e+01,1.350860231587318872e+01,1.527899820545348852e+01,1.744280136801356562e+01,2.000000000000000000e+01
1.039373126006604764e+01,1.058978007487329442e+01,1.117792651929503656e+01,1.215816880073462336e+01,1.353050380551139042e+01,1.529492651194745712e+01,1.745142916468674699e+01,2.000000000000000000e+01
1.042614209136996450e+01,1.062152945215843403e+01,1.120769153452384259e+01,1.218462655191757094e+01,1.355233140116419221e+01,1.531080107752848107e+01,1.746002785182022876e+01,2.000000000000000000e+01
1.045844357095699095e+01,1.065317170942298652e+01,1.123735612482097324e+01,1.221099503662996355e+01,1.357408535214432810e+01,1.532662208351434785e+01,1.746859752762740925e+01,2.000000000000000000e+01
1.049063606777156821e+01,1.068470720808181973e+01,1.126692062901257430e+01,1.223727455605014036e+01,1.359576590692337028e+01,1.534238971061109424e+01,1.747713828999031449e+01,2.000000000000000000e+01
1.052271994951335365e+01,1.071613630833042130e+01,1.129638538478162069e+01,1.226346541034029158e+01,1.361737331313457666e+01,1.535810413891507231e+01,1.748565023646073513e+01,2.000000000000000000e+01
1.055469558264142194e+01,1.074745936914901101e+01,1.132575072867177646e+01,1.228956789864989041e+01,1.363890781757570636e+01,1.537376554791501349e+01,1.749413346426132421e+01,2.000000000000000000e+01
1.058656333237844294e+01,1.077867674830664058e+01,1.135501699609123349e+01,1.231558231911910539e+01,1.366036966621184767e+01,1.538937411649405362e+01,1.750258807028671271e+01,2.000000000000000000e+01
1.061832356271485445e+01,1.080978880236527928e+01,1.138418452131655201e+01,1.234150896888220039e+01,1.368175910417821761e+01,1.540493002293180069e+01,1.751101415110461801e+01,2.000000000000000000e+01
1.064997663641302950e+01,1.084079588668388716e+01,1.141325363749646193e+01,1.236734814407093452e+01,1.370307637578297211e+01,1.542043344490636159e+01,1.751941180295694878e+01,2.000000000000000000e+01
1.068152291501139928e+01,1.087169835542247043e+01,1.144222467665568388e+01,1.239310013981795144e+01,1.372432172450999310e+01,1.543588455949637428e+01,1.752778112176089920e+01,2.000000000000000000e+01
1.071296275882860449e+01,1.090249656154613334e+01,1.147109796969871454e+01,1.241876525026012956e+01,1.374549539302166501e+01,1.545128354318302044e+01,1.753612220311004677e+01,2.000000000000000000e+01
1.074429652696760229e+01,1.093319085682910163e+01,1.149987384641360144e+01,1.244434376854196067e+01,1.376659762316164759e+01,1.546663057185205403e+01,1.754443514227543943e+01,2.000000000000000000e+01
1.077552457731975544e+01,1.096378159185874601e+01,1.152855263547572129e+01,1.246983598681888949e+01,1.378762865595764531e+01,1.548192582079580326e+01,1.755272003420669691e+01,2.000000000000000000e+01
1.080664726656893748e+01,1.099426911603958246e+01,1.155713466445151916e+01,1.249524219626065147e+01,1.380858873162414646e+01,1.549716946471517787e+01,1.756097697353308007e+01,2.000000000000000000e+01
1.083766495019560061e+01,1.102465377759726550e+01,1.158562025980226373e+01,1.252056268705459985e+01,1.382947808956518365e+01,1.551236167772165331e+01,1.756920605456458517e+01,2.000000000000000000e+01
1.086857798248082396e+01,1.105493592358256016e+01,1.161400974688776699e+01,1.254579774840902040e+01,1.385029696837705337e+01,1.552750263333927272e+01,1.757740737129300612e+01,2.000000000000000000e+01
1.089938671651038682e+01,1.108511589987531565e+01,1.164230344997010036e+01,1.257094766855642831e+01,1.387104560585104807e+01,1.554259250450661689e+01,1.758558101739301804e+01,2.000000000000000000e+01
1.093009150417877606e+01,1.111519405118840886e+01,1.167050169221730371e+01,1.259601273475686689e+01,1.389172423897617392e+01,1.555763146357879378e+01,1.759372708622324666e+01,2.000000000000000000e+01
1.096069269619321496e+01,1.114517072107167905e+01,1.169860479570707312e+01,1.262099323330118850e+01,1.391233310394185274e+01,1.557261968232939253e+01,1.760184567082733054e+01,2.000000000000000000e+01
1.099119064207766350e+01,1.117504625191585710e+01,1.172661308143043968e+01,1.264588944951432481e+01,1.393287243614062554e+01,1.558755733195245341e+01,1.760993686393499402e+01,2.000000000000000000e+01
1.102158569017682055e+01,1.120482098495647527e+01,1.175452686929543589e+01,1.267070166775853579e+01,1.395334247017082774e+01,1.560244458306441828e+01,1.761800075796308818e+01,2.000000000000000000e+01
1.105187818766010110e+01,1.123449526027776280e+01,1.178234647813074787e+01,1.269543017143666930e+01,1.397374343983928391e+01,1.561728160570608637e+01,1.762603744501665659e+01,2.000000000000000000e+01
1.108206848052559046e+01,1.126406941681653251e+01,1.181007222568936044e+01,1.272007524299539583e+01,1.399407557816397230e+01,1.563206856934455224e+01,1.763404701688999765e+01,2.000000000000000000e+01
1.111215691360400903e+01,1.129354379236605155e+01,1.183770442865218264e+01,1.274463716392843260e+01,1.401433911737668936e+01,1.564680564287514031e+01,1.764202956506769482e+01,2.000000000000000000e+01
1.114214383056263635e+01,1.132291872357989426e+01,1.186524340263166799e+01,1.276911621477975523e+01,1.403453428892569654e+01,1.566149299462333033e+01,1.764998518072567180e+01,2.000000000000000000e+01
1.117202957390925455e+01,1.135219454597579514e+01,1.189268946217541867e+01,1.279351267514680934e+01,1.405466132347836705e+01,1.567613079234669371e+01,1.765791395473223702e+01,2.000000000000000000e+01
1.120181448499604215e+01,1.138137159393947684e+01,1.192004292076977912e+01,1.281782682368369741e+01,1.407472045092381663e+01,1.569071920323679770e+01,1.766581597764910327e+01,2.000000000000000000e+01
1.123149890402349094e+01,1.141045020072847116e+01,1.194730409084340828e+01,1.284205893810436727e+01,1.409471190037553612e+01,1.570525839392111322e+01,1.767369133973244288e+01,2.000000000000000000e+01
1.126108317004428017e+01,1.143943069847592575e+01,1.197447328377086073e+01,1.286620929518577405e+01,1.411463590017400804e+01,1.571974853046492981e+01,1.768154013093391796e+01,2.000000000000000000e+01
1.129056762096714017e+01,1.146831341819438776e+01,1.200155080987613054e+01,1.289027817077105986e+01,1.413449267788930719e+01,1.573418977837324029e+01,1.768936244090168586e+01,2.000000000000000000e+01
1.131995259356073724e+01,1.149709868977960703e+01,1.202853697843621106e+01,1.291426583977268194e+01,1.415428246032370474e+01,1.574858230259263614e+01,1.769715835898144718e+01,2.000000000000000000e+01
1.134923842345749811e+01,1.152578684201427706e+01,1.205543209768461210e+01,1.293817257617557281e+01,1.417400547351425644e+01,1.576292626751319226e+01,1.770492797421745479e+01,2.000000000000000000e+01
1.137842544515745402e+01,1.155437820257181336e+01,1.208223647481488960e+01,1.296199865304025423e+01,1.419366194273539072e+01,1.577722183697034630e+01,1.771267137535353342e+01,2.000000000000000000e+01
1.140751399203205985e+01,1.158287309802008380e+01,1.210895041598415212e+01,1.298574434250596354e+01,1.421325209250147559e+01,1.579146917424676744e+01,1.772038865083408865e+01,2.000000000000000000e+01
1.143650439632799554e+01,1.161127185382513538e+01,1.213557422631655491e+01,1.300940991579376416e+01,1.423277614656938006e+01,1.580566844207421617e+01,1.772807988880513008e+01,2.000000000000000000e+01
1.146539698917096395e+01,1.163957479435492104e+01,1.216210820990679053e+01,1.303299564320963810e+01,1.425223432794104284e+01,1.581981980263541843e+01,1.773574517711526255e+01,2.000000000000000000e+01
1.149419210056948693e+01,1.166778224288300514e+01,1.218855266982355801e+01,1.305650179414757517e+01,1.427162685886600180e+01,1.583392341756589872e+01,1.774338460331669864e+01,2.000000000000000000e+01
1.152289005941865163e+01,1.169589452159224585e+01,1.221490790811302318e+01,1.307992863709265130e+01,1.429095396084395020e+01,1.584797944795583824e+01,1.775099825466625703e+01,2.000000000000000000e+01
1.155149119350388709e+01,1.172391195157848465e+01,1.224117422580227377e+01,1.310327643962409461e+01,1.431021585462725199e+01,1.586198805435191161e+01,1.775858621812635363e+01,2.000000000000000000e+01
1.157999582950468742e+01,1.175183485285420382e+01,1.226735192290275300e+01,1.312654546841833714e+01,1.432941276022346955e+01,1.587594939675912364e+01,1.776614858036600353e+01,2.000000000000000000e+01
1.160840429299836529e+01,1.177966354435219642e+01,1.229344129841368805e+01,1.314973598925206844e+01,1.434854489689788082e+01,1.588986363464263185e+01,1.777368542776181215e+01,2.000000000000000000e+01
1.163671690846374851e+01,1.180739834392918830e+01,1.231944265032550945e+01,1.317284826700526423e+01,1.436761248317597683e+01,1.590373092692957080e+01,1.778119684639894871e+01,2.000000000000000000e+01
1.166493399928491037e+01,1.183503956836949378e+01,1.234535627562324400e+01,1.319588256566422046e+01,1.438661573684595751e+01,1.591755143201086575e+01,1.778868292207213742e+01,2.000000000000000000e+01
1.169305588775484672e+01,1.186258753338861460e+01,1.237118247028991824e+01,1.321883914832455886e+01,1.440555487496122389e+01,1.593132530774304456e+01,1.779614374028664514e+01,2.000000000000000000e+01
1.172108289507915480e+01,1.189004255363684770e+01,1.239692152930993174e+01,1.324171827719423966e+01,1.442443011384285789e+01,1.594505271145003888e+01,1.780357938625924064e+01,2.000000000000000000e+01
1.174901534137971204e+01,1.191740494270289297e+01,1.242257374667243042e+01,1.326452021359654943e+01,1.444324166908208618e+01,1.595873379992498009e+01,1.781098994491918575e+01,2.000000000000000000e+01
1.177685354569834253e+01,1.194467501311742197e+01,1.244813941537466029e+01,1.328724521797309244e+01,1.446198975554274746e+01,1.597236872943199337e+01,1.781837550090919109e+01,2.000000000000000000e+01
1.180459782600041940e+01,1.197185307635664486e+01,1.247361882742532124e+01,1.330989354988676077e+01,1.448067458736374746e+01,1.598595765570797944e+01,1.782573613858639661e+01,2.000000000000000000e+01
1.183224849917854726e+01,1.199893944284588443e+01,1.249901227384789593e+01,1.333246546802470256e+01,1.449929637796150139e+01,1.599950073396439265e+01,1.783307194202332369e+01,2.000000000000000000e+01
1.185980588105614864e+01,1.202593442196310569e+01,1.252432004468397331e+01,1.335496123020127079e+01,1.451785534003237821e+01,1.601299811888901559e+01,1.784038299500883440e+01,2.000000000000000000e+01
1.188727028639108774e+01,1.205283832204245620e+01,1.254954242899656158e+01,1.337738109336097558e+01,1.453635168555511825e+01,1.602644996464773186e+01,1.784766938104910494e+01,2.000000000000000000e+01
1.191464202887925161e+01,1.207965145037779031e+01,1.257467971487340286e+01,1.339972531358141872e+01,1.455478562579326862e+01,1.603985642488627406e+01,1.785493118336855289e+01,2.000000000000000000e+01
1.194192142115814903e+01,1.210637411322617218e+01,1.259973218943024165e+01,1.342199414607621044e+01,1.457315737129758304e+01,1.605321765273199475e+01,1.786216848491081777e+01,2.000000000000000000e+01
1.196910877481046498e+01,1.213300661581137874e+01,1.262470013881411823e+01,1.344418784519788801e+01,1.459146713190843592e+01,1.606653380079558957e+01,1.786938136833968471e+01,2.000000000000000000e+01
1.199620440036763824e+01,1.215954926232738842e+01,1.264958384820663895e+01,1.346630666444082891e+01,1.460971511675821510e+01,1.607980502117287003e+01,1.787656991604003665e+01,2.000000000000000000e+01
1.202320860731338392e+01,1.218600235594184333e+01,1.267438360182722157e+01,1.348835085644413390e+01,1.462790153427371287e+01,1.609303146544648655e+01,1.788373421011880282e+01,2.000000000000000000e+01
1.205012170408725325e+01,1.221236619879952912e+01,1.269909968293635671e+01,1.351032067299452066e+01,1.464602659217850444e+01,1.610621328468765867e+01,1.789087433240588609e+01,2.000000000000000000e+01
1.207694399808814723e+01,1.223864109202581751e+01,1.272373237383882838e+01,1.353221636502919978e+01,1.466409049749532123e+01,1.611935062945790520e+01,1.789799036445510083e+01,2.000000000000000000e+01
1.210367579567781426e+01,1.226482733573009831e+01,1.274828195588695223e+01,1.355403818263873106e+01,1.468209345654841158e+01,1.613244364981075663e+01,1.790508238754510373e+01,2.000000000000000000e+01
1.213031740218436916e+01,1.229092522900922191e+01,1.277274870948377483e+01,1.357578637506989416e+01,1.470003567496590691e+01,1.614549249529348174e+01,1.791215048268032461e+01,2.000000000000000000e+01
1.215686912190578006e+01,1.231693506995090637e+01,1.279713291408628706e+01,1.359746119072852721e+01,1.471791735768216292e+01,1.615849731494878583e+01,1.791919473059189372e+01,2.000000000000000000e+01
1.218333125811331819e+01,1.234285715563714270e+01,1.282143484820861801e+01,1.361906287718236719e+01,1.473573870894010263e+01,1.617145825731650532e+01,1.792621521173855470e+01,2.000000000000000000e+01
1.220970411305505543e+01,1.236869178214759302e+01,1.284565478942520400e+01,1.364059168116386900e+01,1.475349993229354872e+01,1.618437547043532732e+01,1.793321200630759193e+01,2.000000000000000000e+01
1.223598798795929632e+01,1.239443924456296386e+01,1.286979301437396472e+01,1.366204784857304055e+01,1.477120123060954171e+01,1.619724910184446287e+01,1.794018519421574709e+01,2.000000000000000000e+01
1.226218318303802413e+01,1.242009983696838482e+01,1.289384979875947224e+01,1.368343162448023698e+01,1.478884280607067936e+01,1.621007929858533814e+01,1.794713485511012863e+01,2.000000000000000000e+01
1.228828999749031858e+01,1.244567385245676050e+01,1.291782541735608625e+01,1.370474325312896191e+01,1.480642486017739579e+01,1.622286620720327122e+01,1.795406106836911420e+01,2.000000000000000000e+01
1.231430872950580557e+01,1.247116158313212964e+01,1.294172014401110005e+01,1.372598297793866351e+01,1.482394759375028315e+01,1.623560997374913839e+01,1.796096391310327078e+01,2.000000000000000000e+01
1.234023967626802687e+01,1.249656332011298687e+01,1.296553425164786688e+01,1.374715104150750911e+01,1.484141120693238136e+01,1.624831074378106877e+01,1.796784346815625000e+01,2.000000000000000000e+01
1.236608313395785252e+01,1.252187935353561876e+01,1.298926801226891747e+01,1.376824768561515988e+01,1.485881589919146251e+01,1.626096866236607852e+01,1.797469981210569401e+01,2.000000000000000000e+01
1.239183939775685950e+01,1.254710997255740956e+01,1.301292169695906331e+01,1.378927315122552955e+01,1.487616186932230278e+01,1.627358387408173712e+01,1.798153302326412728e+01,2.000000000000000000e+01
1.241750876185070673e+01,1.257225546536015592e+01,1.303649557588849994e+01,1.381022767848953414e+01,1.489344931544897221e+01,1.628615652301782646e+01,1.798834317967985541e+01,2.000000000000000000e+01
1.244309151943249248e+01,1.259731611915334071e+01,1.305998991831588540e+01,1.383111150674784362e+01,1.491067843502707113e+01,1.629868675277797863e+01,1.799513035913784975e+01,2.000000000000000000e+01
1.246858796270610092e+01,1.262229222017743169e+01,1.308340499259142398e+01,1.385192487453360854e+01,1.492784942484601274e+01,1.631117470648131018e+01,1.800189463916064980e+01,2.000000000000000000e+01
1.249399838288954179e+01,1.264718405370713583e+01,1.310674106615991974e+01,1.387266801957518680e+01,1.494496248103124714e+01,1.632362052676407771e+01,1.800863609700923362e+01,2.000000000000000000e+01
1.251932307021827917e+01,1.267199190405467135e+01,1.312999840556384434e+01,1.389334117879885788e+01,1.496201779904651552e+01,1.633602435578128365e+01,1.801535480968390601e+01,2.000000000000000000e+01
1.254456231394855159e+01,1.269671605457300601e+01,1.315317727644637280e+01,1.391394458833152825e+01,1.497901557369608128e+01,1.634838633520831408e+01,1.802205085392517958e+01,2.000000000000000000e+01
1.256971640236065291e+01,1.272135678765909361e+01,1.317627794355441750e+01,1.393447848350343499e+01,1.499595599912694865e+01,1.636070660624255169e+01,1.802872430621465227e+01,2.000000000000000000e+01
1.259478562276225055e+01,1.274591438475710170e+01,1.319930067074165692e+01,1.395494309885082274e+01,1.501283926883108855e+01,1.637298530960498866e+01,1.803537524277588133e+01,2.000000000000000000e+01
1.261977026149165759e+01,1.277038912636163026e+01,1.322224572097155004e+01,1.397533866811863135e+01,1.502966557564763939e+01,1.638522258554183608e+01,1.804200373957523951e+01,2.000000000000000000e+01
