Évolution temporelle de la concentration (Euler)
1.692560748110712556e-03,3.793309146734606674e-02,1.466546836250521291e-01,3.278573372212283399e-01,5.815410522558723816e-01,9.077058287289723193e-01,1.306351666640469755e+00,1.777478565990068260e+00,2.321086526776267700e+00,2.937175548991386886e+00,3.625745632595943846e+00,4.386796777386058999e+00,5.220328982304972776e+00,6.126342241857994253e+00,7.104836527397369039e+00,8.155811689208807280e+00,9.279266943258777545e+00,1.047519817615367188e+01,1.174358377201898307e+01,1.308430997376223637e+01,1.449677732934456564e+01,1.597782322091779150e+01,1.751074410425160011e+01,1.900723208272926357e+01,2.000000000000000000e+01
3.609868203585497870e-03,4.142891588200629804e-02,1.548860589172686986e-01,3.439812973093649417e-01,6.087146310582607356e-01,9.490860601637949312e-01,1.365095584625205083e+00,1.856743204438850547e+00,2.424028919587264408e+00,3.066952729986371473e+00,3.785514635230947889e+00,4.579714633368071830e+00,5.449552714999640557e+00,6.395028835027332548e+00,7.416142777973668387e+00,8.512893520483391541e+00,9.685276241554095833e+00,1.093326847213660002e+01,1.225676698078153493e+01,1.365530662249068961e+01,1.512684803061695504e+01,1.666280439562979154e+01,1.822929968182835481e+01,1.970791320654871370e+01,2.079309920029034942e+01
5.760834686855703657e-03,4.522099535078895338e-02,1.636014773425887026e-01,3.609022806621939861e-01,6.371234053093456362e-01,9.922648512828841083e-01,1.426326618577574923e+00,1.939308707169666635e+00,2.531211116951146423e+00,3.202033847430839852e+00,3.951776896379957549e+00,4.780440253725615207e+00,5.688023874213016917e+00,6.674527556135512185e+00,7.739950409625019567e+00,8.884288559435500332e+00,1.010752540303982450e+01,1.140959126975905846e+01,1.279020148024127757e+01,1.424823287089636636e+01,1.577946045045528400e+01,1.736903773619689773e+01,1.896998828351937050e+01,2.045848341054176700e+01,2.161764871765576146e+01
8.154725936054790791e-03,4.932107785472321371e-02,1.728201336107284825e-01,3.786518932037361007e-01,6.668163566323794811e-01,1.037313523890804223e+00,1.490143394953763689e+00,2.025305969712077658e+00,2.642801247693743694e+00,3.342629226864113345e+00,4.124789898498161023e+00,4.989283225459513638e+00,5.936109051225026967e+00,6.965266724167133106e+00,8.076753572548833304e+00,9.270558845546929660e+00,1.054664027118055714e+01,1.190483634454188078e+01,1.334455199475634579e+01,1.486369492910462320e+01,1.645535317867730640e+01,1.809859084674919671e+01,1.973766595683441238e+01,2.125259307432525446e+01,2.247489571316229018e+01
1.080117512175518546e-02,5.374137724045009723e-02,1.825619835965348325e-01,3.972629941885703619e-01,6.978444090108986142e-01,1.084306228040262665e+00,1.556648451180624670e+00,2.114871078035170715e+00,2.758974106968637763e+00,3.488957531278428892e+00,4.304821323709824732e+00,5.206565374594045004e+00,6.194189248409223580e+00,7.267691243226466646e+00,8.427064836807373283e+00,9.672285617361996657e+00,1.100326479838776983e+01,1.241969062411097191e+01,1.392051534742903840e+01,1.550240846222154367e+01,1.715552696975943547e+01,1.885352436931103881e+01,2.053523619099057740e+01,2.208694226702999686e+01,2.336613680399818804e+01
1.371019741739349686e-02,5.849459169387678098e-02,1.928477745233266316e-01,4.167697459005756389e-01,7.302605058060372967e-01,1.133320054162308299e+00,1.625948390662684817e+00,2.208145514093607709e+00,2.879911419675912576e+00,3.641246088731831421e+00,4.492149449020064189e+00,5.432621224778923619e+00,6.462660380162615681e+00,7.582263098811186985e+00,8.791415641793324909e+00,1.009006989877434535e+01,1.147806291103780474e+01,1.295486454584943026e+01,1.451883378033085670e+01,1.616519771512253101e+01,1.788114344120753429e+01,1.963574980022973904e+01,2.136465373823216041e+01,2.296003384967159633e+01,2.429272002465448566e+01
1.689220514731481007e-02,6.359392294605040186e-02,2.036990763422571737e-01,4.372076653198270768e-01,7.641196898197989418e-01,1.184435149617743654e+00,1.698154043858708606e+00,2.305276369296326067e+00,3.005802113684901133e+00,3.799731231275642607e+00,4.687063553286699324e+00,5.667798466602265606e+00,6.741933785162100179e+00,7.909461885406498638e+00,9.170356869494185048e+00,1.052453345227295500e+01,1.197172098519677874e+01,1.351109796361421722e+01,1.514030238216864355e+01,1.685298364535572446e+01,1.863345628991396552e+01,2.044702019839614238e+01,2.222743757345378057e+01,2.387146305983928585e+01,2.525604686587602643e+01
2.035802353511896937e-02,6.905309623989649981e-02,2.151383143542290877e-01,4.586136778333427810e-01,7.994791865187137470e-01,1.237734839828176447e+00,1.773380635625773749e+00,2.406416566112997923e+00,3.136842603052781175e+00,3.964658645366987866e+00,4.889864336430975733e+00,5.912458439897693374e+00,7.032436758128791432e+00,8.249785385255954395e+00,9.564459563821893440e+00,1.097632004011336448e+01,1.248495057244377193e+01,1.408916499058277694e+01,1.578577207106902414e+01,1.756676946066415823e+01,1.941377101634108016e+01,2.128896494095370784e+01,2.312493133252060318e+01,2.482150738379309729e+01,2.625757439446712027e+01
2.411890707569292955e-02,7.488638108730789889e-02,2.271888031221528104e-01,4.810261730670865599e-01,8.363984905340463571e-01,1.293305754145907205e+00,1.851747959028159807e+00,2.511725088037175979e+00,3.273237081470262488e+00,4.136283734109861498e+00,5.100864351873211078e+00,6.166976632284693061e+00,7.334613109597734493e+00,8.603750212633958228e+00,9.974315796495893949e+00,1.144609690542596780e+01,1.301849110432521606e+01,1.468987764437258647e+01,1.645614979805483458e+01,1.830762768933417917e+01,2.022342469803286846e+01,2.216313252276844281e+01,2.405843415395748863e+01,2.581088657430010969e+01,2.729881745715793429e+01
2.818655655493069664e-02,8.110861284680927208e-02,2.398747817224450019e-01,5.044850629181141244e-01,8.749394555562622910e-01,1.351237956623170477e+00,1.933380555811344603e+00,2.621367218141182676e+00,3.415197826233724143e+00,4.314871991877912372e+00,5.320388453638726034e+00,6.431743197699857362e+00,7.648923761258596521e+00,8.971892531375537772e+00,1.040053966458611612e+01,1.193455638384179451e+01,1.357311241115733402e+01,1.531408843256344987e+01,1.715239734230003776e+01,1.907669029238536140e+01,2.106377829484108233e+01,2.307102858913953725e+01,2.502926535270093922e+01,2.684062035434094895e+01,2.838135097186514244e+01
3.257313674164898781e-02,8.773521515264148807e-02,2.532214503856189958e-01,5.290318418670933998e-01,9.151663877431601701e-01,1.411625081843971952e+00,2.018407903749482202e+00,2.735514786486902494e+00,3.562945513132974806e+00,4.500699392087602391e+00,5.548774259925106200e+00,6.707163498749433295e+00,7.975847382723242340e+00,9.354768847386099040e+00,1.084376839663591063e+01,1.244241757094705747e+01,1.414961698317853234e+01,1.596269213004286236e+01,1.787552964917324516e+01,1.987514196353522067e+01,2.193621610210922768e+01,2.401414602764296191e+01,2.603879563147784282e+01,2.791194300612896484e+01,2.950681230981244596e+01
3.729129477658384845e-02,9.478222322660123655e-02,2.672550085766534078e-01,5.547096496527668119e-01,9.571461427632771413e-01,1.474564475986586576e+00,2.106964611088651740e+00,2.854346426697240702e+00,3.716709542745410655e+00,4.694052789084101285e+00,5.786372635122004837e+00,6.993658676419665987e+00,8.315881073569290294e+00,9.752956873243276092e+00,1.130466354217243286e+01,1.297042799212670872e+01,1.474884196778328871e+01,1.663662701470294891e+01,1.862661328721738840e+01,2.070421617695879846e+01,2.284214889903284984e+01,2.499398755984835674e+01,2.708846165170628595e+01,2.902625159286449019e+01,3.067690377211393127e+01
4.235417928359319628e-02,1.022663081043442140e-01,2.820026945665972673e-01,5.815633363914258780e-01,1.000948226599273738e+00,1.540157343292286152e+00,2.199190618327964142e+00,2.978047842042261806e+00,3.876728378730042390e+00,4.895230335254606935e+00,6.033548192328538562e+00,7.291666250143283179e+00,8.669541092587969899e+00,1.016705645910236022e+01,1.178391222150707129e+01,1.351936524267520845e+01,1.537166093610242079e+01,1.733687579350394614e+01,1.940676532290966705e+01,2.156519337648134993e+01,2.378301874501322644e+01,2.601208233536242886e+01,2.817977257152831783e+01,3.018507439029799144e+01,3.189339516456631074e+01
4.777546022830775341e-02,1.102048018081473180e-01,2.974928265476660116e-01,6.096395302263341032e-01,1.046644900240308429e+00,1.608508898126274733e+00,2.295231407605564211e+00,3.106812081448031559e+00,4.043249898809332166e+00,5.104541914584537210e+00,6.290679818342622021e+00,7.601640750566274640e+00,9.037363634576010440e+00,1.059769058280816623e+01,1.228222841717481550e+01,1.409003858399536391e+01,1.601898547103358084e+01,1.806446639858664938e+01,2.021715273048691230e+01,2.245940073029599660e+01,2.476030429657690490e+01,2.706999809553208891e+01,2.931431291468873823e+01,3.139005167392021889e+01,3.315812647454439599e+01
5.356934954949741506e-02,1.186157234983741399e-01,3.137548453450043073e-01,6.389867075944445363e-01,1.094311288398161164e+00,1.679728522830117310e+00,2.395238219985512007e+00,3.240839825891109971e+00,4.216531759206097796e+00,5.322309593920278026e+00,6.558161222935938284e+00,7.924054386698871077e+00,9.419905653870115358e+00,1.104550639206870066e+01,1.280035429367771549e+01,1.468329049502372463e+01,1.669176663356129353e+01,1.882047278070680107e+01,2.105899234755340643e+01,2.338821297929500176e+01,2.577552607830230968e+01,2.816935021323538635e+01,3.049374394770503116e+01,3.264292420060944977e+01,3.447301065404876397e+01
5.975062258840485585e-02,1.275178066361664364e-01,3.308193587794511781e-01,6.696552662008756762e-01,1.144025492389173948e+00,1.753929931580846535e+00,2.499368280972908085e+00,3.380339685693816598e+00,4.396841773362996086e+00,5.548868093203561891e+00,6.836401514015578051e+00,8.259397748547861795e+00,9.817745733142244191e+00,1.151117629236264506e+01,1.333906153738073108e+01,1.529999818680086321e+01,1.739099636058395149e+01,1.960601578290430425e+01,2.193355133246460653e+01,2.435305402356433646e+01,2.683025146362644620e+01,2.931180859883579615e+01,3.171980462300086145e+01,3.394552657781434846e+01,3.584003651311510907e+01
6.633464034130809317e-02,1.369305271902665766e-01,3.487181877371420269e-01,7.016976007955463279e-01,1.195868707332926384e+00,1.831231340489900328e+00,2.607785034616879383e+00,3.525528509282162659e+00,4.584458305812243673e+00,5.784565275907337600e+00,7.125825800043980252e+00,8.608180545861392474e+00,1.023148499570275050e+01,1.199539907556415841e+01,1.389915271288851706e+01,1.594107509309263193e+01,1.811770883975159308e+01,2.042226414342763618e+01,2.284214805737938647e+01,2.535539899452471957e+01,2.792609929564957838e+01,3.049910318568335299e+01,3.299431257800274864e+01,3.529978380462733867e+01,3.726127172796153530e+01
7.333737256068711963e-02,1.468741329214456603e-01,3.674844140037212825e-01,7.351681818511960342e-01,1.249925343828825808e+00,1.911755644194477188e+00,2.720658386592714084e+00,3.676631704007943924e+00,4.779670682084657507e+00,6.029762660843331012e+00,7.426875820870710854e+00,8.970932383291595258e+00,1.066174805961067484e+01,1.249890108577822900e+01,1.448146263576936477e+01,1.660747235212125261e+01,1.887298189782188729e+01,2.127043565298946248e+01,2.378615336749907172e+01,2.639677664165028759e+01,2.906474416484363132e+01,3.173302849423602368e+01,3.431916539740782923e+01,3.670770992034543667e+01,3.873886596842392294e+01
8.077542173066352971e-02,1.573696737788431721e-01,3.871524299233821131e-01,7.701236372477211489e-01,1.306283154283270020e+00,1.995630599214082590e+00,2.838164956684290807e+00,3.833883569668157687e+00,4.982779615552742847e+00,6.284835956439231985e+00,7.740010607942737764e+00,9.348203572092801394e+00,1.110918403217227990e+01,1.302243742037741647e+01,1.508685976406706786e+01,1.730018029469728091e+01,1.965793843040383138e+01,2.215179847569648430e+01,2.476699214319841502e+01,2.747877192298398086e+01,3.024792039818960987e+01,3.301544761779290127e+01,3.569634220911503775e+01,3.817140809038406957e+01,4.027505414940953443e+01
8.866604794293676817e-02,1.684390334436883518e-01,4.077579899459430890e-01,8.066228370743141474e-01,1.365033364072424815e+00,2.082989014365373759e+00,2.960488341115219857e+00,3.997527645378829764e+00,5.194097652096481887e+00,6.550175618509418207e+00,8.065707174715710082e+00,9.740565978408008974e+00,1.157446754383201970e+01,1.356679316558528292e+01,1.571624761275704607e+01,1.802022995311092401e+01,2.047374789349494861e+01,2.306767263347027708e+01,2.578614511190471958e+01,2.860302873125842993e+01,3.147742582574043979e+01,3.434829586314398853e+01,3.712790562168124353e+01,3.969307170164472609e+01,4.187215981128689180e+01
9.702719470031721805e-02,1.801049620574206866e-01,4.293382641287311063e-01,8.447269816681826082e-01,1.426270807738685642e+00,2.173968948548294922e+00,3.087819385201258093e+00,4.167817070477338959e+00,5.413949633466919487e+00,6.826187432475432360e+00,8.404461237991933231e+00,1.014861390823103626e+01,1.205829982095254316e+01,1.413278466709666503e+01,1.637056619631997734e+01,1.876869460361001529e+01,2.132162787121371039e+01,2.401943164863797264e+01,2.684515086754248614e+01,2.977125271643422266e+01,3.275512538920708749e+01,3.573358420405338620e+01,3.861600398541805390e+01,4.127498619051119988e+01,4.353259863432496957e+01
1.058775156762093023e-01,1.923911101731930751e-01,4.519318936641443796e-01,8.844996930165509585e-01,1.490094070432221196e+00,2.268713916235551409e+00,3.220356466817499097e+00,4.345014960138699145e+00,5.642673180205750150e+00,7.113293120937228764e+00,8.756787970860493431e+00,1.057296502924120141e+01,1.256140979748675157e+01,1.472126083713960831e+01,1.705079350509621960e+01,1.954669135355180742e+01,2.220284572956557767e+01,2.500850433715678989e+01,2.794560806553475629e+01,3.098521418459473509e+01,3.408295465024168891e+01,3.717340265442388159e+01,4.016287395129310767e+01,4.291953142230340745e+01,4.525888209249715999e+01
1.152364024600577991e-01,2.053220639721410612e-01,4.755790485083908337e-01,9.260071096570409166e-01,1.556605634822389783e+00,2.367373101015358916e+00,3.358305791191776191e+00,4.529394796398607426e+00,5.880619194962396712e+00,7.411930977456965053e+00,9.123222787906859921e+00,1.101426132986760287e+01,1.308455526602834595e+01,1.533310450007817849e+01,1.775794702120463597e+01,2.035538278261178746e+01,2.311872036278685982e+01,2.603637674455039885e+01,2.908917777006924510e+01,3.224675106536251690e+01,3.546292324749850167e+01,3.866992363373234554e+01,4.177084330196137785e+01,4.462918450251027735e+01,4.705362125217689595e+01
1.251240133208463556e-01,2.189233817886247213e-01,5.003214871919597906e-01,9.693179852202609137e-01,1.625912033717020311e+00,2.470101577554048689e+00,3.501881697550978334e+00,4.721240835280930526e+00,6.128152387036469584e+00,7.722556527395451731e+00,9.504322163387119105e+00,1.147317011613068161e+01,1.362852406916494452e+01,1.596923377915610054e+01,1.849308527969168736e+01,2.119597864590406644e+01,2.407062403655671901e+01,2.710459421730794816e+01,3.027758593744408699e+01,3.355777194755488324e+01,3.689711834317157013e+01,4.022540537450227305e+01,4.344233403271488925e+01,4.640652294025887414e+01,4.891953072147022397e+01
1.355613030232237781e-01,2.332216319918754555e-01,5.262026188978304875e-01,1.014503790767350422e+00,1.698124008640420346e+00,2.577060542360439577e+00,3.651306978160226535e+00,4.920848530731301018e+00,6.385651818965093263e+00,8.045643216637296646e+00,9.900664483118275072e+00,1.195038504701306792e+01,1.419413533243893966e+01,1.663060352732274794e+01,1.925730948032261480e+01,2.206973764557716677e+01,2.505998433092383237e+01,2.821476360371232062e+01,3.151262602490895404e+01,3.492025918727185285e+01,3.838770809233709969e+01,4.184219540645788982e+01,4.517986566459124731e+01,4.825422811107507925e+01,5.085943275615909442e+01
