Évolution temporelle de la concentration (Euler)
-7.904250493634344742e-21,9.953768058007122740e-21,6.352782371293152519e-20,4.603923664110905006e-19,3.575826740710091554e-18,2.880917370256621370e-17,2.374053021534814128e-16,1.986566863506016590e-15,1.680845139913788957e-14,1.434149825383421239e-13,1.231727192419468715e-12,1.063481809415209058e-11,9.222155917789495626e-11,8.026260999160565183e-10,7.007030548086266488e-09,6.133472494765772607e-08,5.381202600459607428e-07,4.730745016829579098e-06,4.166344998093146049e-05,3.675118691250892251e-04,3.246431053036601296e-03,2.871431993759115259e-02,2.542704679109143995e-01,2.253994891166330117e+00,2.000000000000000000e+01
-1.360878879751589769e-19,1.938630168123421031e-19,1.183715731174845343e-18,8.208747336304190782e-18,6.088821015044703189e-17,4.674573413719231788e-16,3.661839574447174596e-15,2.904944877329859639e-14,2.323181320851853372e-13,1.867278022294922464e-12,1.505013135107587014e-11,1.214214669583443794e-10,9.790235034728202724e-10,7.877488470892053768e-09,6.315645182776275716e-08,5.036781279795118677e-07,3.987804862195342972e-06,3.126684821935569021e-05,2.419794372553012163e-04,1.839994293520956200e-03,1.365220951036980046e-02,9.774273135985191152e-02,6.617762034661126558e-01,4.060172605648108224e+00,2.000000000000000000e+01
-1.215354492849114915e-18,1.968480892587043611e-18,1.151998704889551919e-17,7.659254273393012076e-17,5.437144771435207543e-16,3.986984692144227179e-15,2.976555501063537949e-14,2.244984853013206234e-13,1.702376768448609206e-12,1.293552312316092787e-11,9.823569804902747272e-11,7.439564979700672450e-10,5.606837519474233417e-09,4.196322525081424992e-08,3.111792081561914430e-07,2.280359323590904317e-06,1.646134916899717282e-05,1.165852699660940313e-04,8.057720343131014691e-04,5.394347181852885038e-03,3.460098041061404617e-02,2.090526078676007982e-01,1.155615960473804771e+00,5.525338986393166785e+00,2.000000000000000000e+01
-7.484058257332752616e-18,1.387199814481664987e-17,7.794016735126485889e-17,4.977065105622962005e-16,3.387890527138799739e-15,2.377883636234178914e-14,1.695841123890931961e-13,1.219165653115691148e-12,8.791043460504577476e-12,6.335070325978220250e-11,4.549239563719797097e-10,3.247044858046674325e-09,2.297849353381332613e-08,1.608104945078484906e-07,1.109737849229844206e-06,7.526373827270304818e-06,4.996202148646034354e-05,3.229542780697795216e-04,2.019016670399577645e-03,1.209479442901687657e-02,6.850590805402911876e-02,3.595455755588907731e-01,1.691927858051325728e+00,6.728345508273700482e+00,2.000000000000000000e+01
-3.563253879033408027e-17,7.621271949182750290e-17,4.117484943383122586e-16,2.529499682536509115e-15,1.654011957500690996e-14,1.113354573159762029e-13,7.601135002369165437e-13,5.220956203827280106e-12,3.589085119079108727e-11,2.459912625734964808e-10,1.675690698918579270e-09,1.131274490300564996e-08,7.547773175010965336e-08,4.961940883650485994e-07,3.203445857035765875e-06,2.023113363886776364e-05,1.243934070936262106e-04,7.402048021501300137e-04,4.229624615864829157e-03,2.296583997136200650e-02,1.167556551532816789e-01,5.437837964646862199e-01,2.242366613140527765e+00,7.727836121265749370e+00,2.000000000000000000e+01
-1.393894520490622406e-16,3.477190444248447507e-16,1.809044533846565725e-15,1.070786757969747483e-14,6.737084298155157330e-14,4.356916939252441023e-13,2.853140856666644157e-12,1.876363229248843890e-11,1.232610217915216423e-10,8.055841339684655942e-10,5.220577053736240895e-09,3.344316128965769187e-08,2.111229410708308555e-07,1.309092927901367525e-06,7.943345008854313656e-06,4.696246204120237860e-05,2.691103243559830752e-04,1.484867991927887442e-03,7.822458313294252535e-03,3.890418209221008228e-02,1.798388427694843361e-01,7.555662127403965922e-01,2.789002852652934905e+00,8.567761897685009842e+00,2.000000000000000000e+01
-4.645598781080395119e-16,1.370616278637422108e-15,6.876144748873806867e-15,3.927023244005431966e-14,2.381013242233841575e-13,1.481839025029782256e-12,9.324493763641897527e-12,5.882912923872193371e-11,3.700902254663524666e-10,2.311877271222183469e-09,1.429007186883178555e-08,8.711433260472883129e-08,5.220247472356293455e-07,3.064047423030944218e-06,1.754554875453185497e-05,9.756126302049660079e-05,5.238177280020261646e-04,2.696728672057069082e-03,1.319377301674608434e-02,6.062823271523180152e-02,2.575328735169636896e-01,9.887956302892728644e-01,3.320866054831268066e+00,9.281325213554259435e+00,2.000000000000000000e+01
-1.348833013065590312e-15,4.795199978131422317e-15,2.322729895172246001e-14,1.281603038793869309e-13,7.498919343240619053e-13,4.498177948059483308e-12,2.724351212158310280e-11,1.651915141321804458e-10,9.971574035482058126e-10,5.966610274405870102e-09,3.526032584591287236e-08,2.050885652670589546e-07,1.169967739828240454e-06,6.521549584120528157e-06,3.537010895702274766e-05,1.857341303265539183e-04,9.387480212147112941e-04,4.533591032160540733e-03,2.072841696881584650e-02,8.865796284921767523e-02,3.490983384535069622e-01,1.237916314035906851e+00,3.831603526448327912e+00,9.893814724812182604e+00,2.000000000000000000e+01
-3.454121042158902873e-15,1.518351292388256191e-14,7.109641482200695665e-14,3.794659298867785034e-13,2.145557860401248083e-12,1.242215058678569427e-11,7.252616321916669472e-11,4.233517891963237793e-10,2.456547751950225808e-09,1.410762408528747673e-08,7.988042543002068520e-08,4.443520316195165499e-07,2.419523060387179699e-06,1.284527918769717467e-05,6.619948004327246092e-05,3.294884412769607867e-04,1.574148748006601794e-03,7.165077328286474992e-03,3.078152498458449834e-02,1.233165202785758419e-01,4.534517768424594086e-01,1.498097982219428248e+00,4.317897494921780321e+00,1.042465371031621046e+01,2.000000000000000000e+01
-7.824179189669497467e-15,4.415694056868987076e-14,2.001002998437679754e-13,1.034291578478804727e-12,5.658097748109474880e-12,3.166091541621276154e-11,1.784493920333147504e-10,1.004328162953825424e-09,5.611446032735943706e-09,3.098550583483828144e-08,1.684359422233723175e-07,8.980420572609164396e-07,4.678499692359014405e-06,2.371935588726925741e-05,1.164960991113406122e-04,5.513758831299713859e-04,2.499182558027134016e-03,1.076617576555648388e-02,4.366527154058861410e-02,1.647458827782690705e-01,5.693068890912580393e-01,1.765275583796790837e+00,4.778397280901899968e+00,1.088888813978050507e+01,2.000000000000000000e+01
-1.551743730508798290e-14,1.193044721006926386e-13,5.237702003180344999e-13,2.624673559810921858e-12,1.390805636948445211e-11,7.531058208417954352e-11,4.103188528136195238e-10,2.229773157432156195e-09,1.201461459818589030e-08,6.389686722420835089e-08,3.340716703006511113e-07,1.710578206007554593e-06,8.544936085225106261e-06,4.146970105394263913e-05,1.946210097565875114e-04,8.785317060826716012e-04,3.790380005149129698e-03,1.551109119754168902e-02,5.964049339198743832e-02,2.129303742196187177e-01,6.952832910671884470e-01,2.036111878785114460e+00,5.213001391206487867e+00,1.129827388274705058e+01,2.000000000000000000e+01
-2.594102156780910463e-14,3.022111180994704829e-13,1.286667537101309246e-12,6.257217552396955419e-12,3.215206914559789407e-11,1.686712332416834133e-10,8.894523688039706344e-10,4.673294903967382808e-09,2.431923500409847782e-08,1.247623084101934871e-07,6.284371322036540441e-07,3.096028607562736708e-06,1.485928904396881801e-05,6.918314909919963927e-05,3.109993862005812348e-04,1.342515535578843065e-03,5.529798448550126561e-03,2.156777884114828570e-02,7.891256679178923483e-02,2.677235201280965260e-01,8.299861100634663424e-01,2.307923054082270831e+00,5.622377213821800446e+00,1.166207575598883928e+01,2.000000000000000000e+01
-3.200077553485295250e-14,7.230818448755201215e-13,2.988329706106639343e-12,1.411690507535812706e-11,7.041229811301904503e-11,3.582599535773833679e-10,1.830645944186627215e-09,9.311311977148119792e-09,4.685980679419468964e-08,2.322353751318276800e-07,1.128772799736866999e-06,5.359546202202593962e-06,2.476004521163596239e-05,1.108180795504477942e-04,4.782235137352196805e-04,1.978973868406226026e-03,7.803034096523583756e-03,2.909338392765193487e-02,1.016307373368733197e-01,3.288751651644776230e-01,9.720612963758001879e-01,2.578590830273425727e+00,6.007641889290475490e+00,1.198765839679958134e+01,2.000000000000000000e+01
-8.386544595581967102e-15,1.644214929507864671e-12,6.602019351818204583e-12,3.032328531166730322e-11,1.469555281802607816e-10,7.259394581884207446e-10,3.598389747679739297e-09,1.773908823679992795e-08,8.644326508141418338e-08,4.144209714979404442e-07,1.946496423313352388e-06,8.921516858500651531e-06,3.974069307288299538e-05,1.713009601088881886e-04,7.110886081790302685e-04,2.827154003029588424e-03,1.069721594521198284e-02,3.823068177870609513e-02,1.278900692816070939e-01,3.960569241256187700e-01,1.120231718120044517e+00,2.846474137773556290e+00,6.370152336355296541e+00,1.228092597040971690e+01,2.000000000000000000e+01
1.136713055745175098e-13,3.571617929971187557e-12,1.394545780316119771e-11,6.232923654843960770e-11,2.937636816722025095e-10,1.410258801685757360e-09,6.788245044612654228e-09,3.246958471270608039e-08,1.533910159338768812e-07,7.122679058538727204e-07,3.237281881813072573e-06,1.434388859577591461e-05,6.170586138034588248e-05,2.566041667569314631e-04,1.026561324923826179e-03,3.929304387579954892e-03,1.429908580431311395e-02,4.910551660151718512e-02,1.577352421606697808e-01,4.688848914337917506e-01,1.273318644021075974e+00,3.110327128806947616e+00,6.711369016724811232e+00,1.254665151930209355e+01,2.000000000000000000e+01
4.965278726342755557e-13,7.444057569597736231e-12,2.828664666048811836e-11,1.231265173047814868e-10,5.648447479714539571e-10,2.637631969473629415e-09,1.234091490506571575e-08,5.733424499725909842e-08,2.628709543494213571e-07,1.183681198021807260e-06,5.212552544953568182e-06,2.235801074587616196e-05,9.302444752269671188e-05,3.738016409130415999e-04,1.443684598411671110e-03,5.329997881282656606e-03,1.869324214400048048e-02,6.182517135882846515e-02,1.911655303250419657e-01,5.469391326665985487e-01,1.430252501552284894e+00,3.369226541136318254e+00,7.032769334219042712e+00,1.278872529839754435e+01,2.000000000000000000e+01
1.489516329792966184e-12,1.494257016213808819e-11,5.530173165917345421e-11,2.346137550715101332e-10,1.048472661615916206e-09,4.766540912424321291e-09,2.169757020690746314e-08,9.800563812275869304e-08,4.365546449389602017e-07,1.908376551369191568e-06,8.152242221602507463e-06,3.389321188988067074e-05,1.365777082834869862e-04,5.311002262369691074e-04,1.983425397979069436e-03,7.075413061958714216e-03,2.396060013375589381e-02,7.647756077490425186e-02,2.281404253968458418e-01,6.297798780581850275e-01,1.590076038324127250e+00,3.622509275528579487e+00,7.335794271836425295e+00,1.301034329657385946e+01,2.000000000000000000e+01
3.794101675354590596e-12,2.898175939854126775e-11,1.045447325681012984e-10,4.325919137861376311e-10,1.884712080450857233e-09,8.348517770325581418e-09,3.700585515445746120e-08,1.626618952368243180e-07,7.046287947440985884e-07,2.993473362826383498e-06,1.241861378695513534e-05,5.010528957829324495e-05,1.958005393572925682e-04,7.378457898619728049e-04,2.668474040556143186e-03,9.212605333989442452e-03,3.017709778865418010e-02,9.313111940202388472e-02,2.685854842248005525e-01,7.169605827296618994e-01,1.751942315724196897e+00,3.869719876536912295e+00,7.621817126333450432e+00,1.321415133668655528e+01,2.000000000000000000e+01
8.743302194746873371e-12,5.446790852178598393e-11,1.916417275029033156e-10,7.739792926400633405e-10,3.289872433682815919e-09,1.421020894559155329e-08,6.138662453762825428e-08,2.628120174388280433e-07,1.108182164122636318e-06,4.579795319538144842e-06,1.847087215381240427e-05,7.240407308858143136e-05,2.747144988126898964e-04,1.004504391034530741e-03,3.523004908365201353e-03,1.178879497676772747e-02,3.741265949313563044e-02,1.118352513567976575e-01,3.123980955011250171e-01,8.080381548471511355e-01,1.915109366906699861e+00,4.110567025779858774e+00,7.892126784925546978e+00,1.340235598607256051e+01,2.000000000000000000e+01
1.875666823060421335e-11,9.943882629794908864e-11,3.414853004999837145e-10,1.346981354268048941e-09,5.589835874093723686e-09,2.356132164577845973e-08,9.927179872972947092e-08,4.142993778994916174e-07,1.701979501165025352e-06,6.848820531212509992e-06,2.688026698909786995e-05,1.024792495282491434e-04,3.779515030780402317e-04,1.342619757326240972e-03,4.572408881796227210e-03,1.485069407108003531e-02,4.573041358549542051e-02,1.326212131774724690e-01,3.594529521693602958e-01,9.025807152024885038e-01,2.078932865036003719e+00,4.344887924099831267e+00,8.147920434032759118e+00,1.357681051673267980e+01,2.000000000000000000e+01
3.805653286221427417e-11,1.767371236022628129e-10,5.927788958224084355e-10,2.285107686359657150e-09,9.264504826422246380e-09,3.813367167216687995e-08,1.568237157875043191e-07,6.384981203274110198e-07,2.557623392303137446e-06,1.003019768425999399e-05,3.834535302543018415e-05,1.423237078729108404e-04,5.107675139652617050e-04,1.764749132164494328e-03,5.843007646314297109e-03,1.844388895059741185e-02,5.518614997968193658e-02,1.555033124604351114e-01,4.096070929949885420e-01,1.000173265701814751e+00,2.242857764842799639e+00,4.572619402228015772e+00,8.390302257393114971e+00,1.373908199163862243e+01,2.000000000000000000e+01
7.376213435480987284e-11,3.064128147947036025e-10,1.004364856114384804e-09,3.786095623945190281e-09,1.500590424488132920e-08,6.035686146416817991e-08,2.424459831678502628e-07,9.637137451878678556e-07,3.767093593103821942e-06,1.440972209386465956e-05,5.370706251060313157e-05,1.942537479940841503e-04,6.790459177517868669e-04,2.284380155553575580e-03,7.361759410198834806e-03,2.261228980589854998e-02,6.582799654592950966e-02,1.804803195984167885e-01,4.627044361035737574e-01,1.100421628657193285e+00,2.406409586949231905e+00,4.793774666358195269e+00,8.620285816957510505e+00,1.389050398334771863e+01,2.000000000000000000e+01
1.375162612862854657e-10,5.191030754191351506e-10,1.663863517817684179e-09,6.136972977372598710e-09,2.379273829699045984e-08,9.357629501891940900e-08,3.673950727779396609e-07,1.426795093773395640e-06,5.446641950456923029e-06,2.033764673480511605e-05,7.396324490729726513e-05,2.609256146620467513e-04,8.892906533440740917e-04,2.915831836907795908e-03,9.155964615422458597e-03,2.739765455219254214e-02,7.769628862027368188e-02,2.075370059520592336e-01,5.185797718729674433e-01,1.202954986690191408e+00,2.569185794249761123e+00,5.008424700081290482e+00,8.838798583030824219e+00,1.403221828549789407e+01,2.000000000000000000e+01
2.478448194166560609e-10,8.606967191380503024e-10,2.699252418302233078e-09,9.746665577209306819e-09,3.698442773279640883e-08,1.423192614841219052e-07,5.465007690451904918e-07,2.074960339652458738e-06,7.741009944426261442e-06,2.823718902716664499e-05,1.002823422985368184e-04,3.453479421709502789e-04,1.148609462151471911e-03,3.674142890958455050e-03,1.125297906159650370e-02,3.283919018945172241e-02,9.082360398760833120e-02,2.366457376926938694e-01,5.770622146614258208e-01,1.307427313279446057e+00,2.730847547894855065e+00,5.216683475467682740e+00,9.046687605059393178e+00,1.416520813779302657e+01,2.000000000000000000e+01
4.335034630207704450e-10,1.398658228490437549e-09,4.294122524899438860e-09,1.518772300308434586e-08,5.643783005781666004e-08,2.126146781569402215e-07,7.990020947532677436e-07,2.967834650404616522e-06,1.082792561349866753e-05,3.861308472399996246e-05,1.340158934204129784e-04,4.508898263869749084e-04,1.464687898560594528e-03,4.574950758309323691e-03,1.367994059829022793e-02,3.897323168610792449e-02,1.052349354337141218e-01,2.677680694347415180e-01,6.379781348492024051e-01,1.413517942190906762e+00,2.891112014013944798e+00,5.418696256060709260e+00,9.244725669843022686e+00,1.429032486608233832e+01,2.000000000000000000e+01
7.381271862549181743e-10,2.230460395553839576e-09,6.707460023450603781e-09,2.324889158813626839e-08,8.464995846008831241e-08,3.123717691985469534e-07,1.149503543591162298e-06,4.179692074039807822e-06,1.492282756308750424e-05,5.206003580358896149e-05,1.767095928217585796e-04,5.812843712782638297e-04,1.845754952283202178e-03,5.634364548966222519e-03,1.646351425898255269e-02,4.583299589853690598e-02,1.209479739986738384e-01,3.008562951042073608e-01,7.011536067650603332e-01,1.520931483673699347e+00,3.049745310352987016e+00,5.614630394201211239e+00,9.433617533509144337e+00,1.440830938058254063e+01,2.000000000000000000e+01
1.226568220220425400e-09,3.494654858676945147e-09,1.029891477404650460e-08,3.500040117658361990e-08,1.249300577477358995e-07,4.518224684638406793e-07,1.629054394813431941e-06,5.801889118752443936e-06,2.028375619596606660e-05,6.927089967318998383e-05,2.301126721456176014e-04,7.406276810285521237e-04,2.300541291516188490e-03,6.868834958799399128e-03,1.962965947471160752e-02,5.344840615338170703e-02,1.379734779722264770e-01,3.358549250235518535e-01,7.664164161701525479e-01,1.629397258313507901e+00,3.206556125758734055e+00,5.804668130606545517e+00,9.614005974109286257e+00,1.451980963379153700e+01,2.000000000000000000e+01
1.993384064082394701e-09,5.385194770596271948e-09,1.556062689013790410e-08,5.187394494583823594e-08,1.816043591390337827e-07,6.440316801908016193e-07,2.276351637079204073e-06,7.945472607533861828e-06,2.721634645956921277e-05,9.104447190333733416e-05,2.961854157120174060e-04,9.333733825091918923e-04,2.838231240871550223e-03,8.295023943257586949e-03,2.320342186264305259e-02,6.184598180009463764e-02,1.563157051138789055e-01,3.727020678864087500e-01,8.335976746699440554e-01,1.738668386720604309e+00,3.361390008082522751e+00,5.989000994563299152e+00,9.786477518367545869e+00,1.462539488394450515e+01,2.000000000000000000e+01
3.174019965677095633e-09,8.169711882866977405e-09,2.315678763443662272e-08,7.575941413952550699e-08,2.602567160485234218e-07,9.054787230336667595e-07,3.139064654790026406e-06,1.074393985996899597e-05,3.607885240524413638e-05,1.182927236330316413e-04,3.771046703195798044e-04,1.164322863193609876e-03,3.468409664611749304e-03,9.929676615265737791e-03,2.720875106352454303e-02,7.104878620699361935e-02,1.759728882939474437e-01,4.113307042278731562e-01,9.025330890016547425e-01,1.848520645053438605e+00,3.514124292357114321e+00,6.167825479111756160e+00,9.951567766173248231e+00,1.472556741736372210e+01,2.000000000000000000e+01
4.959317273111792079e-09,1.221253956935479999e-08,3.397220645808382291e-08,1.091204967598803506e-07,3.680081182824045170e-07,1.256712339826875624e-06,4.275277403356651528e-06,1.435612521910146668e-05,4.728713174073336314e-05,1.520473671059251024e-04,4.752672575234060033e-04,1.438611494641343956e-03,4.201004939487652107e-03,1.178949748744942058e-02,3.166834521817577658e-02,8.107642624259735198e-02,1.969377375389688156e-01,4.516698443214434144e-01,9.730639316037935638e-01,1.958751172610065261e+00,3.664663627062901607e+00,6.341339728607228388e+00,1.010976628167160385e+01,1.482077223733477744e+01,2.000000000000000000e+01
7.614069085196325848e-09,1.800336158156209643e-08,4.917123907065940653e-08,1.551312570267485267e-07,5.138377934043967582e-07,1.723080600935822330e-06,5.755041391673742571e-06,1.896918351186223508e-05,6.131951829532987237e-05,1.934656378392202755e-04,5.932912438855129358e-04,1.761691180523131074e-03,5.046229178852899670e-03,1.389103282138652237e-02,3.660352193208232102e-02,9.194509617475554730e-02,2.191979541849532753e-01,4.936455683436510866e-01,1.045037755981758520e+00,2.069177098008118332e+00,3.812936049000534844e+00,6.509741027725556961e+00,1.026152104834535805e+01,1.491140511622491616e+01,2.000000000000000000e+01
1.150043552333227719e-08,2.619245129324338740e-08,7.026849860297671970e-08,2.178357777031902929e-07,7.089482353371839726e-07,2.335535889983445464e-06,7.662030469198835016e-06,2.480163828877373562e-05,7.872151180757018215e-05,2.438351989878692041e-04,7.340150694147745724e-04,2.139309620693955697e-03,6.014516817448889094e-03,1.625056049356467247e-02,4.203411497621969972e-02,1.036676590593412911e-01,2.427367453994462854e-01,5.371819503455128597e-01,1.118308896708796185e+00,2.179634134364339282e+00,3.958889554565351965e+00,6.673223923042889361e+00,1.040724250281727947e+01,1.499781932266511042e+01,2.000000000000000000e+01
1.710712048063408650e-08,3.763354540340948169e-08,9.921282017173566397e-08,3.023328683927620927e-07,9.671760579605820543e-07,3.131513966318632673e-06,1.009528624409630617e-05,3.210646068472857887e-05,1.001102175350976169e-04,3.045780918531795865e-04,9.004945754990838821e-04,2.577486719600754778e-03,7.116462590950401942e-03,1.888398845067851620e-02,4.797839550325481289e-02,1.162537590128148585e-01,2.675333296692964935e-01,5.822018702553680702e-01,1.192738789856869541e+00,2.289975180889543438e+00,4.102489115511011697e+00,6.831978842350690861e+00,1.054730717200417978e+01,1.508033127028143738e+01,2.000000000000000000e+01
2.508529745391861163e-08,5.343546704492920338e-08,1.384859758179609786e-07,4.149877190695974909e-07,1.305450064243938448e-06,4.155884879061451590e-06,1.317104099277574096e-05,4.117414350146762861e-05,1.261784726822394161e-04,3.772536755404356308e-04,1.095998010263134681e-03,3.082488589394612958e-03,8.362759852279048542e-03,2.180676251419118652e-02,5.445301620944417026e-02,1.297099582130359918e-01,2.935634259341059482e-01,6.286277199952423622e-01,1.268196145525724461e+00,2.400068957959159199e+00,4.243714089479240670e+00,6.986191104274536379e+00,1.068206094327984879e+01,1.515922528390134971e+01,2.000000000000000000e+01
3.629235151298204670e-08,7.502367355698730878e-08,1.912176396890030950e-07,5.636722101148820072e-07,1.744297359866392756e-06,5.461972293081342842e-06,1.702460320544792722e-05,5.233573463146640360e-05,1.576986023222591603e-04,4.635605178961072523e-04,1.323999120919601771e-03,3.660799606920784634e-03,9.764140063493541299e-03,2.503378401126762909e-02,6.147297662999617190e-02,1.440398930040112102e-01,3.207997208647878074e-01,6.763820109877770603e-01,1.344557000124710022e+00,2.509798694564247423e+00,4.382555978875316782e+00,7.136040232761398983e+00,1.081182199919360087e+01,1.523475763982133024e+01,2.000000000000000000e+01
5.184457507594113482e-08,1.042129515158211371e-07,2.613180808354611373e-07,7.580353799314287654e-07,2.308397736334362911e-06,7.112636606858746889e-06,2.181228948255916722e-05,6.596579419637393124e-05,1.955257541221045207e-04,5.653372185259777612e-04,1.588168469029960748e-03,4.319092980927433101e-03,1.133131419271631544e-02,2.857933745946375156e-02,6.905160760465839376e-02,1.592444440554803831e-01,3.492123103462002609e-01,7.253878910063625840e-01,1.421704672283851112e+00,2.619060880702676286e+00,4.519016495544255108e+00,7.281699508605935733e+00,1.093688344821390146e+01,1.530716000594914483e+01,2.000000000000000000e+01
7.318001447257909222e-08,1.432925138717698480e-07,3.536300120693421021e-07,1.009805301857691919e-06,3.027185915284671093e-06,9.181416122821778366e-06,2.771338537820657076e-05,8.248524071510304973e-05,2.406007685170550821e-04,6.845621624669782348e-04,1.892363125582393214e-03,5.064200273123312633e-03,1.307491663426646120e-02,3.245702831720743281e-02,7.720057287614880137e-02,1.753219161181586161e-01,3.787691125359727295e-01,7.755695785989720203e-01,1.499529642799618312e+00,2.727764092396265383e+00,4.653105892786192577e+00,7.423335704248666289e+00,1.105751568170655474e+01,1.537664238343333878e+01,2.000000000000000000e+01
1.021327099695422030e-07,1.951247693715285603e-07,4.741009475774876191e-07,1.333123337682310288e-06,3.935500596471544824e-06,1.175371949661942609e-05,3.493211699358740190e-05,1.023640531852215647e-04,2.939525487948551480e-04,8.233522195988130518e-04,2.240614918538881388e-03,5.903080295905476990e-03,1.500545216039359843e-02,3.667973063091545943e-02,8.592988577276916562e-02,1.922682234979250782e-01,4.094362509579497766e-01,8.268527232972774366e-01,1.577929375890957386e+00,2.835827893329406990e+00,4.784841530303578949e+00,7.561108959293120435e+00,1.117396848543367405e+01,1.544339563226158063e+01,2.000000000000000000e+01
1.410196019034078967e-07,2.632590313376515477e-07,6.299773196403825270e-07,1.744911420508674137e-06,5.074278600463608386e-06,1.492806176371485828e-05,4.369961466102679815e-05,1.261237980823474536e-04,3.566999036097044575e-04,9.839604198623435466e-04,2.637117416257766123e-03,6.842787782399901292e-03,1.713324630747554977e-02,4.125954426120799490e-02,9.524793896521285830e-02,2.100770779312094716e-01,4.411784069710122935e-01,8.791646995892870020e-01,1.656808096260995677e+00,2.943181814357228809e+00,4.914246641549032013e+00,7.695172763120759818e+00,1.128647293161261267e+01,1.550759364810841845e+01,2.000000000000000000e+01
1.927413880099969705e-07,3.520614101894977578e-07,8.300214767280001196e-07,2.265272680661377025e-06,6.491291756578738819e-06,1.881733543673270090e-05,5.427584992291408249e-05,1.543399528733828191e-04,4.300528425498721511e-04,1.168772647606617851e-03,3.086211836327926780e-03,7.890442192535878849e-03,1.946839950031466204e-02,4.620776125296235243e-02,1.051615453646358167e-01,2.287401760681802843e-01,4.739591416565123727e-01,9.324348422519364021e-01,1.736076534020772666e+00,3.049764410127940639e+00,5.041349276555062708e+00,7.825674018089205042e+00,1.139524307522066948e+01,1.556939524557429699e+01,2.000000000000000000e+01
2.608986104855486144e-07,4.668620910831480904e-07,1.084752532875946571e-06,2.917925370889859320e-06,8.241923569618607719e-06,2.355010749828405074e-05,6.695152718765700337e-05,1.876440006134627797e-04,5.153133133448826921e-04,1.380303409796146711e-03,3.592372071300170989e-03,9.053196983693299893e-03,2.202074512670681300e-02,5.153484082422010032e-02,1.156759883343757150e-01,2.482473842530542874e-01,5.077411877141397856e-01,9.865946301617691816e-01,1.815651647413970560e+00,3.155522390642200747e+00,5.166181396632001821e+00,7.952753162449436530e+00,1.150047747590707559e+01,1.562894579321669042e+01,2.000000000000000000e+01
3.499242246913544549e-07,6.141211344106103188e-07,1.406711863568377911e-06,3.730669677749079232e-06,1.038998211708031553e-05,2.927193259060967813e-05,8.204991191735476637e-05,2.267252734647778629e-04,6.138753769602534310e-04,1.621190742321608263e-03,4.160189021062999336e-03,1.033820963733964385e-02,2.479981169170806729e-02,5.725039238425470162e-02,1.267950795126160379e-01,2.685869187280774950e-01,5.424867123695631399e-01,1.041577825167192550e+00,1.895456331460243948e+00,3.260409824600782880e+00,5.288778100303371588e+00,8.076544336606470864e+00,1.160236056465866383e+01,1.568637863792019260e+01,2.000000000000000000e+01
4.652338540622836514e-07,8.016138527525069685e-07,1.810753848823176867e-06,4.735886631290074208e-06,1.300854509200864793e-05,3.614667233046861767e-05,9.992857794449646919e-05,2.723325264506041600e-04,7.272248240569259429e-04,1.894190326274947404e-03,4.794354416700130801e-03,1.175261269515425096e-02,2.781478910749436359e-02,6.336316594833103777e-02,1.385212226805428715e-01,2.897455197780873237e-01,5.781575525988050801e-01,1.097320572045262121e+00,1.975419119080791486e+00,3.364387410765136810e+00,5.409176962512233899e+00,8.197175579911906595e+00,1.170106387230391221e+01,1.574181634979042066e+01,2.000000000000000000e+01
6.133948674832188912e-07,1.038636713772893612e-06,2.314362252641917668e-06,5.971067951593646208e-06,1.618083242434854139e-05,4.435781045665291558e-05,1.209810574984793792e-04,3.252752263562741432e-04,8.569382429825301607e-04,2.202168891826082175e-03,5.499644313105846519e-03,1.330348602038626885e-02,3.107449911054777081e-02,6.988104929276688082e-02,1.508554822541837981e-01,3.117086186764915778e-01,6.147154241831245258e-01,1.153761465002034248e+00,2.055473879953805039e+00,3.467421813189658586e+00,5.527417471492668710e+00,8.314769048004382768e+00,1.179674713505174921e+01,1.579537181357980025e+01,2.000000000000000000e+01
8.023153263793900138e-07,1.336234595439702890e-06,2.937992402620641625e-06,7.479375304537260407e-06,2.000110149282557478e-05,5.410975344627380910e-05,1.456383787149031237e-04,3.864245443323400110e-04,1.004681555531873648e-03,2.548096991363986256e-03,6.280902417927832632e-03,1.499783046340152567e-02,3.458736974297212108e-02,7.681107118588295646e-02,1.637976551233835398e-01,3.344604965927413520e-01,6.521221062411393099e-01,1.210841585624433003e+00,2.135559521240725012e+00,3.569485056013517621e+00,5.643540549778811588e+00,8.429441242955586944e+00,1.188955929055206973e+01,1.584714918842265696e+01,2.000000000000000000e+01
1.041453739683274065e-06,1.707450079191562035e-06,3.705439097716425945e-06,9.310227086455378915e-06,2.457555958563957939e-05,6.562910630939563107e-05,1.743704767673344327e-04,4.567140443727163760e-04,1.172208042108212203e-03,2.935041225960266769e-03,7.143023413036292749e-03,1.684254307517117633e-02,3.836141378868506563e-02,8.415941003552923627e-02,1.773463447045430519e-01,3.579844348785762298e-01,6.903396029568200643e-01,1.268504516664483495e+00,2.215619693399724532e+00,3.670553973471653908e+00,5.757588147644612242e+00,8.541303250255124269e+00,1.197963937643012144e+01,1.589724475418478278e+01,2.000000000000000000e+01
1.342050436760284726e-06,2.167595309938247422e-06,4.644229929472135295e-06,1.151991052352026180e-05,3.002328798555970932e-05,7.916591348187234365e-05,2.076874662676536296e-04,5.371400633690167096e-04,1.361355882600883728e-03,3.366156010120518495e-03,8.090936412128079888e-03,1.884439397932049717e-02,4.240421101753574090e-02,9.193140730956102236e-02,1.914990362120085055e-01,3.822628563686814029e-01,7.293302842455552382e-01,1.326696335540980876e+00,2.295602503535615568e+00,3.770609710858786379e+00,5.869602898856109086e+00,8.650460978072228357e+00,1.206711734187729590e+01,1.594574765987121978e+01,2.000000000000000000e+01
1.717381222746444955e-06,2.734546781064800146e-06,5.786043456019865720e-06,1.417221656164546013e-05,3.647717184568932024e-05,9.499485507331931189e-05,2.461407641924562750e-04,6.287617818270956104e-04,1.574045243254608125e-03,3.844674959363691101e-03,9.129588684669218135e-03,2.101000498263476748e-02,4.672289406043027976e-02,1.001315851096246934e-01,2.062521722843026484e-01,4.072774575144256781e-01,7.690570070865205832e-01,1.385365590983510087e+00,2.375460238102907073e+00,3.869637272325759270e+00,5.979627829999865085e+00,8.757015395342200748e+00,1.215211478166415482e+01,1.599274058716844316e+01,2.000000000000000000e+01
2.183033819362262932e-06,3.429063220145055990e-06,7.167151422493434738e-06,1.733909474076331445e-05,4.408482988700557838e-05,1.134163891792018585e-04,2.903240542755526469e-04,7.327009875272882163e-04,1.812274943044413830e-03,4.373901983576132350e-03,1.026392976251760264e-02,2.334582997583908512e-02,5.132413771561517707e-02,1.087636673088822753e-01,2.216012282243375042e-01,4.330093313206629935e-01,8.094832192071714783e-01,1.444463265821289255e+00,2.455149096260973440e+00,3.967625111580459496e+00,6.087706115850140876e+00,8.861062766100751276e+00,1.223474560086398455e+01,1.603830034023077644e+01,2.000000000000000000e+01
2.757207419199497818e-06,4.275126559291424483e-06,8.828883979567204480e-06,2.110132499701886663e-05,5.300953788710851118e-05,1.347578315198865535e-04,3.408740855283323712e-04,8.501415373791366362e-04,2.078118735605670887e-03,4.957202166490645885e-03,1.149889603156208084e-02,2.585813715115758971e-02,5.621415146964119786e-02,1.178306036991015604e-01,2.375407862264564685e-01,4.594390811787588125e-01,8.505730467423234797e-01,1.503942728535055506e+00,2.534628934759570740e+00,4.064564761787911706e+00,6.193880874275583537e+00,8.962694878178112390e+00,1.231511661762316834e+01,1.608249837118156833e+01,2.000000000000000000e+01
3.461035495052958291e-06,5.300305775546104355e-06,1.081811661702554255e-05,2.554920312059735685e-05,6.343113993946696591e-05,1.593743643111240698e-04,3.984712992808250170e-04,9.823285254361468263e-04,2.373721244631148315e-03,5.597992508205128573e-03,1.283939589683109547e-02,2.855299304065877369e-02,6.139867500547113027e-02,1.273345966303647547e-01,2.540646080671725704e-01,4.865469257874941444e-01,8.922913674121597527e-01,1.563759675843389374e+00,2.613863024893837039e+00,4.160450501202435980e+00,6.298194995083758130e+00,9.061999264905262308e+00,1.239332811047485805e+01,1.612540124942809427e+01,2.000000000000000000e+01
